,datetime,spot,futures,rs,rf
0,2020-07-03 17:00:00,9094.44,9162.75,-0.0008067610083975655,-0.0020170089699084624
1,2020-07-03 18:00:00,9091.26,9170.75,-0.00034972533720581975,0.0008727193943065902
2,2020-07-03 19:00:00,9082.73,9150.75,-0.0009387042280052898,-0.0021832282230321875
3,2020-07-03 20:00:00,9089.7,9153.25,0.000767096127681824,0.0002731643373628561
4,2020-07-03 21:00:00,9092.91,9160.25,0.0003530846268327765,0.0007644634112434061
5,2020-07-03 22:00:00,9098.77,9161.75,0.000644250580780642,0.00016373758359905375
6,2020-07-03 23:00:00,9086.75,9154.75,-0.001321931047384312,-0.0007643382022537506
7,2020-07-04 00:00:00,9063.58,9139.75,-0.0025531230105474414,-0.001639837476983031
8,2020-07-04 01:00:00,9071.42,9139.75,0.0008646264668783232,0.0
9,2020-07-04 02:00:00,9073.6,9138.25,0.00024028631663013903,-0.00016413174344756109
10,2020-07-04 03:00:00,9085.65,9156.25,0.0013271475164072179,0.0019678051664037076
11,2020-07-04 04:00:00,9083.08,9153.25,-0.0002829036500779902,-0.0003276987385615759
12,2020-07-04 05:00:00,9086.37,9160.75,0.00036214635401271556,0.0008190455847189661
13,2020-07-04 06:00:00,9090.64,9157.75,0.00046982425366363007,-0.0003275377380047574
14,2020-07-04 07:00:00,9077.59,9143.25,-0.0014365738703573563,-0.0015846131942652004
15,2020-07-04 08:00:00,9073.1,9142.75,-0.0004947470417472669,-5.468664553476676e-05
16,2020-07-04 09:00:00,9079.03,9152.75,0.0006533668733039909,0.0010931650947873263
17,2020-07-04 10:00:00,9073.18,9141.75,-0.0006445496391380897,-0.0012025473585623894
18,2020-07-04 11:00:00,9063.54,9130.75,-0.0010630368564772635,-0.0012039952200087005
19,2020-07-04 12:00:00,9063.03,9132.5,-5.6270987852080886e-05,0.00019164168539060846
20,2020-07-04 13:00:00,9071.09,9145.25,0.0008889320828086581,0.0013951391246804902
21,2020-07-04 14:00:00,9081.72,9153.75,0.0011711686747165465,0.0009290125811616131
22,2020-07-04 15:00:00,9073.11,9143.25,-0.0009485079888393482,-0.0011477292619142556
23,2020-07-04 16:00:00,9066.27,9127.75,-0.0007541603212670467,-0.0016966782024347073
24,2020-07-04 17:00:00,9074.04,9139.75,0.0008566557545239238,0.0013138088655912372
25,2020-07-04 18:00:00,9171.8,9251.75,0.010715969831623207,0.01217969002512059
26,2020-07-04 19:00:00,9144.56,9223.25,-0.0029743923009494066,-0.003085252785614073
27,2020-07-04 20:00:00,9129.88,9201.75,-0.0016066159245028233,-0.0023337866766263214
28,2020-07-04 21:00:00,9129.09,9200.75,-8.653281105034517e-05,-0.0001086808858561807
29,2020-07-04 22:00:00,9121.48,9196.25,-0.0008339466045216678,-0.0004892102070715229
30,2020-07-04 23:00:00,9130.82,9202.75,0.0010234327526106395,0.000706560168532433
31,2020-07-05 00:00:00,9139.63,9209.75,0.0009643988717106637,0.000760353057677921
32,2020-07-05 01:00:00,9136.61,9204.75,-0.00033048373489135004,-0.0005430503269571954
33,2020-07-05 02:00:00,9129.69,9197.75,-0.0007576794787178045,-0.0007607662369366331
34,2020-07-05 03:00:00,9122.02,9191.75,-0.0008404692438680642,-0.0006525463131579264
35,2020-07-05 04:00:00,9129.97,9193.75,0.0008711379419732921,0.00021756275411485563
36,2020-07-05 05:00:00,9124.9,9193.75,-0.0005554682263264186,0.0
37,2020-07-05 06:00:00,9074.76,9133.75,-0.005510006984182627,-0.006547561244320034
38,2020-07-05 07:00:00,9060.0,9123.75,-0.0016278134653257804,-0.0010954403395855264
39,2020-07-05 08:00:00,9065.62,9131.25,0.0006201167386381094,0.0008216927331676007
40,2020-07-05 09:00:00,9071.41,9136.25,0.0006384728036166258,0.0005474202955918892
41,2020-07-05 10:00:00,9018.5,9122.25,-0.005849686469025665,-0.0015335326279459513
42,2020-07-05 11:00:00,9029.9,9090.75,0.0012632700423371114,-0.0034590711479243795
43,2020-07-05 12:00:00,9036.86,9096.25,0.0007704757625946677,0.0006048276425651935
44,2020-07-05 13:00:00,9043.26,9097.25,0.0007079599324905661,0.00010992937049013435
45,2020-07-05 14:00:00,9013.81,9087.75,-0.0032618831418429464,-0.0010448172520447962
46,2020-07-05 15:00:00,9036.08,9096.25,0.0024676063178576393,0.0009348878815544758
47,2020-07-05 16:00:00,9029.64,9091.75,-0.0007129525170088834,-0.0004948317672995246
48,2020-07-05 17:00:00,9033.66,9085.25,0.00044510140078156597,-0.0007151895557089593
49,2020-07-05 18:00:00,9033.78,9095.25,1.3283564246175948e-05,0.0011000798667230108
50,2020-07-05 19:00:00,9043.19,9102.75,0.0010411037745768868,0.0008242664495695779
51,2020-07-05 20:00:00,9031.45,9091.25,-0.0012990578679284842,-0.0012641531858300654
52,2020-07-05 21:00:00,9014.28,9084.75,-0.0019029438189894817,-0.0007152289037291994
53,2020-07-05 22:00:00,9033.34,9095.25,0.0021121906474216197,0.0011551156399895346
54,2020-07-05 23:00:00,9079.01,9147.0,0.005042978607250511,0.005673657451353538
55,2020-07-06 00:00:00,9078.95,9155.25,-6.608671899191788e-06,0.0009015285616542088
56,2020-07-06 01:00:00,9069.32,9141.75,-0.0010612582801370954,-0.0014756520139632503
57,2020-07-06 02:00:00,9086.21,9159.25,0.0018605906709942789,0.001912464382698469
58,2020-07-06 03:00:00,9096.04,9169.75,0.001081274425083244,0.0011457254785968598
59,2020-07-06 04:00:00,9089.82,9164.75,-0.000684047962817377,-0.0005454198504405317
60,2020-07-06 05:00:00,9095.96,9169.75,0.000675252888058855,0.0005454198504406127
61,2020-07-06 06:00:00,9111.93,9178.0,0.0017541850368377947,0.0008992928894278586
62,2020-07-06 07:00:00,9225.19,9294.75,0.01235324198242968,0.012640408658314393
63,2020-07-06 08:00:00,9198.62,9275.25,-0.0028843131165845154,-0.0021001623228171307
64,2020-07-06 09:00:00,9192.52,9268.5,-0.000663362926245219,-0.0007280081211321596
65,2020-07-06 10:00:00,9202.27,9281.75,0.0010600828727119925,0.0014285524187912378
66,2020-07-06 11:00:00,9193.4,9267.75,-0.0009643574479663112,-0.0015094749355256576
67,2020-07-06 12:00:00,9227.32,9309.75,0.0036828135206874208,0.004521606411757441
68,2020-07-06 13:00:00,9272.69,9363.5,0.004904872046921228,0.0057569141363961905
69,2020-07-06 14:00:00,9254.25,9351.75,-0.0019906154053630463,-0.0012556606557578137
70,2020-07-06 15:00:00,9257.25,9347.0,0.0003241228453950084,-0.0005080553622217794
71,2020-07-06 16:00:00,9305.26,9395.25,0.005172803360518471,0.005148806209827482
72,2020-07-06 17:00:00,9317.04,9414.75,0.0012651500159766033,0.0020733659740164896
73,2020-07-06 18:00:00,9314.02,9408.25,-0.00032418982349369756,-0.0006906444518269576
74,2020-07-06 19:00:00,9299.14,9393.25,-0.0015988690979838534,-0.001595617709490748
75,2020-07-06 20:00:00,9294.93,9393.5,-0.00045283255058628784,2.661450224374756e-05
76,2020-07-06 21:00:00,9278.78,9377.25,-0.0017390175759225425,-0.0017314176641349281
77,2020-07-06 22:00:00,9280.55,9385.75,0.00019073964473553521,0.0009060385419682563
78,2020-07-06 23:00:00,9289.97,9390.75,0.001014511258483605,0.0005325806319798173
79,2020-07-07 00:00:00,9347.1,9456.25,0.006130811221355999,0.006950736319499216
80,2020-07-07 01:00:00,9332.19,9442.25,-0.0015964207597381937,-0.001481599339735204
81,2020-07-07 02:00:00,9314.19,9413.25,-0.0019306702524812746,-0.0030760279882656614
82,2020-07-07 03:00:00,9282.18,9370.25,-0.003442610747587174,-0.0045784944356480764
83,2020-07-07 04:00:00,9298.11,9393.25,0.0017147206963083288,0.002451569432092618
84,2020-07-07 05:00:00,9284.05,9377.75,-0.0015132796922570511,-0.0016514840469757325
85,2020-07-07 06:00:00,9285.36,9365.5,0.00014109225895426742,-0.0013071374221871389
86,2020-07-07 07:00:00,9273.72,9360.75,-0.0012543726872504975,-0.0005073092692741574
87,2020-07-07 08:00:00,9262.17,9355.25,-0.0012462311218775926,-0.0005877324383758756
88,2020-07-07 09:00:00,9267.14,9359.75,0.0005364474035123062,0.00048089768492906376
89,2020-07-07 10:00:00,9226.51,9313.75,-0.004393947692262525,-0.004926777845288703
90,2020-07-07 11:00:00,9248.84,9339.25,0.0024172760865979206,0.0027341463448833547
91,2020-07-07 12:00:00,9271.82,9360.75,0.0024815543066804145,0.0022994662538520253
92,2020-07-07 13:00:00,9269.47,9352.75,-0.0002534882969398911,-0.0008549977809974073
93,2020-07-07 14:00:00,9261.62,9343.25,-0.0008472249036136399,-0.001016260250066479
94,2020-07-07 15:00:00,9256.42,9339.25,-0.0005616145268806418,-0.0004282082227882984
95,2020-07-07 16:00:00,9276.56,9355.25,0.0021734235862834357,0.0017117338154761358
96,2020-07-07 17:00:00,9263.87,9345.75,-0.0013689005035628264,-0.001015988537210244
97,2020-07-07 18:00:00,9282.99,9363.75,0.002061805262273311,0.0019241567710059164
98,2020-07-07 19:00:00,9271.2,9344.75,-0.0012708721412090904,-0.002031163004221196
99,2020-07-07 20:00:00,9236.57,9319.75,-0.003742216421938676,-0.0026788839723402443
100,2020-07-07 21:00:00,9254.46,9323.75,0.0019349928675658572,0.000429103983841713
101,2020-07-07 22:00:00,9247.23,9325.25,-0.000781550265734586,0.00016086653474546014
102,2020-07-07 23:00:00,9247.95,9327.25,7.785812307469823e-05,0.0002144484661749276
103,2020-07-08 00:00:00,9257.0,9334.25,0.000978116744062612,0.0007502076819448928
104,2020-07-08 01:00:00,9244.18,9326.75,-0.001385857772514213,-0.0008038154872540796
105,2020-07-08 02:00:00,9276.6,9360.25,0.0035009360419068877,0.0035853840516731064
106,2020-07-08 03:00:00,9301.4,9382.75,0.002669826109499338,0.002400897487923843
107,2020-07-08 04:00:00,9305.78,9389.0,0.0004707860171072753,0.0006658942539661901
108,2020-07-08 05:00:00,9264.28,9348.75,-0.004469567582142586,-0.004296146752670088
109,2020-07-08 06:00:00,9270.83,9357.25,0.0007067668087919753,0.0009087993782769506
110,2020-07-08 07:00:00,9264.68,9351.25,-0.0006635911529470189,-0.0006414196975396094
111,2020-07-08 08:00:00,9283.75,9370.25,0.0020562394465933756,0.00202975258640243
112,2020-07-08 09:00:00,9282.23,9368.75,-0.00016374034695684365,-0.00016009392210932893
113,2020-07-08 10:00:00,9282.79,9363.75,6.0328510302935246e-05,-0.0005338315888152035
114,2020-07-08 11:00:00,9297.96,9389.25,0.0016328730939938001,0.002719566545788792
115,2020-07-08 12:00:00,9312.2,9399.75,0.0015303471629616056,0.0011176753518599375
116,2020-07-08 13:00:00,9294.42,9377.25,-0.0019111483344927218,-0.0023965501165225363
117,2020-07-08 14:00:00,9445.44,9549.0,0.016117865276195492,0.01814989390698378
118,2020-07-08 15:00:00,9430.75,9524.75,-0.0015564584765909919,-0.0025427630189120564
119,2020-07-08 16:00:00,9415.96,9511.75,-0.0015695050261902458,-0.0013657974964781483
120,2020-07-08 17:00:00,9415.36,9511.25,-6.372362640550865e-05,-5.2567944079867796e-05
121,2020-07-08 18:00:00,9425.4,9522.25,0.0010657745176254482,0.001155856907523176
122,2020-07-08 19:00:00,9419.16,9510.25,-0.0006622601141194745,-0.0012610010865754103
123,2020-07-08 20:00:00,9440.26,9532.75,0.0022376095133140746,0.0023630741448534606
124,2020-07-08 21:00:00,9431.56,9527.75,-0.0009220097072062713,-0.0005246452207117503
125,2020-07-08 22:00:00,9434.28,9531.75,0.000288351859111238,0.000419738194467599
126,2020-07-08 23:00:00,9454.59,9561.75,0.002150473567452936,0.0031424332560518755
127,2020-07-09 00:00:00,9440.18,9525.75,-0.0015252900981329994,-0.003772106633802774
128,2020-07-09 01:00:00,9414.27,9503.25,-0.002748424516227317,-0.0023648127054112355
129,2020-07-09 02:00:00,9385.35,9480.25,-0.003076660359376244,-0.002423158137759772
130,2020-07-09 03:00:00,9382.08,9473.25,-0.000348476060184267,-0.0007386498871732118
131,2020-07-09 04:00:00,9387.76,9479.5,0.000605226275064833,0.0006595349198987388
132,2020-07-09 05:00:00,9385.95,9473.25,-0.00019282283636084773,-0.0006595349198987804
133,2020-07-09 06:00:00,9380.21,9468.75,-0.000611739447921831,-0.00047513463041469147
134,2020-07-09 07:00:00,9410.4,9502.75,0.003213309836868609,0.0035843276916399623
135,2020-07-09 08:00:00,9400.88,9498.25,-0.0010121587486596703,-0.00047365928994601536
136,2020-07-09 09:00:00,9396.7,9488.25,-0.0004447381065962527,-0.0010533801305848188
137,2020-07-09 10:00:00,9385.55,9485.75,-0.001187291331955605,-0.00026351850052362197
138,2020-07-09 11:00:00,9365.83,9463.75,-0.0021033126383210444,-0.0023219620448487184
139,2020-07-09 12:00:00,9400.72,9494.75,0.0037183222487727962,0.003270303835056005
140,2020-07-09 13:00:00,9427.85,9518.5,0.0028817928048288067,0.002498259093271107
141,2020-07-09 14:00:00,9395.03,9482.75,-0.003487248843967161,-0.0037629147749314476
142,2020-07-09 15:00:00,9297.21,9389.75,-0.010466470897988236,-0.009855689791187786
143,2020-07-09 16:00:00,9209.61,9292.75,-0.009466851056452069,-0.01038414255347347
144,2020-07-09 17:00:00,9219.33,9288.0,0.001054862721492822,-0.0005112818485233315
145,2020-07-09 18:00:00,9208.27,9282.75,-0.0012003734971484346,-0.0005654052894860155
146,2020-07-09 19:00:00,9228.94,9305.75,0.0022422056981338356,0.0024746495669317565
147,2020-07-09 20:00:00,9220.03,9296.75,-0.0009659076569299921,-0.0009676119556193554
148,2020-07-09 21:00:00,9236.86,9315.25,0.0018237097002364749,0.001987965408626329
149,2020-07-09 22:00:00,9251.77,9322.25,0.0016128835108096813,0.0007511737442417876
150,2020-07-09 23:00:00,9246.32,9315.25,-0.0005892500423226918,-0.0007511737442418058
151,2020-07-10 00:00:00,9237.54,9316.75,-0.0009500180871693315,0.00016101331078141883
152,2020-07-10 01:00:00,9216.44,9303.25,-0.0022867705714307964,-0.001450053959773194
153,2020-07-10 02:00:00,9222.57,9305.25,0.0006648947232883435,0.00021495553190219283
154,2020-07-10 03:00:00,9214.21,9302.75,-0.0009068829343263138,-0.0002687016353226566
155,2020-07-10 04:00:00,9216.72,9298.25,0.00027236824354688583,-0.0004838449640116325
156,2020-07-10 05:00:00,9139.09,9233.25,-0.008458407755777381,-0.007015111195922363
157,2020-07-10 06:00:00,9145.28,9223.25,0.0006770810519015526,-0.0010836291798058668
158,2020-07-10 07:00:00,9138.72,9228.0,-0.0007175673027216607,0.0005148702776160512
159,2020-07-10 08:00:00,9148.28,9231.25,0.0010455515799091405,0.000352126986045726
160,2020-07-10 09:00:00,9169.08,9253.75,0.0022710706062575563,0.0024344074776181668
161,2020-07-10 10:00:00,9181.05,9265.25,0.0013046230950717957,0.001241967868482484
162,2020-07-10 11:00:00,9180.65,9262.75,-4.356895059425284e-05,-0.0002698618323804399
163,2020-07-10 12:00:00,9160.02,9245.25,-0.0022496461362144565,-0.0018910746936717394
164,2020-07-10 13:00:00,9183.33,9268.25,0.0025415218645726077,0.00248467462476014
165,2020-07-10 14:00:00,9176.34,9256.75,-0.0007614516315095414,-0.0012415656115796498
166,2020-07-10 15:00:00,9188.1,9272.25,0.0012807362062201599,0.0016730534422271682
167,2020-07-10 16:00:00,9241.69,9330.25,0.005815600833196159,0.006235741211286236
168,2020-07-10 17:00:00,9221.63,9309.25,-0.002172957831331056,-0.0022532802795380657
169,2020-07-10 18:00:00,9221.3,9299.75,-3.5786070872173235e-05,-0.0010210114272969175
170,2020-07-10 19:00:00,9217.1,9299.75,-0.0004555709901769957,0.0
171,2020-07-10 20:00:00,9232.37,9319.75,0.0016553324823758938,0.0021482862259339106
172,2020-07-10 21:00:00,9232.49,9316.75,1.2997661504217644e-05,-0.0003219488665696431
173,2020-07-10 22:00:00,9218.37,9305.75,-0.0015305522622194073,-0.001181366763788446
174,2020-07-10 23:00:00,9231.27,9320.25,0.0013984014975025152,0.0015569636990405624
175,2020-07-11 00:00:00,9289.75,9370.75,0.006315007957997535,0.00540368336444353
176,2020-07-11 01:00:00,9279.92,9373.75,-0.0010587157357332207,0.0003200938969421383
177,2020-07-11 02:00:00,9284.24,9363.75,0.00046541293309028674,-0.0010673783535064703
178,2020-07-11 03:00:00,9275.71,9355.75,-0.0009191835754495801,-0.0008547237358941813
179,2020-07-11 04:00:00,9266.25,9343.25,-0.0010203884401440138,-0.0013369700905896155
180,2020-07-11 05:00:00,9257.73,9337.75,-0.0009198887712899219,-0.0005888335912333718
181,2020-07-11 06:00:00,9259.59,9344.75,0.00020089300247077643,0.0007493644134960107
182,2020-07-11 07:00:00,9259.2,9342.25,-4.211938253600491e-05,-0.0002675656889725499
183,2020-07-11 08:00:00,9271.08,9359.25,0.0012822258085319084,0.001818036487174376
184,2020-07-11 09:00:00,9262.34,9356.75,-0.0009431611270764839,-0.00026715110225140713
185,2020-07-11 10:00:00,9209.56,9300.25,-0.00571464155142217,-0.00605672645335153
186,2020-07-11 11:00:00,9212.75,9300.25,0.00034631922184381875,0.0
187,2020-07-11 12:00:00,9203.62,9290.25,-0.0009915092657203182,-0.0010758183980514654
188,2020-07-11 13:00:00,9210.75,9300.25,0.0007743952528718836,0.0010758183980514868
189,2020-07-11 14:00:00,9226.58,9312.75,0.0017171687971941757,0.0013431474645906726
190,2020-07-11 15:00:00,9233.16,9313.75,0.0007129028121392972,0.00010737390287599819
191,2020-07-11 16:00:00,9228.65,9314.75,-0.0004885761569114313,0.0001073623749588316
192,2020-07-11 17:00:00,9216.6,9303.25,-0.001306569627870159,-0.001235363783707682
193,2020-07-11 18:00:00,9222.34,9304.25,0.0006225954621484822,0.00010748354168628323
194,2020-07-11 19:00:00,9226.6,9309.75,0.00046181515856316983,0.0005909530632923146
195,2020-07-11 20:00:00,9208.49,9292.25,-0.001964732021991046,-0.0018815186713970085
196,2020-07-11 21:00:00,9216.55,9288.75,0.000874896392531251,-0.0003767289210908196
197,2020-07-11 22:00:00,9223.73,9299.75,0.0007787300803287444,0.0011835275879182457
198,2020-07-11 23:00:00,9219.6,9303.25,-0.0004478583931460327,0.0003762833995910674
199,2020-07-12 00:00:00,9236.34,9324.75,0.0018140506081660364,0.002308354041968282
200,2020-07-12 01:00:00,9252.14,9336.75,0.0017091728304696812,0.0012860704288483052
201,2020-07-12 02:00:00,9272.38,9366.25,0.002185212686114739,0.003154576748515567
202,2020-07-12 03:00:00,9272.28,9365.25,-1.0784775779098342e-05,-0.00010677201515629081
203,2020-07-12 04:00:00,9275.8,9363.25,0.0003795541147393152,-0.0002135782371895952
204,2020-07-12 05:00:00,9270.14,9360.25,-0.000610376198318718,-0.0003204529095172031
205,2020-07-12 06:00:00,9271.17,9359.25,0.00011110326088714057,-0.00010684046058402757
206,2020-07-12 07:00:00,9258.15,9349.25,-0.0014053405244073291,-0.0010690328943912483
207,2020-07-12 08:00:00,9255.58,9345.25,-0.0002776317918115479,-0.0004279333559113051
208,2020-07-12 09:00:00,9255.31,9345.75,-2.917201712289844e-05,5.3501685315806675e-05
209,2020-07-12 10:00:00,9261.87,9348.75,0.0007085312422773044,0.00032095001479066725
210,2020-07-12 11:00:00,9262.14,9356.25,2.9151355458998267e-05,0.000801924662061144
211,2020-07-12 12:00:00,9248.84,9339.25,-0.0014369852151129468,-0.0018186199551178193
212,2020-07-12 13:00:00,9268.85,9357.75,0.00216117753222697,0.0019789277464196883
213,2020-07-12 14:00:00,9214.88,9301.75,-0.005839746996581347,-0.006002322477020585
214,2020-07-12 15:00:00,9220.73,9309.75,0.0006346413486020583,0.0008596835819470822
215,2020-07-12 16:00:00,9217.12,9309.75,-0.0003915857918497227,0.0
216,2020-07-12 17:00:00,9216.93,9304.75,-2.0614026761002847e-05,-0.0005372156244057589
217,2020-07-12 18:00:00,9217.26,9298.25,3.5803037728776086e-05,-0.0006988120480047944
218,2020-07-12 19:00:00,9219.38,9295.75,0.00022997682976326996,-0.00026890394913028925
219,2020-07-12 20:00:00,9221.03,9308.25,0.00017895480679717962,0.0013437972351141394
220,2020-07-12 21:00:00,9231.69,9307.75,0.001155385350869659,-5.371723250113691e-05
221,2020-07-12 22:00:00,9268.18,9359.75,0.003944897701670114,0.005571194267986736
222,2020-07-12 23:00:00,9295.49,9377.25,0.002942308250716678,0.0018679623299928721
223,2020-07-13 00:00:00,9302.26,9382.25,0.0007280450913725165,0.0005330632605770726
224,2020-07-13 01:00:00,9273.99,9355.75,-0.0030436737042533325,-0.002828478777597338
225,2020-07-13 02:00:00,9282.25,9376.5,0.0008902666214228314,0.002215431513778128
226,2020-07-13 03:00:00,9279.8,9370.75,-0.00026397946500821646,-0.0006134233213195936
227,2020-07-13 04:00:00,9271.43,9362.75,-0.0009023661038053348,-0.0008540849799885585
228,2020-07-13 05:00:00,9267.26,9359.25,-0.0004498699822185777,-0.00037389168259523186
229,2020-07-13 06:00:00,9281.77,9372.25,0.0015645026138443364,0.0013880364185674678
230,2020-07-13 07:00:00,9259.88,9348.75,-0.00236117175871294,-0.0025105509687636408
231,2020-07-13 08:00:00,9268.12,9354.25,0.0008894646527695319,0.0005881409569097004
232,2020-07-13 09:00:00,9279.34,9372.25,0.0012098693156514491,0.0019224100118538767
233,2020-07-13 10:00:00,9280.9,9375.75,0.00016810127494819543,0.0003733731641413144
234,2020-07-13 11:00:00,9285.85,9383.25,0.0005332112639294826,0.0007996162268368961
235,2020-07-13 12:00:00,9305.9,9401.25,0.0021568714911586167,0.0019164742749938478
236,2020-07-13 13:00:00,9316.41,9415.25,0.001128753749227338,0.0014880559703836138
237,2020-07-13 14:00:00,9318.23,9419.75,0.00019533513990999715,0.00047783382910767525
238,2020-07-13 15:00:00,9303.12,9397.75,-0.001622868730384212,-0.0023382500357210273
239,2020-07-13 16:00:00,9289.35,9383.25,-0.0014812450973662981,-0.0015441140387641176
240,2020-07-13 17:00:00,9301.96,9392.25,0.0013565479714732738,0.0009586962466325027
241,2020-07-13 18:00:00,9314.09,9405.25,0.0013031767444401517,0.0013831628751235254
242,2020-07-13 19:00:00,9285.48,9372.25,-0.0030764176338026867,-0.0035148485127342514
243,2020-07-13 20:00:00,9227.91,9316.25,-0.006219302414722411,-0.005993008278737384
244,2020-07-13 21:00:00,9248.2,9336.25,0.0021963506556852202,0.002144485475372739
245,2020-07-13 22:00:00,9247.29,9330.75,-9.840236735919455e-05,-0.0005892752085663537
246,2020-07-13 23:00:00,9237.54,9323.25,-0.001054919185536938,-0.0008041171227755511
247,2020-07-14 00:00:00,9237.15,9321.25,-4.2219923588349575e-05,-0.00021454048192990133
248,2020-07-14 01:00:00,9219.23,9307.75,-0.0019418765360473612,-0.0014493534127654308
249,2020-07-14 02:00:00,9232.91,9320.25,0.001482755117440305,0.001342065908974545
250,2020-07-14 03:00:00,9220.3,9305.25,-0.0013667000985540772,-0.00161069536312302
251,2020-07-14 04:00:00,9214.91,9302.75,-0.0005847506107697229,-0.0002687016353226566
252,2020-07-14 05:00:00,9186.71,9270.75,-0.0030649499419839288,-0.003445772919725729
253,2020-07-14 06:00:00,9181.51,9269.25,-0.0005661953241974677,-0.0001618122980876506
254,2020-07-14 07:00:00,9185.94,9273.75,0.0004823750804712496,0.00048535836578106697
255,2020-07-14 08:00:00,9179.55,9263.25,-0.0006958703805731778,-0.0011328695175022543
256,2020-07-14 09:00:00,9194.43,9280.25,0.0016196820996843965,0.0018335270863192644
257,2020-07-14 10:00:00,9196.42,9282.75,0.00021641196657746917,0.00026935301568867855
258,2020-07-14 11:00:00,9179.68,9257.25,-0.0018219322522858002,-0.0027508107960935928
259,2020-07-14 12:00:00,9230.49,9313.5,0.005519789225936888,0.00605793218090933
260,2020-07-14 13:00:00,9207.38,9306.25,-0.002506798464465867,-0.0007787430407380475
261,2020-07-14 14:00:00,9201.87,9286.25,-0.0005986121286347938,-0.002151405966303154
262,2020-07-14 15:00:00,9212.98,9309.25,0.0012066350090261004,0.002473718020878288
263,2020-07-14 16:00:00,9220.54,9324.75,0.0008202449042686677,0.0016636260142625012
264,2020-07-14 17:00:00,9226.01,9322.75,0.0005930648452233426,-0.00021450596676962882
265,2020-07-14 18:00:00,9250.22,9346.25,0.0026206659969015005,0.0025175437797384523
266,2020-07-14 19:00:00,9250.84,9350.25,6.702318680474242e-05,0.0004278875790687206
267,2020-07-14 20:00:00,9268.1,9364.75,0.0018640381142426994,0.0015495594871888741
268,2020-07-14 21:00:00,9274.14,9369.25,0.0006514854962109078,0.00048040995906347534
269,2020-07-14 22:00:00,9242.74,9337.75,-0.003391503330762585,-0.003367726495070944
270,2020-07-14 23:00:00,9254.57,9350.25,0.0012791050820828772,0.0013377570488186216
271,2020-07-15 00:00:00,9256.91,9343.25,0.00025281609168613996,-0.0007489234575850825
272,2020-07-15 01:00:00,9261.29,9350.25,0.00047304814524931567,0.0007489234575851153
273,2020-07-15 02:00:00,9249.9,9340.75,-0.0012306071557164273,-0.0010165321082937252
274,2020-07-15 03:00:00,9244.41,9330.75,-0.0005936961326221007,-0.0010711513221902005
275,2020-07-15 04:00:00,9233.57,9336.25,-0.0011732885568156055,0.0005892752085662925
276,2020-07-15 05:00:00,9243.64,9332.75,0.0010899915081333193,-0.0003749531352515655
277,2020-07-15 06:00:00,9240.85,9330.75,-0.0003018747091411422,-0.00021432207331485348
278,2020-07-15 07:00:00,9230.82,9324.75,-0.0010859874592558261,-0.0006432419615534728
279,2020-07-15 08:00:00,9229.16,9319.75,-0.00017984851603030307,-0.0005363512156253524
280,2020-07-15 09:00:00,9214.86,9310.25,-0.0015506384037034958,-0.0010198605285480606
281,2020-07-15 10:00:00,9218.95,9304.75,0.0004437498343658315,-0.0005909213172220568
282,2020-07-15 11:00:00,9237.73,9334.25,0.0020350362558429567,0.003165408512477185
283,2020-07-15 12:00:00,9213.86,9310.25,-0.002587312347157882,-0.0025744871952551327
284,2020-07-15 13:00:00,9238.99,9331.75,0.0027237001910992787,0.00230662048412807
285,2020-07-15 14:00:00,9222.26,9316.25,-0.0018124454822700865,-0.0016623770452077631
286,2020-07-15 15:00:00,9239.18,9335.25,0.0018330102892836788,0.0020373703532930157
287,2020-07-15 16:00:00,9198.22,9299.25,-0.00444315005202251,-0.00386380582113556
288,2020-07-15 17:00:00,9204.03,9298.75,0.0006314445454278074,-5.3769222510039026e-05
289,2020-07-15 18:00:00,9199.68,9295.25,-0.0004727307788495061,-0.0003764655309601328
290,2020-07-15 19:00:00,9179.83,9273.75,-0.0021600148989593428,-0.002315688470855301
291,2020-07-15 20:00:00,9172.92,9267.25,-0.0007530207000608251,-0.0007011488340746063
292,2020-07-15 21:00:00,9213.52,9307.75,0.004416305275809101,0.0043607067755780686
293,2020-07-15 22:00:00,9225.71,9316.75,0.0013221812164436297,0.0009664689737223908
294,2020-07-15 23:00:00,9203.47,9303.25,-0.0024135648787642723,-0.001450053959773194
295,2020-07-16 00:00:00,9192.5,9285.75,-0.0011926526625482478,-0.0018828344902778735
296,2020-07-16 01:00:00,9207.26,9300.75,0.0016043690967731292,0.001614075082080763
297,2020-07-16 02:00:00,9211.75,9305.25,0.0004875397851391639,0.00048371494009913894
298,2020-07-16 03:00:00,9194.5,9293.25,-0.0018743638764313136,-0.00129042682637857
299,2020-07-16 04:00:00,9195.31,9286.25,8.809226419661334e-05,-0.0007535186986960329
300,2020-07-16 05:00:00,9197.18,9294.25,0.00020334386550634098,0.0008611178918058416
301,2020-07-16 06:00:00,9193.07,9295.75,-0.0004469759865611474,0.00016137708480428383
302,2020-07-16 07:00:00,9168.19,9252.75,-0.0027100553259837984,-0.00463650182294245
303,2020-07-16 08:00:00,9114.1,9202.75,-0.005917219103643803,-0.005418452204676994
304,2020-07-16 09:00:00,9110.88,9195.75,-0.0003533611596288165,-0.0007609316344006062
305,2020-07-16 10:00:00,9059.07,9145.75,-0.005702837973160842,-0.005452130290011745
306,2020-07-16 11:00:00,9087.83,9158.75,0.0031696900384253763,0.0014204159835792182
307,2020-07-16 12:00:00,9071.09,9155.75,-0.0018437225057482646,-0.0003276092742725125
308,2020-07-16 13:00:00,9072.05,9153.25,0.00010582512188027306,-0.0002730897389848633
309,2020-07-16 14:00:00,9075.33,9159.25,0.00036148469208409644,0.0006552901258377167
310,2020-07-16 15:00:00,9104.41,9191.75,0.0031991683931709546,0.0035420450088788657
311,2020-07-16 16:00:00,9115.45,9199.25,0.0012118645643958699,0.0008156163792907178
312,2020-07-16 17:00:00,9115.02,9205.25,-4.7173770076182655e-05,0.0006520144760859392
313,2020-07-16 18:00:00,9124.14,9211.25,0.0010000461380973312,0.0006515896301994044
314,2020-07-16 19:00:00,9118.94,9215.25,-0.0005700791906660166,0.0004341573345811814
315,2020-07-16 20:00:00,9119.62,9205.25,7.456729043464803e-05,-0.0010857469647807118
316,2020-07-16 21:00:00,9102.35,9190.25,-0.0018955146091109826,-0.0016308339892391218
317,2020-07-16 22:00:00,9123.92,9218.75,0.002366914357145224,0.0030963140604597936
318,2020-07-16 23:00:00,9133.03,9221.25,0.0009979761960346091,0.000271149676281634
319,2020-07-17 00:00:00,9130.85,9223.0,-0.00023872255077812352,0.00018976103720692698
320,2020-07-17 01:00:00,9116.48,9210.75,-0.001575025274453244,-0.0013290840771157497
321,2020-07-17 02:00:00,9116.2,9214.75,-3.071408043370757e-05,0.00043418089743418084
322,2020-07-17 03:00:00,9122.91,9214.75,0.0007357815488494849,0.0
323,2020-07-17 04:00:00,9113.12,9198.75,-0.0010736987096988742,-0.0017378558152287141
324,2020-07-17 05:00:00,9111.19,9199.25,-0.00021180500191403387,5.435373411495352e-05
325,2020-07-17 06:00:00,9096.13,9187.75,-0.001654280084547031,-0.0012508839396871763
326,2020-07-17 07:00:00,9113.88,9208.75,0.0019494778554783533,0.00228304396178698
327,2020-07-17 08:00:00,9100.34,9200.75,-0.0014867507358643753,-0.0008691165434776495
328,2020-07-17 09:00:00,9100.08,9197.25,-2.8570769247912503e-05,-0.0003804761433005995
329,2020-07-17 10:00:00,9113.06,9208.25,0.0014253448002399774,0.0011952950269940182
330,2020-07-17 11:00:00,9112.98,9208.25,-8.778648571006942e-06,0.0
331,2020-07-17 12:00:00,9131.91,9223.75,0.002075102321010851,0.0016818580353373132
332,2020-07-17 13:00:00,9158.48,9255.25,0.002905352886400488,0.003409278695908321
333,2020-07-17 14:00:00,9157.94,9243.25,-5.8963487423389246e-05,-0.0012974026740820988
334,2020-07-17 15:00:00,9146.78,9232.25,-0.0012193577812448862,-0.0011907662904672512
335,2020-07-17 16:00:00,9145.46,9232.25,-0.00014432349480354722,0.0
