"Date","unhedged","unhedged","0.5","0.6","0.7","0.8","0.9","1.","1.1","1.2","1.3","1.4"
"2019-04-15",0.042876901798063694,0.06454407277161511,0.010604865412256137,0.004150458135094626,-0.0023039491420668856,-0.008758356419228397,-0.015212763696389908,-0.02166717097355142,-0.02812157825071293,-0.03457598552787444,-0.04103039280503595,-0.047484800082197465
"2019-04-12",0.08819628647214861,0.08356661501750073,0.046412978963398244,0.03805631746164817,0.029699655959898097,0.021342994458148024,0.01298633295639795,0.004629671454647877,-0.0037269900471021966,-0.01208365154885227,-0.020440313050602343,-0.028796974552352417
"2019-04-11",0.013406459475929333,-0.017103625021004154,0.02195827198643141,0.023668634488531848,0.025378996990632285,0.027089359492732612,0.02879972199483305,0.030510084496933487,0.032220446999033925,0.03393080950113436,0.0356411720032348,0.03735153450533524
"2019-04-10",0.03427540589296463,0.05893540740025971,0.004807702192834773,-0.0010858385471912424,-0.006979379287217147,-0.012872920027243162,-0.018766460767269066,-0.024660001507295082,-0.030553542247321097,-0.03644708298734711,-0.042340623727372906,-0.04823416446739892
"2019-04-09",0.0331395348837209,0.03873115848020525,0.013773955643618274,0.009900839795597749,0.006027723947577224,0.0021546080995566985,-0.0017185077484638267,-0.005591623596484352,-0.009464739444504877,-0.013337855292525402,-0.017210971140545928,-0.021084086988566453
"2019-04-08",-0.017445132245357375,-0.012448202147342768,-0.011221031171685991,-0.00997621095695167,-0.008731390742217404,-0.0074865705274831384,-0.006241750312748873,-0.004996930098014607,-0.0037521098832803412,-0.0025072896685459645,-0.0012624694538118097,-0.000017649239077432988
"2019-04-05",0.07101947308132872,0.30495395540731973,-0.08145750462233114,-0.11195290016306314,-0.14244829570379502,-0.17294369124452702,-0.20343908678525902,-0.233934482325991,-0.2644298778667231,-0.294925273407455,-0.3254206689481869,-0.35591606448891877
"2019-04-04",0.08395721925133692,0.035536745073418086,0.06618884671462788,0.0626351722072861,0.05908149769994431,0.05552782319260241,0.051974148685260624,0.04842047417791884,0.04486679967057694,0.041313125163235265,0.03775945065589337,0.03420577614855169
"2019-04-03",-0.006413418845584551,0.04772230993812987,-0.030274573814649486,-0.03504680480846245,-0.039819035802275415,-0.04459126679608849,-0.049363497789901456,-0.05413572878371442,-0.058907959777527386,-0.06368019077134035,-0.06845242176515332,-0.07322465275896628
"2019-04-02",0.16683217477656398,0.07378692482764948,0.12993871236273924,0.12256001987997434,0.11518132739720932,0.10780263491444442,0.1004239424316794,0.0930452499489145,0.08566655746614948,0.07828786498338469,0.07090917250061968,0.06353048001785466
"2019-04-01",-0.11744680851063816,-0.13850200684840885,-0.04819580508643373,-0.034345604401592844,-0.02049540371675196,-0.006645203031911073,0.007204997652929812,0.021055198337770697,0.03490539902261158,0.04875559970745247,0.06260580039229335,0.07645600107713424
"2019-03-29",-0.026518804243008676,-0.06103293844935609,0.003997664981669313,0.010100958826605,0.016204252671540575,0.02230754651647615,0.028410840361411838,0.03451413420634741,0.04061742805128299,0.046720721896218675,0.05282401574115414,0.05892730958608983
"2019-03-28",-0.009410599306587386,0.031850005229431266,-0.02533560192130302,-0.028520602444246146,-0.03170560296718927,-0.0348906034901324,-0.038075604013075526,-0.04126060453601865,-0.04444560505896189,-0.047630605581904906,-0.05081560610484814,-0.05400060662779116
"2019-03-27",0.02750000000000008,0.09133550140474056,-0.0181677507023702,-0.02730130084284421,-0.036434850983318334,-0.045568401123792346,-0.05470195126426647,-0.06383550140474048,-0.0729690515452146,-0.0821026016856885,-0.09123615182616263,-0.10036970196663675
"2019-03-26",0.0384428223844282,-0.020756638186674725,0.048821141477765506,0.050896805296433034,0.05297246911510045,0.05504813293376798,0.05712379675243551,0.059199460571102924,0.06127512438977045,0.06335078820843787,0.06542645202710529,0.0675021158457727
"2019-03-25",-0.0004686035613870043,-0.03486334451954465,0.016963068698385264,0.02044940315033983,0.023935737602294282,0.027422072054248736,0.03090840650620319,0.034394740958157644,0.03788107541011221,0.04136740986206666,0.044853744314021116,0.04834007876597557
"2019-03-22",0.038912330051570576,0.022106467830898868,0.027859096136121142,0.025648449353031233,0.023437802569941324,0.021227155786851526,0.019016509003761617,0.016805862220671708,0.01459521543758191,0.01238456865449189,0.010173921871402092,0.007963275088312072
"2019-03-21",0.0004512635379061436,-0.03246741562262534,0.016684971349218758,0.019931712911481325,0.023178454473743892,0.02642519603600646,0.029671937598268916,0.03291867916053148,0.03616542072279394,0.03941216228505651,0.042658903847319074,0.04590564540958164
"2019-03-20",0.05096977898060451,0.02147298742026371,0.04023328527047265,0.0380859865284463,0.035938687786419954,0.033791389044393494,0.031644090302367145,0.029496791560340796,0.027349492818314447,0.025202194076288098,0.02305489533426175,0.0209075965922354
"2019-03-19",-0.08454935622317594,-0.07599225953423105,-0.046553226456060415,-0.03895400050263731,-0.031354774549214204,-0.0237555485957911,-0.016156322642367993,-0.008557096688944887,-0.0009578707355216709,0.0066413552179013235,0.01424058117132454,0.021839807124747534
"2019-03-18",-0.08063759962494144,-0.07086897759323962,-0.045203110828321624,-0.038116213068997706,-0.031029315309673677,-0.02394241755034976,-0.01685551979102573,-0.009768622031701812,-0.0026817242723778945,0.0044051734869460235,0.011492071246270164,0.01857896900559408
"2019-03-15",-0.03926568077511461,-0.023586199125506635,-0.02747258121236129,-0.025113961299810583,-0.022755341387259986,-0.02039672147470928,-0.01803810156215868,-0.015679481649607974,-0.013320861737057266,-0.010962241824506558,-0.008603621911956072,-0.006245001999405364
"2019-03-14",-0.04140127388535031,0.04703535467945219,-0.0649189512250764,-0.06962248669302162,-0.07432602216096684,-0.07902955762891206,-0.08373309309685728,-0.0884366285648025,-0.09314016403274772,-0.09784369950069294,-0.10254723496863816,-0.10725077043658338
"2019-03-13",-0.011074197120708784,-0.050552765157748425,0.014202185458165428,0.019257461973940293,0.024312738489715158,0.02936801500548991,0.034423291521264776,0.03947856803703964,0.044533844552814394,0.04958912106858937,0.054644397584364124,0.0596996741001391
"2019-03-12",0.016797312430011146,-0.010640070559830739,0.02211734770992657,0.023181354765909545,0.02424536182189263,0.025309368877875715,0.0263733759338588,0.027437382989841885,0.02850139004582486,0.029565397101807944,0.03062940415779103,0.031693411213774114
"2019-03-11",-0.0875550660792952,-0.059219379290022967,-0.05794537643428371,-0.05202343850528146,-0.04610150057627915,-0.040179562647276845,-0.03425762471827454,-0.02833568678927223,-0.022413748860270033,-0.016491810931267725,-0.010569873002265417,-0.00464793507326311
"2019-03-08",-0.0036210018105009567,-0.011321030034548096,0.0020395132067730914,0.003171616210227879,0.004303719213682666,0.005435822217137565,0.006567925220592352,0.00770002822404714,0.008832131227501927,0.009964234230956714,0.011096337234411502,0.01222844023786629
"2019-03-07",0.03937007874015741,0.055280251680084325,0.011729952900115248,0.006201927732106816,0.0006739025640983831,-0.004854122603910049,-0.010382147771918482,-0.015910172939926914,-0.021438198107935458,-0.02696622327594378,-0.03249424844395232,-0.038022273611960644
"2019-03-06",-0.019230769230769273,-0.08399158210676239,0.022765021822611864,0.031164180033288136,0.03956333824396441,0.04796249645464068,0.05636165466531684,0.06476081287599311,0.07315997108666938,0.08155912929734555,0.08995828750802193,0.09835744571869809
"2019-03-05",0.06357694592988716,0.09102893862699424,0.018062476616390044,0.008959582753690576,-0.0001433111090087813,-0.00924620497170825,-0.018349098834407607,-0.027451992697107075,-0.03655488655980643,-0.04565778042250601,-0.05476067428520537,-0.06386356814790473
"2019-03-04",-0.005586592178770888,-0.004590973282663002,-0.003291105537439387,-0.0028320082091730647,-0.0023729108809067423,-0.0019138135526405309,-0.0014547162243742084,-0.000995618896107886,-0.0005365215678415636,-0.00007742423957524114,0.0003816730886910813,0.0008407704169574037
"2019-03-01",-0.030337078651685445,-0.0444858096595544,-0.008094173821908246,-0.003645592855952784,0.0008029881100026781,0.005251569075958029,0.009700150041913491,0.014148731007868953,0.018597311973824304,0.023045892939779877,0.02749447390573523,0.0319430548716908
"2019-02-28",-0.0005793742757821407,0.004987864604640846,-0.0030733065781025637,-0.0035720930385666483,-0.004070879499030733,-0.0045696659594948175,-0.005068452419958902,-0.005567238880422987,-0.006066025340887182,-0.006564811801351156,-0.0070635982618153514,-0.007562384722279325
"2019-02-27",-0.08057971014492737,-0.1169241200468677,-0.022117650121493526,-0.010425238116806734,0.001267173887880002,0.012959585892566738,0.024651997897253586,0.03634440990194032,0.04803682190662706,0.059729233911313906,0.07142164591600053,0.08311405792068738
"2019-02-26",-0.001891551071878883,-0.03673704886492635,0.01647697336058429,0.020150678247076947,0.023824383133569604,0.02749808802006215,0.031171792906554807,0.034845497793047464,0.03851920267954001,0.04219290756603278,0.045866612452525324,0.04954031733901809
"2019-02-25",-0.0018951358180668842,-0.043601148722379746,0.01990543854312299,0.024265553415360963,0.028625668287598938,0.03298578315983691,0.03734589803207489,0.04170601290431286,0.04606612777655095,0.05042624264878881,0.054786357521026896,0.05914647239326476
"2019-02-22",-0.0715189873417722,-0.11149846946222419,-0.015769752610660104,-0.004619905664437707,0.006529941281784746,0.0176797882280072,0.02882963517422954,0.03997948212045199,0.051129329066674445,0.062279176012896786,0.07342902295911935,0.08457886990534169
"2019-02-21",-0.04703476482617586,0.0014354096270632333,-0.04775246963970747,-0.047896010602413774,-0.048039551565120076,-0.04818309252782649,-0.04832663349053279,-0.04847017445323909,-0.0486137154159455,-0.04875725637865169,-0.048900797341358104,-0.049044338304064294
"2019-02-20",0.06723891273247506,0.12350914573377403,0.00548433986558805,-0.006866574707789397,-0.019217489281166733,-0.03156840385454418,-0.043919318427921517,-0.056270233001298964,-0.0686211475746763,-0.08097206214805386,-0.0933229767214312,-0.10567389129480853
"2019-02-19",-0.07975871313672922,-0.09737060577354972,-0.03107341024995436,-0.021336349672599342,-0.011599289095244436,-0.0018622285178894193,0.007874832059465486,0.017611892636820503,0.02734895321417552,0.03708601379153054,0.04682307436888533,0.05656013494624035
"2019-02-15",-0.015294974508375803,-0.009718927215994988,-0.010435510900378309,-0.009463618178778832,-0.008491725457179355,-0.007519832735579768,-0.006547940013980291,-0.005576047292380815,-0.004604154570781227,-0.0036322618491818615,-0.002660369127582274,-0.0016884764059829083
"2019-02-14",-0.020710059171597517,-0.04485160484933237,0.001715743253068669,0.006200903738001862,0.010686064222935165,0.015171224707868358,0.019656385192801662,0.024141545677734855,0.028626706162668047,0.03311186664760124,0.037597027132534655,0.04208218761746785
"2019-02-13",0.007552870090634434,-0.0021632879488864276,0.008634514065077648,0.00885084285996629,0.009067171654854933,0.009283500449743576,0.009499829244632219,0.009716158039520861,0.009932486834409504,0.010148815629298147,0.01036514442418679,0.010581473219075432
"2019-02-12",0.025487256371814038,0.010346741111815216,0.02031388581590643,0.019279211704724908,0.018244537593543386,0.017209863482361865,0.016175189371180343,0.015140515259998821,0.0141058411488173,0.013071167037635778,0.012036492926454256,0.011001818815272735
"2019-02-11",0.010964912280701844,0.0023024157916549104,0.009813704384874389,0.009583462805708876,0.009353221226543362,0.00912297964737796,0.008892738068212447,0.008662496489046934,0.00843225490988142,0.008202013330715907,0.007971771751550394,0.007741530172384881
"2019-02-08",0.11062906724511934,0.07728118092163605,0.07198847678430131,0.06426035869213775,0.05653224059997408,0.04880412250781052,0.04107600441564685,0.03334788632348329,0.02561976823131973,0.017891650139156168,0.010163532046992385,0.0024354139548288245
"2019-02-07",0.05598958333333326,0.058987250287726,0.02649595818947026,0.020597233160697614,0.014698508131925081,0.008799783103152437,0.002901058074379903,-0.0029976669543927414,-0.008896391983165275,-0.01479511701193803,-0.020693842040710564,-0.026592567069483097
"2019-02-06",-0.01602959309494456,-0.024724104862505314,-0.003667540663691904,-0.001195130177441328,0.0012772803088091367,0.0037496907950597125,0.006222101281310177,0.008694511767560753,0.011166922253811329,0.013639332740061905,0.01611174322631226,0.018584153712562834
"2019-02-05",-0.011904761904761862,0.04881247023636237,-0.03631099702294305,-0.041192244046579285,-0.04607349107021552,-0.05095473809385176,-0.055835985117487996,-0.06071723214112423,-0.06559847916476058,-0.07047972618839671,-0.07536097321203306,-0.08024222023566918
"2019-02-04",0.030437539632212962,0.036297942893924295,0.012288568185250814,0.00865877389585834,0.0050289796064659775,0.0013991853170735036,-0.0022306089723188594,-0.005860403261711333,-0.009490197551103696,-0.013119991840496281,-0.016749786129888644,-0.020379580419281007
"2019-02-01",0.0166153846153847,0.04901728145080164,-0.007893256110016122,-0.012794984255096287,-0.01769671240017645,-0.022598440545256615,-0.02750016869033678,-0.03240189683541694,-0.03730362498049722,-0.04220535312557727,-0.04710708127065755,-0.0520088094157376
"2019-01-31",0.032687651331719136,0.04999746601235788,0.007688918325540195,0.0026891717243043844,-0.002310574876931426,-0.0073103214781671255,-0.012310068079402936,-0.017309814680638747,-0.022309561281874446,-0.027309307883110367,-0.03230905448434607,-0.03730880108558199
"2019-01-30",0.0386869871043376,-0.017806960052152543,0.04759046713041393,0.04937116313562917,0.05115185914084441,0.05293255514605966,0.0547132511512749,0.05649394715649014,0.058274643161705386,0.06005533916692074,0.06183603517213587,0.06361673117735123
"2019-01-29",0.06884875846501126,0.10142752993682946,0.01813499349659653,0.007992240502913583,-0.002150512490769363,-0.01229326548445231,-0.022436018478135256,-0.0325787714718182,-0.04272152446550126,-0.052864277459184095,-0.06300703045286715,-0.07314978344654999
"2019-01-28",-0.0496304118268216,-0.11391774101040997,0.007328458678383387,0.01872023277942436,0.030112006880465336,0.04150378098150642,0.052895555082547396,0.06428732918358837,0.07567910328462935,0.08707087738567032,0.0984626514867113,0.10985442558775227
"2019-01-25",-0.011666666666666603,0.0058124333916604876,-0.014572883362496847,-0.01515412670166294,-0.015735370040828922,-0.016316613379995015,-0.016897856719160997,-0.01747910005832709,-0.018060343397493184,-0.018641586736659277,-0.019222830075825148,-0.01980407341499124
"2019-01-24",0.022484541877459296,0.012584685847082167,0.016192198953918213,0.014933730369209974,0.013675261784501735,0.012416793199793608,0.011158324615085369,0.00989985603037713,0.008641387445669002,0.007382918860960652,0.006124450276252524,0.0048659816915441745
"2019-01-23",0.029686641011544834,0.009793649581773867,0.0247898162206579,0.023810451262480492,0.022831086304303083,0.021851721346125785,0.020872356387948376,0.019892991429770968,0.01891362647159367,0.01793426151341615,0.016954896555238852,0.015975531597061332
"2019-01-22",-0.04004271222637479,-0.032546282427404094,-0.02376957101267274,-0.020514942769932376,-0.0172603145271919,-0.014005686284451535,-0.010751058041711059,-0.007496429798970694,-0.004241801556230329,-0.000987173313489964,0.002267454929250623,0.005522083171990988
"2019-01-18",0.018909899888765347,0.02651766336247352,0.005651068207528587,0.002999301871281279,0.0003475355350338605,-0.002304230801213447,-0.004955997137460866,-0.007607763473708173,-0.010259529809955481,-0.012911296146202789,-0.015563062482450318,-0.018214828818697626
"2019-01-17",0.057314410480349354,0.07044746805165092,0.022090676454523894,0.015045929649358802,0.00800118284419371,0.0009564360390286186,-0.006088310766136473,-0.013133057571301565,-0.020177804376466657,-0.02722255118163175,-0.03426729798679684,-0.04131204479196193
"2019-01-16",0.0005162622612286949,0.02040594019635611,-0.00968670783694936,-0.011727301856584993,-0.013767895876220626,-0.015808489895856148,-0.01784908391549178,-0.019889677935127414,-0.021930271954762937,-0.02397086597439868,-0.026011459994034203,-0.028052054013669947
"2019-01-15",-0.02270381836945301,0.017052692607104625,-0.031230164673005323,-0.032935433933715785,-0.03464070319442625,-0.03634597245513671,-0.03805124171584717,-0.039756510976557635,-0.0414617802372681,-0.04316704949797856,-0.04487231875868902,-0.046577588019399485
"2019-01-14",-0.022175290390707536,-0.03890946026512765,-0.0027205602581437116,0.001170385768369031,0.005061331794881774,0.008952277821394627,0.01284322384790737,0.016734169874420113,0.020625115900932967,0.024516061927445598,0.028407007953958452,0.032297953980471084
"2019-01-11",0.004319654427645814,-0.009001370034404932,0.00882033944484828,0.009720476448288773,0.010620613451729266,0.01152075045516976,0.012420887458610252,0.013321024462050746,0.014221161465491239,0.015121298468931732,0.016021435472372225,0.01692157247581272
"2019-01-10",-0.02043010752688157,-0.037882094815026024,-0.001489060119368557,0.0022991493621340453,0.006087358843636648,0.00987556832513925,0.013663777806641852,0.017451987288144455,0.02124019676964717,0.02502840625114966,0.028816615732652373,0.032604825214154864
"2019-01-09",-0.05049396267837536,-0.07684980225738192,-0.012069061549684401,-0.004384081323946187,0.003300898901791971,0.01098587912753013,0.0186708593532684,0.026355839579006557,0.034040819804744826,0.041725800030482985,0.04941078025622114,0.0570957604819593
"2019-01-08",0.015028901734104094,0.06967573578674569,-0.019808966159268748,-0.02677653973794336,-0.03374411331661786,-0.040711686895292476,-0.04767926047396698,-0.05464683405264159,-0.06161440763131609,-0.06858198120999082,-0.07554955478866532,-0.08251712836733982
"2019-01-07",-0.02277904328018221,-0.0636778268951298,0.009059870167382744,0.015427652856895624,0.021795435546408615,0.028163218235921605,0.034531000925434596,0.04089878361494759,0.04726656630446047,0.05363434899397346,0.06000213168348645,0.06636991437299944
"2019-01-04",-0.03263403263403253,-0.021458780981447934,-0.02190464214330856,-0.019758764045163746,-0.01761288594701893,-0.015467007848874226,-0.01332112975072941,-0.011175251652584595,-0.00902937355443989,-0.0068834954562949635,-0.004737617358150259,-0.0025917392600053324
"2019-01-03",-0.012048192771084376,-0.023684296064444665,-0.00020604473886204344,0.0021623848675824675,0.004530814474026923,0.006899244080471378,0.009267673686915834,0.01163610329336029,0.014004532899804745,0.01637296250624931,0.018741392112693656,0.021109821719138222
"2019-01-02",0.0060975609756097615,0.019194148772195385,-0.003499513410487931,-0.005418928287707514,-0.007338343164926986,-0.009257758042146569,-0.01117717291936604,-0.013096587796585624,-0.015016002673805096,-0.01693541755102479,-0.01885483242824426,-0.020774247305463733
"2018-12-31",0.01696969696969708,-0.018646111174075997,0.026292752556735133,0.028157363674142677,0.03002197479155022,0.031886585908957876,0.03375119702636553,0.035615808143773076,0.03748041926118062,0.039345030378588275,0.04120964149599593,0.04307425261340336
"2018-12-28",-0.02443384982121577,-0.02378461957433775,-0.012541540034046894,-0.010163078076613097,-0.007784616119179355,-0.005406154161745613,-0.0030276922043117604,-0.0006492302468780187,0.0017292317105557231,0.004107693667989576,0.006486155625423207,0.00886461758285706
"2018-12-27",-0.0714722052535125,-0.07487976651799222,-0.03403232199451639,-0.026544345342717213,-0.01905636869091798,-0.011568392039118747,-0.004080415387319514,0.0034075612644797193,0.010895537916278841,0.018383514568078074,0.025871491219877307,0.03335946787167654
"2018-12-26",0.,0.02340366673057903,-0.011701833365289516,-0.014042200038347441,-0.016382566711405366,-0.01872293338446318,-0.021063300057521106,-0.02340366673057903,-0.025744033403636957,-0.028084400076694882,-0.030424766749752807,-0.03276513342281073
"2018-12-24",-0.021052631578947323,-0.04996027729429431,0.003927507068199887,0.008923534797629307,0.013919562527058726,0.018915590256488146,0.023911617985917566,0.028907645715346986,0.033903673444776516,0.038899701174205936,0.043895728903635356,0.048891756633064776
"2018-12-21",0.007392473118279508,0.01423784848668097,0.00027354887493902247,-0.0011502359737290968,-0.002574020822397216,-0.003997805671065224,-0.005421590519733344,-0.006845375368401463,-0.008269160217069471,-0.009692945065737701,-0.01111672991440571,-0.01254051476307394
"2018-12-20",-0.023348899266177447,-0.025989587804265857,-0.010354105364044519,-0.007755146583617978,-0.005156187803191381,-0.0025572290227647843,0.00004172975766181253,0.0026406885380884093,0.005239647318515006,0.007838606098941492,0.0104375648793682,0.013036523659794685
"2018-12-19",0.03073770491803285,0.02232271978079825,0.019576345027633724,0.017344073049553876,0.01511180107147403,0.012879529093394293,0.010647257115314446,0.008414985137234599,0.006182713159154751,0.003950441181074904,0.0017181692029950568,-0.0005141027750847904
"2018-12-18",-0.011265738899933653,-0.0046918577813090945,-0.008919810009279106,-0.008450624231148174,-0.007981438453017242,-0.0075122526748864216,-0.00704306689675549,-0.006573881118624558,-0.006104695340493627,-0.005635509562362695,-0.005166323784231763,-0.004697138006100832
"2018-12-17",0.007372654155495928,0.002906642367434209,0.0059193329717788234,0.005628668735035425,0.005338004498292026,0.005047340261548516,0.004756676024805118,0.004466011788061719,0.004175347551318209,0.0038846833145749216,0.003594019077831412,0.003303354841088124
"2018-12-14",0.017298735861610126,0.018136649553538886,0.008230411084840683,0.006416746129486839,0.004603081174132884,0.0027894162187790394,0.0009757512634250842,-0.00083791369192876,-0.002651578647282715,-0.004465243602636448,-0.006278908557990404,-0.008092573513344359
"2018-12-13",-0.012426422498364897,-0.014355361317216042,-0.005248741839756876,-0.0038132057080352277,-0.00237766957631369,-0.0009421334445920415,0.0004934026871294961,0.0019289388188511447,0.0033644749505726823,0.004800011082294442,0.0062355472140159796,0.007671083345737517
"2018-12-12",0.02251655629139071,0.019107022755670888,0.012963044913555266,0.011052342637988155,0.009141640362421044,0.007230938086854044,0.005320235811286933,0.003409533535719822,0.001498831260152711,-0.0004118710154144001,-0.002322573290981511,-0.004233275566548622
"2018-12-11",-0.0058290155440413605,-0.01608878493585819,0.002215376923887735,0.0038242554174735544,0.0054331339110593735,0.007042012404645193,0.008650890898231012,0.010259769391816831,0.011868647885402761,0.01347752637898847,0.0150864048725744,0.016695283366160107
"2018-12-10",-0.11726384364820852,-0.11695119304494372,-0.05878824712573666,-0.04709312782124231,-0.0353980085167479,-0.023702889212253497,-0.012007769907759203,-0.0003126506032647969,0.011382468701229609,0.023077588005723904,0.03477270731021842,0.046467826614712715
"2018-12-07",-0.03690036900369009,-0.057314531493183773,-0.008243103257098205,-0.0025116501077798725,0.0032198030415385714,0.008951256190856904,0.014682709340175348,0.02041416248949368,0.026145615638812125,0.03187706878813035,0.03760852193744879,0.043339975086767235
"2018-12-06",-0.03524904214559388,-0.07685170439012023,0.003176810049466239,0.010861980488478307,0.018547150927490264,0.02623232136650233,0.03391749180551429,0.041602662244526356,0.04928783268353831,0.05697300312255049,0.06465817356156245,0.0723433440005744
"2018-12-05",0.05639396346306591,0.09530337226937657,0.008742277328377623,-0.0007880598985600118,-0.010318397125497647,-0.019848734352435393,-0.02937907157937303,-0.038909408806310664,-0.04843974603324841,-0.057970083260185934,-0.06750042048712368,-0.0770307577140612
"2018-12-04",-0.014285714285714235,-0.026930213110361922,-0.0008206077305332737,0.0018724135805029407,0.004565434891539155,0.007258456202575259,0.009951477513611473,0.012644498824647687,0.015337520135683791,0.018030541446720116,0.02072356275775622,0.023416584068792545
"2018-12-03",0.023646071700991644,0.0022646542897588606,0.022513744556112214,0.02228727912713635,0.022060813698160486,0.02183434826918451,0.021607882840208648,0.021381417411232784,0.02115495198225692,0.020928486553281056,0.020702021124305192,0.02047555569532933
"2018-11-30",0.006706408345752646,0.003661020066014764,0.004875898312745264,0.004509796306143787,0.004143694299542311,0.0037775922929408345,0.003411490286339358,0.0030453882797378817,0.0026792862731364053,0.002313184266534929,0.0019470822599334525,0.0015809802533319761
"2018-11-29",0.001480384900073961,-0.009665961955884317,0.0063133658780161195,0.007279962073604596,0.00824655826919296,0.009213154464781437,0.010179750660369802,0.011146346855958278,0.012112943051546754,0.01307953924713523,0.014046135442723484,0.01501273163831196
"2018-11-28",-0.005173688100517215,-0.013900562924473614,0.0017765933617195362,0.0031666496541669087,0.004556705946614281,0.005946762239061654,0.007336818531509026,0.008726874823956399,0.01011693111640366,0.011506987408851033,0.012897043701298405,0.014287099993745778
"2018-11-27",-0.08172362555720647,-0.10866746357333623,-0.027389893770538354,-0.01652314741320471,-0.005656401055871063,0.005210345301462471,0.016077091658796117,0.026943838016129762,0.03781058437346341,0.04867733073079705,0.05954407708813059,0.07041082344546434
"2018-11-26",0.012135922330097193,-0.04737175866981502,0.035821801665004704,0.04055897753198623,0.04529615339896775,0.05003332926594917,0.05477050513293069,0.059507680999912216,0.06424485686689363,0.06898203273387526,0.07371920860085668,0.07845638446783831
"2018-11-23",-0.014388489208633004,-0.038989951056870975,0.0051064863198024835,0.009005481425489625,0.012904476531176656,0.016803471636863798,0.02070246674255083,0.02460146184823797,0.028500456953925113,0.032399452059612255,0.036298447165299175,0.04019744227098632
"2018-11-21",-0.0048661800486617945,0.026138421019024083,-0.017935390558173836,-0.020549232660076244,-0.023163074761978653,-0.02577691686388106,-0.02839075896578347,-0.031004601067685877,-0.033618443169588286,-0.036232285271490694,-0.0388461273733931,-0.04145996947529551
"2018-11-20",-0.01140994295028519,-0.023326902974202923,0.0002535085368162715,0.0025861988342366082,0.004918889131656834,0.007251579429077171,0.009584269726497396,0.011916960023917733,0.01424965032133807,0.016582340618758407,0.01891503091617852,0.021247721213598858
"2018-11-19",-0.030502885408078995,-0.07088316847058673,0.004938698827214427,0.012027015674273,0.019115332521331685,0.02620364936839037,0.033291966215449054,0.04038028306250774,0.04746859990956642,0.054556916756624996,0.06164523360368379,0.06873355045074236
"2018-11-16",0.12755102040816335,0.16370141333903576,0.04570031373864547,0.029330172404741894,0.012960031070838318,-0.003410110263065258,-0.019780251596968834,-0.03615039293087241,-0.0525205342647761,-0.06889067559867956,-0.08526081693258325,-0.10163095826648672
"2018-11-15",-0.006033182503770607,0.02299661342469772,-0.017531489216119467,-0.019831150558589195,-0.022130811901059033,-0.02443047324352876,-0.0267301345859986,-0.029029795928468327,-0.031329457270938055,-0.03362911861340778,-0.03592877995587773,-0.03822844129834746
"2018-11-14",-0.011380880121395931,-0.05051889840248902,0.013878569079848635,0.01893045892009748,0.023982348760346328,0.029034238600595286,0.03408612844084424,0.03913801828109309,0.044189908121341936,0.049241797961590894,0.05429368780183985,0.05934557764208859
"2018-11-13",0.008442056792018482,0.0004759097808457735,0.008204101901595595,0.008156510923510996,0.008108919945426396,0.008061328967341908,0.008013737989257308,0.007966147011172708,0.007918556033088109,0.00787096505500351,0.00782337407691891,0.00777578309883431
"2018-11-12",0.019786910197869156,-0.014848479551714311,0.027211149973726312,0.028695997928897765,0.03018084588406922,0.03166569383924056,0.033150541794412014,0.03463538974958347,0.03612023770475492,0.037605085659926374,0.03908993361509783,0.04057478157026928
"2018-11-09",-0.04999999999999993,-0.05966563697091665,-0.02016718151454161,-0.014200617817449968,-0.00823405412035827,-0.0022674904232665716,0.0036990732738250154,0.009665636970916713,0.01563220066800841,0.0215987643651,0.027565328062191807,0.033531891759283394
"2018-11-08",-0.004713275726630051,0.005203415038485426,-0.007314983245872764,-0.007835324749721262,-0.008355666253569871,-0.00887600775741837,-0.009396349261266979,-0.009916690765115477,-0.010437032268964086,-0.010957373772812473,-0.011477715276661082,-0.011998056780509692
"2018-11-07",-0.026835043409628945,-0.015236203361216338,-0.019216941729020776,-0.017693321392899142,-0.016169701056777508,-0.014646080720655874,-0.01312246038453424,-0.011598840048412606,-0.010075219712290862,-0.008551599376169339,-0.007027979040047594,-0.005504358703926071
"2018-11-06",0.,-0.0028708959125250955,0.0014354479562626032,0.0017225375475150573,0.0020096271387675113,0.0022967167300200764,0.0025838063212726414,0.0028708959125250955,0.0031579855037775495,0.0034450750950301146,0.0037321646862826796,0.004019254277535023
"2018-11-05",0.08272506082725051,0.10000420661355847,0.032722957520471274,0.022722536859115405,0.012722116197759537,0.0027216955364037787,-0.00727872512495209,-0.01727914578630796,-0.027279566447663717,-0.0372799871090197,-0.047280407770375454,-0.057280828431731434
"2018-11-02",0.09588014981273418,0.0668358936560014,0.062462202984733484,0.05577861361913339,0.04909502425353318,0.042411434887933086,0.03572784552233288,0.029044256156732784,0.02236066679113269,0.015677077425532593,0.008993488059932275,0.0023098986943321798
"2018-11-01",0.012303485987696483,-0.00755564758485705,0.016081309780125008,0.016836874538610713,0.01759243929709642,0.018348004055582123,0.01910356881406783,0.019859133572553533,0.02061469833103935,0.021370263089524943,0.02212582784801076,0.022881392606496354
"2018-10-31",0.008102633355840716,-0.017673431374978232,0.016939349043329832,0.018706692180827655,0.02047403531832548,0.022241378455823302,0.024008721593321125,0.02577606473081895,0.02754340786831677,0.029310751005814595,0.031078094143312418,0.03284543728081024
"2018-10-30",-0.015405224380442117,-0.052794103071755916,0.010991827155435896,0.016271237462611388,0.02155064776978699,0.026830058076962593,0.032109468384138196,0.0373888786913138,0.04266828899848929,0.04794769930566489,0.053227109612840495,0.0585065199200161
"2018-10-29",0.055102040816326525,0.007417839159356676,0.05139312123664819,0.050651337320712475,0.049909553404776874,0.04916776948884116,0.04842598557290556,0.04768420165696985,0.04694241774103425,0.046200633825098425,0.045458849909162824,0.04471706599322722
"2018-10-26",0.06576402321083163,0.06390073201636537,0.03381365720264895,0.027423584001012413,0.021033510799375876,0.01464343759773934,0.008253364396102802,0.0018632911944662656,-0.004526782007170382,-0.010916855208806808,-0.017306928410443456,-0.023697001612079882
"2018-10-25",-0.015728977616454975,-0.005040893675998803,-0.013208530778455574,-0.012704441410855694,-0.012200352043255869,-0.011696262675655933,-0.011192173308055997,-0.010688083940456172,-0.010183994572856236,-0.009679905205256412,-0.009175815837656587,-0.008671726470056762
"2018-10-24",0.014751075599262364,-0.008021998921173057,0.01876207505984895,0.01956427495196622,0.020366474844083493,0.021168674736200765,0.02197087462831815,0.02277307452043542,0.023575274412552805,0.024377474304670077,0.02517967419678735,0.025981874088904622
"2018-10-23",-0.0048455481526346045,-0.029934359337617233,0.010121631516174068,0.013115067449935736,0.016108503383697403,0.019101939317459182,0.02209537525122096,0.02508881118498263,0.028082247118744297,0.031075683052506076,0.034069118986267855,0.03706255492002941
"2018-10-22",-0.013998782714546576,-0.027638793788283156,-0.00017938582040499806,0.002584493558423273,0.005348372937251655,0.008112252316079926,0.010876131694908309,0.01364001107373658,0.01640389045256485,0.019167769831393122,0.021931649210221615,0.024695528589049887
"2018-10-19",-0.04629629629629628,-0.04542944339276367,-0.023581574599914445,-0.019038630260638123,-0.014495685921361745,-0.009952741582085367,-0.005409797242808989,-0.0008668529035326111,0.003676091435743656,0.008219035775020034,0.012761980114296412,0.01730492445357279
"2018-10-18",-0.023948220064724968,-0.007319973569861693,-0.02028823327979412,-0.019556235922807974,-0.018824238565821827,-0.01809224120883557,-0.017360243851849422,-0.016628246494863275,-0.015896249137877128,-0.01516425178089098,-0.014432254423904833,-0.013700257066918686
"2018-10-17",-0.0019893899204243004,-0.016389141396358275,0.006205180777754782,0.007844094917390687,0.009483009057026481,0.011121923196662276,0.01276083733629818,0.014399751475933975,0.01603866561556988,0.017677579755205675,0.01931649389484147,0.020955408034477263
"2018-10-16",-0.02126245847176078,0.0026758865615079674,-0.022600401752514765,-0.022867990408665606,-0.023135579064816336,-0.023403167720967177,-0.023670756377117907,-0.02393834503326875,-0.02420593368941948,-0.02447352234557043,-0.02474111100172116,-0.02500869965787189
"2018-10-15",-0.05974202308214516,-0.040869111172278094,-0.03930746749600611,-0.0352205563787783,-0.03113364526155049,-0.02704673414432268,-0.022959823027094872,-0.018872911909867063,-0.014786000792639142,-0.010699089675411444,-0.0066121785581835235,-0.002525267440955825
"2018-10-12",0.0072202166064982976,-0.011310411188272473,0.012875422200634534,0.01400646331946176,0.015137504438288985,0.01626854555711632,0.017399586675943546,0.01853062779477077,0.019661668913597996,0.02079271003242522,0.021923751151252446,0.02305479227007967
"2018-10-11",-0.09247311827956983,-0.12538424285947058,-0.02978099684983454,-0.017242572563887504,-0.004704148277940412,0.00783427600800668,0.02037270029395366,0.03291112457990075,0.045449548865847844,0.057987973151794825,0.07052639743774203,0.08306482172368901
"2018-10-10",0.021327014218009532,-0.0033536932930738894,0.02300386086454642,0.023339230193853866,0.0236745995231612,0.024009968852468644,0.02434533818177609,0.024680707511083422,0.025016076840390866,0.0253514461696982,0.025686815499005533,0.026022184828312867
"2018-10-09",-0.010827532869296164,-0.02540528147629273,0.0018751078688501455,0.0044156360164794295,0.0069561641641087135,0.009496692311737998,0.012037220459367282,0.014577748606996566,0.01711827675462585,0.019658804902255023,0.022199333049884418,0.02473986119751359
"2018-10-08",-0.025801407349491767,-0.09130978423110192,0.019853484766059193,0.028984463189169363,0.03811544161227953,0.04724642003538981,0.05637739845849998,0.06550837688161015,0.07463935530472032,0.08377033372783049,0.09290131215094066,0.10203229057405083
"2018-10-05",-0.024879614767255198,-0.06754096222383743,0.008890866344663517,0.015644962567047282,0.022399058789431048,0.029153155011814702,0.03590725123419847,0.04266134745658223,0.049415443678966,0.05616953990134976,0.06292363612373353,0.0696777323461173
"2018-10-04",0.04855967078189294,0.07105757005826274,0.013030885752761567,0.005925128746935293,-0.001180628258890981,-0.008286385264717255,-0.01539214227054353,-0.022497899276369804,-0.02960365628219619,-0.03670941328802235,-0.04381517029384874,-0.0509209272996749
"2018-10-03",0.006279434850863463,0.01598373788175733,-0.0017124340900152024,-0.0033108078781909356,-0.004909181666366669,-0.006507555454542402,-0.008105929242718135,-0.009704303030893868,-0.011302676819069601,-0.012901050607245335,-0.014499424395421068,-0.0160977981835968
"2018-10-02",0.010920436817472678,0.037817850456691504,-0.007988488410873074,-0.011770273456542246,-0.015552058502211419,-0.01933384354788048,-0.023115628593549653,-0.026897413639218826,-0.030679198684888,-0.03446098373055717,-0.038242768776226344,-0.042024553821895516
"2018-10-01",-0.007716049382716084,-0.04565439933941884,0.015111150286993391,0.019676590220935264,0.024242030154877137,0.02880747008881901,0.03337291002276088,0.037938349956702755,0.04250378989064474,0.04706922982458661,0.051634669758528484,0.05620010969247036
"2018-09-28",-0.0015552099533435726,-0.015307733689055136,0.006098656891184051,0.007629430260089554,0.009160203628995056,0.010690976997900559,0.012221750366806061,0.013752523735711564,0.015283297104617066,0.01681407047352268,0.01834484384242807,0.019875617211333685
"2018-09-27",-0.002336448598130758,-0.00817239017722915,0.0017497464904838722,0.002566985508206776,0.00338422452592968,0.004201463543652584,0.005018702561375488,0.0058359415790983915,0.006653180596821295,0.00747041961454431,0.008287658632267103,0.009104897649990118
"2018-09-26",-0.0015612802498047307,0.015049008509008033,-0.009085784504308747,-0.010590685355209573,-0.012095586206110398,-0.013600487057011112,-0.015105387907911938,-0.016610288758812763,-0.018115189609713478,-0.019620090460614414,-0.02112499131151513,-0.022629892162416065
"2018-09-25",0.03127443315089917,0.034233984953915275,0.014157440673941535,0.010734042178550007,0.00731064368315848,0.0038872451877669523,0.00046384669237542475,-0.0029595518030161028,-0.00638295029840763,-0.009806348793799158,-0.013229747289190685,-0.016653145784582213
"2018-09-24",0.0181956027293404,0.007510930004225758,0.01444013772722752,0.013689044726804989,0.012937951726382346,0.012186858725959815,0.011435765725537173,0.010684672725114641,0.009933579724691999,0.009182486724269578,0.008431393723846936,0.007680300723424294
"2018-09-21",0.054355919583022994,0.08111360879906693,0.01379911518348953,0.005687754303582815,-0.0024236065763239,-0.010534967456230504,-0.01864632833613722,-0.026757689216043934,-0.03486905009595054,-0.042980410975857364,-0.05109177185576397,-0.059203132735670794
"2018-09-20",-0.012005649717514166,-0.028288426658344856,0.0021385636116582063,0.004967406277492703,0.0077962489433272,0.010625091609161696,0.013453934274996193,0.01628277694083069,0.019111619606665076,0.021940462272499572,0.02476930493833407,0.027598147604168566
"2018-09-19",-0.02716225875625433,-0.034651438663721335,-0.009836539424393664,-0.006371395558021575,-0.0029062516916493752,0.0005588921747227138,0.004024036041094914,0.007489179907467003,0.010954323773839203,0.014419467640211181,0.01788461150658338,0.02134975537295558
"2018-09-18",0.03453343130051434,0.05182979237442931,0.008618535113299686,0.003435555875856755,-0.0017474233615861756,-0.006930402599029106,-0.012113381836472037,-0.017296361073914968,-0.022479340311357898,-0.02766231954880083,-0.03284529878624376,-0.03802827802368669
"2018-09-17",0.04474431818181812,0.09527576574329677,-0.0028935646898302636,-0.01242114126415994,-0.021948717838489618,-0.031476294412819295,-0.04100387098714897,-0.05053144756147865,-0.060059024135808325,-0.069586600710138,-0.07911417728446768,-0.08864175385879736
"2018-09-14",-0.061182868796736956,-0.11942127359824484,-0.001472231997614537,0.010469895362209991,0.022412022722034464,0.034354150081858936,0.04629627744168341,0.05823840480150788,0.07018053216133235,0.08212265952115694,0.0940647868809813,0.10600691424080588
"2018-09-13",-0.06879073135409108,-0.05660657499537369,-0.04048744385640424,-0.03482678635686687,-0.0291661288573295,-0.02350547135779213,-0.01784481385825476,-0.01218415635871739,-0.00652349885917991,-0.0008628413596426521,0.004797816139894828,0.010458473639432087
"2018-09-12",-0.006998444790046521,-0.0025794573318340674,-0.005708716124129487,-0.0054507703909461025,-0.005192824657762718,-0.004934878924579222,-0.004676933191395838,-0.004418987458212453,-0.004161041725028958,-0.0039030959918456842,-0.0036451502586621887,-0.003387204525478915
"2018-09-11",-0.019577133907595856,-0.04383509439605915,0.0023404132904336628,0.006723922730039633,0.011107432169645493,0.015490941609251463,0.019874451048857433,0.024257960488463293,0.028641469928069263,0.03302497936767512,0.03740848880728098,0.04179199824688684
"2018-09-10",-0.004792332268370503,-0.04895082775667037,0.01968308160996468,0.024578164385631762,0.029473247161298732,0.034368329936965814,0.039263412712632784,0.044158495488299865,0.049053578263966946,0.05394866103963403,0.058843743815300886,0.06373882659096797
"2018-09-07",0.00882825040128421,0.006865087707730311,0.005395706547419055,0.004709197776646024,0.0040226890058729925,0.0033361802350999614,0.0026496714643269303,0.0019631626935538993,0.0012766539227808682,0.0005901451520078371,-0.00009636361876519395,-0.000782872389538225
"2018-09-06",0.023070803500397696,0.04976275159305876,-0.001810572296131685,-0.006786847455437561,-0.011763122614743438,-0.016739397774049314,-0.02171567293335519,-0.026691948092661066,-0.03166822325196694,-0.03664449841127282,-0.041620773570578695,-0.04659704872988457
"2018-09-05",0.014774494556765161,0.07298491733289159,-0.021717964109680632,-0.029016455842969746,-0.03631494757625897,-0.043613439309548085,-0.05091193104283731,-0.058210422776126425,-0.06550891450941565,-0.07280740624270465,-0.08010589797599388,-0.0874043897092831
"2018-09-04",-0.04521072796934866,-0.09808205381299395,0.0038302989371483687,0.013638504318447708,0.023446709699747048,0.0332549150810465,0.04306312046234595,0.05287132584364529,0.06267953122494474,0.07248773660624408,0.08229594198754342,0.09210414736884276
"2018-08-31",0.007223113964687,0.025459299653531442,-0.005506535862078721,-0.00805246582743191,-0.010598395792784987,-0.013144325758138176,-0.015690255723491253,-0.018236185688844442,-0.02078211565419763,-0.02332804561955082,-0.025873975584903786,-0.028419905550256974
"2018-08-30",0.015936254980079667,0.014430586059322792,0.008720961950418271,0.00727790334448597,0.005834844738553668,0.004391786132621478,0.0029487275266891766,0.0015056689207568752,0.00006261031482468482,-0.0013804482911077276,-0.002823506897039918,-0.00426656550297233
"2018-08-29",0.0031372549019608176,-0.007169655372334494,0.006722082588128009,0.007439048125361558,0.008156013662594996,0.008872979199828435,0.009589944737061873,0.010306910274295311,0.01102387581152886,0.011740841348762299,0.012457806885995737,0.013174772423229175
"2018-08-28",0.05316653635652857,0.13557237193794336,-0.014619649612443109,-0.028176886806237422,-0.041734124000031736,-0.05529136119382616,-0.06884859838762047,-0.08240583558141479,-0.09596307277520921,-0.10952030996900342,-0.12307754716279784,-0.13663478435659204
"2018-08-27",-0.018559762435040872,-0.04835149604734679,0.005615985588632522,0.010451135193367156,0.015286284798101901,0.020121434402836536,0.02495658400757128,0.029791733612305915,0.03462688321704066,0.039462032821775184,0.04429718242650993,0.049132332031244674
"2018-08-24",-0.03933434190620266,-0.037157057695093476,-0.020755813058655925,-0.017040107289146622,-0.013324401519637208,-0.009608695750127905,-0.0058929899806184904,-0.0021772842111091872,0.001538421558400227,0.005254127327909419,0.008969833097418833,0.012685538866928248
"2018-08-23",0.019685039370078705,0.038656361599266775,0.00035685857044531755,-0.0035087775894813156,-0.00737441374940806,-0.011240049909334693,-0.015105686069261437,-0.01897132222918807,-0.022836958389114814,-0.026702594549041336,-0.03056823070896808,-0.034433866868894825
"2018-08-22",0.026254826254826336,0.11110207363452962,-0.029296210562438474,-0.04040641792589139,-0.05151662528934442,-0.06262683265279734,-0.07373704001625037,-0.08484724737970328,-0.09595745474315631,-0.10706766210660912,-0.11817786947006215,-0.12928807683351518
"2018-08-21",0.0022573363431150906,-0.04658498810819223,0.02554983039721126,0.030208329208030404,0.03486682801884966,0.039525326829668916,0.04418382564048806,0.04884232445130732,0.05350082326212657,0.05815932207294572,0.06281782088376509,0.06747631969458423
"2018-08-20",-0.01876876876876865,-0.030547076916875637,-0.0034952303103308324,-0.0004405226186432465,0.0026141850730443394,0.005668892764731814,0.0087236004564194,0.011778308148106986,0.014833015839794572,0.017887723531482158,0.020942431223169744,0.02399713891485733
"2018-08-17",-0.0038255547054323324,-0.006133635676330296,-0.0007587368672671846,-0.00014537329963415502,0.00046799026799881904,0.0010813538356319041,0.0016947174032649892,0.0023080809708979633,0.0029214445385309373,0.0035348081061640224,0.0041481716737971075,0.0047615352414299705
"2018-08-16",-0.01382488479262678,-0.040543465686401325,0.006446848050573939,0.01050119461921406,0.014555541187854182,0.018609887756494303,0.022664234325134425,0.026718580893774546,0.030772927462414668,0.0348272740310549,0.03888162059969491,0.04293596716833514
"2018-08-15",0.02102803738317749,0.028149661939048665,0.006953206413653157,0.00413824021974829,0.001323274025843424,-0.0014916921680614426,-0.004306658361966309,-0.0071216245558711755,-0.009936590749776153,-0.012751556943680908,-0.015566523137585886,-0.01838148933149064
"2018-08-14",-0.0030511060259342804,-0.01613228845103254,0.005015038199581934,0.006628267044685221,0.008241495889788508,0.009854724734891795,0.011467953579994972,0.013081182425098259,0.014694411270201546,0.016307640115304722,0.01792086896040812,0.019534097805511297
"2018-08-13",0.01377199693955622,0.03692499953702111,-0.004690502828954335,-0.008383002782656468,-0.012075502736358601,-0.015768002690060623,-0.019460502643762756,-0.02315300259746489,-0.02684550255116691,-0.030538002504869155,-0.03423050245857118,-0.03792300241227342
"2018-08-10",-0.006792452830188589,-0.0239190287720209,0.005167061555821917,0.007558964433023951,0.009950867310225986,0.012342770187428131,0.014734673064630277,0.01712657594183231,0.019518478819034346,0.02191038169623649,0.024302284573438637,0.02669418745064056
"2018-08-09",-0.006079027355623046,-0.006752835089847142,-0.0027026098106994745,-0.0020273263017147602,-0.001352042792730046,-0.0006767592837453318,-1.4757747606175542e-6,0.0006738077342240967,0.001349091243208811,0.002024374752193525,0.0026996582611782394,0.0033749417701629536
"2018-08-08",-0.0558103975535168,-0.10540671089665155,-0.003107042105191027,0.007433628984474083,0.01797430007413925,0.028514971163804415,0.03905564225346958,0.049596313343134746,0.06013698443279991,0.07067765552246497,0.08121832661213013,0.0917589977017953
"2018-08-07",0.0008097165991902688,0.028878521074728214,-0.013629543938173838,-0.016517396045646615,-0.019405248153119503,-0.02229310026059228,-0.025180952368065168,-0.028068804475537945,-0.030956656583010833,-0.0338445086904835,-0.03673236079795639,-0.039620212905429275
"2018-08-06",0.031553398058252524,0.048339490050204326,0.007383653033150361,0.002549704028129929,-0.0022842449768905038,-0.007118193981910936,-0.011952142986931369,-0.0167860919919518,-0.021620040996972234,-0.026453990001992667,-0.0312879390070131,-0.03612188801203353
"2018-08-03",0.007058823529411784,-0.032055137469512385,0.023086392264167976,0.026291906011119193,0.02949741975807041,0.032702933505021736,0.03590844725197295,0.03911396099892417,0.042319474745875496,0.0455249884928266,0.04873050223977793,0.051936015986729034
"2018-08-02",0.,0.00397588651868519,-0.001987943259342595,-0.0023855319112111584,-0.0027831205630796108,-0.003180709214948174,-0.0035782978668166265,-0.00397588651868519,-0.004373475170553753,-0.004771063822422317,-0.005168652474290658,-0.0055662411261592215
"2018-08-01",-0.005451713395638658,-0.022682031790258073,0.005889302499490379,0.008157505678516142,0.010425708857542015,0.012693912036567778,0.014962115215593652,0.017230318394619415,0.019498521573645178,0.02176672475267094,0.024034927931696926,0.02630313111072269
"2018-07-31",-0.000783085356303781,-0.0061916940751811644,0.0023127616812868013,0.002931931088804962,0.003551100496323012,0.004170269903841173,0.004789439311359223,0.0054086087188773835,0.006027778126395544,0.006646947533913705,0.007266116941431644,0.007885286348949805
"2018-07-30",0.0015673981191222097,-0.029173991554926837,0.016154393896585573,0.01907179305207829,0.021989192207571007,0.024906591363063724,0.02782399051855633,0.030741389674049047,0.03365878882954165,0.03657618798503437,0.03949358714052709,0.042410986296019804
"2018-07-27",0.,0.026597434624085814,-0.013298717312042907,-0.01595846077445151,-0.018618204236860114,-0.021277947699268607,-0.02393769116167721,-0.026597434624085814,-0.029257178086494307,-0.03191692154890302,-0.034576665011311514,-0.03723640847372023
"2018-07-26",0.00391236306729259,0.0033948639739311837,0.0022149310803269984,0.00187544468293388,0.0015359582855407616,0.0011964718881476433,0.0008569854907545249,0.0005174990933614065,0.00017801269596828817,-0.0001614737014248302,-0.0005009600988179486,-0.0008404464962110669
"2018-07-25",-0.001558846453624363,-0.004219372915804209,0.0005508400042777417,0.000972777295858207,0.0013947145874385614,0.0018166518790190267,0.002238589170599381,0.0026605264621798463,0.0030824637537602007,0.003504401045340777,0.003926338336921131,0.004348275628501486
"2018-07-24",-0.0023419203747072626,-0.01056340682087653,0.0029397830357309473,0.003996123717818656,0.0050524643999062535,0.006108805081993962,0.007165145764081671,0.008221486446169268,0.009277827128256977,0.010334167810344574,0.011390508492432172,0.01244684917451977
"2018-07-23",-0.024256651017214304,-0.06133439796786022,0.006410547966715807,0.012543987763501852,0.018677427560287896,0.02481086735707383,0.030944307153859874,0.03707774695064592,0.04321118674743196,0.04934462654421801,0.05547806634100405,0.061611506137790095
"2018-07-20",0.001603849238171584,-0.0008976579299195819,0.002052678203131375,0.002142443996123289,0.0022322097891153136,0.0023219755821072274,0.0024117413750992522,0.002501507168091166,0.00259127296108308,0.0026810387540749936,0.0027708045470671294,0.002860570340059043
"2018-07-19",0.007205764611689425,0.024639228085503673,-0.005113849431062412,-0.007577772239612757,-0.010041695048163102,-0.012505617856713558,-0.014969540665263903,-0.017433463473814248,-0.019897386282364593,-0.022361309090914938,-0.024825231899465283,-0.027289154708015628
"2018-07-18",0.0023847376788552754,-0.0007118597710814578,0.002740667564395949,0.00281185354150415,0.0028830395186122404,0.0029542254957204417,0.003025411472828643,0.0030965974499367332,0.0031677834270449345,0.003238969404153025,0.003310155381261115,0.0033813413583692054
"2018-07-17",0.006344171292624878,0.02426159844270881,-0.005786627928729526,-0.008212787773000385,-0.010638947617271244,-0.013065107461542214,-0.015491267305813072,-0.01791742715008393,-0.0203435869943549,-0.02276974683862565,-0.02519590668289662,-0.027622066527167366
"2018-07-16",0.0063041765169424835,0.04405181566166427,-0.015721731313889653,-0.02012691288005608,-0.024532094446222508,-0.028937276012388935,-0.03334245757855536,-0.03774763914472179,-0.04215282071088833,-0.046558002277054644,-0.05096318384322118,-0.0553683654093875
"2018-07-13",0.003915426781519127,0.024732960132516135,-0.00845105328473894,-0.010924349297990577,-0.013397645311242212,-0.015870941324493737,-0.018344237337745373,-0.02081753335099701,-0.023290829364248644,-0.02576412537750028,-0.028237421390751916,-0.03071071740400355
"2018-07-12",0.014040561622464809,-0.01440430493812761,0.02124271409152856,0.022683144585341375,0.02412357507915408,0.025564005572966897,0.027004436066779713,0.02844486656059242,0.029885297054405235,0.03132572754821794,0.032766158042030646,0.03420658853584335
"2018-07-11",-0.013846153846153841,-0.011426788360905937,-0.008132759665700873,-0.006990080829610279,-0.005847401993519741,-0.0047047231574290915,-0.0035620443213384423,-0.002419365485247904,-0.0012766866491573658,-0.0001340078130667166,0.0010086710230239326,0.00215134985911436
"2018-07-10",-0.012480499219968633,-0.036383151853473183,0.005711076706767959,0.009349391892115255,0.012987707077462551,0.01662602226280996,0.020264337448157255,0.02390265263350455,0.027540967818851958,0.031179283004199143,0.03481759818954655,0.038455913374893735
"2018-07-09",-0.0015797788309637184,-0.011971427906132703,0.004405935122102633,0.005603077912715859,0.006800220703329196,0.007997363493942422,0.009194506284555759,0.010391649075168985,0.011588791865782211,0.012785934656395437,0.013983077447008885,0.01518022023762211
"2018-07-06",-0.006329113924050556,-0.01097398958679785,-0.0008421191306516307,0.0002552798280281987,0.0013526787867079726,0.0024500777453877465,0.0035474767040675204,0.004644875662747294,0.005742274621427179,0.006839673580106953,0.007937072538786727,0.0090344714974665
"2018-07-05",-0.14729299363057324,-0.17178559933874626,-0.06140019396120011,-0.044221634027325485,-0.02704307409345086,-0.009864514159576232,0.007314045774298394,0.02449260570817302,0.04167116564204765,0.058849725575922274,0.07602828550979701,0.09320684544367153
"2018-07-03",0.00933706816059754,0.024763511906776614,-0.003044687792790768,-0.0055210389834684515,-0.007997390174146135,-0.010473741364823708,-0.012950092555501391,-0.015426443746179075,-0.017902794936856647,-0.020379146127534442,-0.022855497318212015,-0.02533184850888981
"2018-07-02",0.0037002775208141436,0.0007113679677679396,0.003344593536930174,0.0032734567401533354,0.003202319943376608,0.0031311831465997697,0.0030600463498230424,0.002988909553046204,0.0029177727562694766,0.0028466359594925272,0.0027754991627158,0.0027043623659390725
"2018-06-29",-0.11244239631336395,-0.14594150705572273,-0.03947164278550258,-0.024877492079930286,-0.010283341374358046,0.004310809331214194,0.018904960036786544,0.033499110742358784,0.048093261447931024,0.06268741215350337,0.07728156285907561,0.09187571356464785
"2018-06-28",-0.12253374870197298,-0.09610604783227872,-0.07448072478583362,-0.06487012000260572,-0.055259515219377886,-0.04564891043615005,-0.0360383056529221,-0.02642770086969426,-0.01681709608646642,-0.007206491303238471,0.002404113479989367,0.012014718263217206
"2018-06-27",0.035502958579881616,0.009272009664826886,0.030866953747468173,0.029939752780985485,0.029012551814502796,0.028085350848020108,0.02715814988153742,0.02623094891505473,0.025303747948572042,0.024376546982089353,0.023449346015606665,0.022522145049123976
"2018-06-26",-0.04571428571428571,-0.05010448727147576,-0.020662042078547826,-0.015651593351400206,-0.010641144624252696,-0.005630695897105076,-0.0006202471699575662,0.004390201557190054,0.009400650284337675,0.014411099011485295,0.019421547738632694,0.024431996465780315
"2018-06-25",-0.13652694610778449,-0.05279358446436477,-0.1101301538756021,-0.10485079542916564,-0.09957143698272919,-0.09429207853629262,-0.08901272008985617,-0.08373336164341971,-0.07845400319698315,-0.0731746447505468,-0.06789528630411024,-0.06261592785767389
"2018-06-22",0.026352288488210807,0.011603336257691721,0.020550620359364946,0.019390286733595774,0.018229953107826602,0.01706961948205743,0.015909285856288258,0.014748952230519086,0.013588618604749803,0.012428284978980741,0.011267951353211458,0.010107617727442397
"2018-06-21",0.15810810810810816,0.1671434277505628,0.07453639423282676,0.05782205145777053,0.041107708682714184,0.02439336590765795,0.007679023132601714,-0.009035319642454631,-0.025749662417510866,-0.04246400519256732,-0.05917834796762356,-0.07589269074267979
"2018-06-20",-0.025670945157526104,-0.048733996901323184,-0.0013039467068645116,0.003569452983267829,0.00844285267340017,0.0133162523635324,0.01818965205366474,0.02306305174379708,0.02793645143392931,0.03280985112406176,0.03768325081419399,0.04255665050432644
"2018-06-19",-0.059880239520958,-0.04791812574600318,-0.03592117664795641,-0.03112936407335609,-0.02633755149875583,-0.021545738924155455,-0.01675392634955508,-0.011962113774954819,-0.007170301200354445,-0.0023784886257541826,0.00241332394884608,0.007205136523446343
"2018-06-18",-0.03312101910828025,-0.039479013196328516,-0.01338151251011599,-0.009433611190483138,-0.005485709870850286,-0.0015378085512174344,0.002410092768415417,0.006357994088048269,0.01030589540768112,0.014253796727313972,0.018201698046946824,0.022149599366579675
"2018-06-15",0.00922266139657446,0.03791241619846164,-0.00973354670265636,-0.013524788322502479,-0.01731602994234871,-0.02110727156219483,-0.02489851318204106,-0.02868975480188718,-0.03248099642173341,-0.03627223804157942,-0.04006347966142565,-0.04385472128127188
"2018-06-14",-0.03524804177545693,-0.06862900407430239,-0.0009335397383057331,0.005929360669124528,0.012792261076554734,0.01965516148398494,0.026518061891415257,0.03338096229884546,0.04024386270627567,0.047106763113705985,0.05396966352113608,0.0608325639285664
"2018-06-13",-0.02841677943166443,-0.05162389232748388,-0.0026048332679224906,0.002557555964825875,0.007719945197574241,0.012882334430322717,0.018044723663071083,0.02320711289581945,0.028369502128567814,0.03353189136131618,0.038694280594064545,0.04385666982681291
"2018-06-12",-0.08635097493036203,-0.12376035996155244,-0.024470794949585817,-0.012094758953430595,0.00028127704272462584,0.012657313038879958,0.02503334903503518,0.0374093850311904,0.04978542102734562,0.06216145702350084,0.07453749301965618,0.08691352901581129
"2018-06-11",0.024390243902439046,-0.009887904880432008,0.029334196342654995,0.03032298683069823,0.03131177731874146,0.0323005678067847,0.03328935829482782,0.034278148782871054,0.03526693927091418,0.03625572975895741,0.037244520247000645,0.03823331073504388
"2018-06-08",-0.014880952380952217,-0.04311694658819476,0.006677520913145107,0.010989215571964639,0.01530091023078406,0.01961260488960359,0.023924299548423122,0.028235994207242543,0.03254768886606196,0.036859383524881495,0.041171078183701026,0.045482772842520336
"2018-06-07",0.030211480362537735,0.08103991396692756,-0.010308476620926044,-0.018412468017618755,-0.026516459414311577,-0.03462045081100429,-0.04272444220769711,-0.05082843360438982,-0.05893242500108253,-0.06703641639777524,-0.07514040779446818,-0.08324439919116089
"2018-06-06",-0.058651026392961714,-0.08587033963968593,-0.015715856573118747,-0.007128822609150154,0.001458211354818384,0.010045245318787033,0.01863227928275568,0.02721931324672422,0.03580634721069276,0.044393381174661406,0.052980415138630055,0.06156744910259848
"2018-06-05",-0.02336448598130836,-0.023905329557863397,-0.01141182120237666,-0.00902128824659032,-0.006630755290804036,-0.0042402223350176405,-0.0018496893792312452,0.000540843576555039,0.0029313765323414342,0.0053219094881277185,0.007712442443914003,0.010102975399700287
"2018-06-04",0.12599681020733655,0.3138543219950629,-0.030930350790194905,-0.062315782989701196,-0.09370121518920749,-0.12508664738871378,-0.15647207958822007,-0.18785751178772636,-0.21924294398723276,-0.25062837618673894,-0.28201380838624535,-0.3133992405857515
"2018-06-01",-0.011331444759206666,-0.03622410317754998,0.006780606829568381,0.010403017147323279,0.014025427465078288,0.017647837782833298,0.021270248100588307,0.024892658418343316,0.028515068736098326,0.032137479053853224,0.035759889371608344,0.03938229968936324
"2018-05-31",0.055873925501432664,0.03718762881066384,0.03728011109610074,0.033561348215034315,0.029842585333967997,0.02612382245290157,0.02240505957183525,0.018686296690768822,0.014967533809702394,0.011248770928635965,0.007530008047569758,0.00381124516650333
"2018-05-30",0.05020352781546822,0.052767977339096106,0.023819539145920166,0.01854274141201051,0.013265943678100967,0.007989145944191312,0.0027123482102817675,-0.0025644495236278875,-0.007841247257537542,-0.013118044991447197,-0.01839484272535663,-0.023671640459266285
"2018-05-29",-0.02713178294573637,-0.03584299144518044,-0.009210287223146152,-0.00562598807862813,-0.002041688934110053,0.0015426102104080242,0.00512690935492599,0.008711208499444067,0.012295507643962034,0.01587980678848011,0.019464105932998188,0.023048405077516265
"2018-05-25",0.07835325365205836,0.111304582116722,0.02270096259369736,0.011570504382025115,0.0004400461703529812,-0.010690412041319264,-0.02182087025299151,-0.03295132846466364,-0.04408178667633589,-0.05521224488800813,-0.06634270309968016,-0.0774731613113524
"2018-05-24",-0.07512315270935965,-0.11522733853548228,-0.017509483441618512,-0.005986749588070328,0.005535984265477967,0.01705871811902615,0.028581451972574445,0.04010418582612263,0.05162691967967081,0.063149653533219,0.0746723873867674,0.08619512124031559
"2018-05-23",-0.05592543275632489,-0.057172020165858095,-0.02733942267339584,-0.021622220656810076,-0.0159050186402242,-0.010187816623638435,-0.004470614607052559,0.0012465874095332063,0.0069637894261190825,0.012680991442704737,0.018398193459290613,0.02411539547587649
"2018-05-22",0.08462623413258119,0.16007939292675522,0.004586537669203583,-0.011421401623471938,-0.02742934091614746,-0.04343728020882298,-0.059445219501498614,-0.07545315879417402,-0.09146109808684955,-0.10746903737952507,-0.12347697667220059,-0.1394849159648761
"2018-05-21",-0.05461638491547449,-0.06675101065910571,-0.021240879585921635,-0.014565778520011063,-0.007890677454100548,-0.0012155763881899206,0.005459524677720706,0.012134625743631222,0.01880972680954185,0.025484827875452365,0.03215992894136288,0.0388350300072734
"2018-05-18",0.049518569463548934,0.08588925830497063,0.00657394031106362,-0.0020149855194334654,-0.01060391134993055,-0.019192837180427524,-0.02778176301092461,-0.036370688841421694,-0.04495961467191867,-0.053548540502415864,-0.06213746633291284,-0.07072639216341003
"2018-05-17",-0.01834862385321101,-0.04722549998216374,0.0052641261378708615,0.00998667613608728,0.014709226134303588,0.019431776132520007,0.024154326130736314,0.028876876128952733,0.03359942612716915,0.03832197612538557,0.04304452612360177,0.047767076121818186
"2018-05-16",-0.004005340453938522,0.03404553366040397,-0.021028107284140507,-0.024432660650180904,-0.0278372140162213,-0.031241767382261698,-0.034646320748302095,-0.03805087411434249,-0.041455427480383,-0.044859980846423286,-0.048264534212463794,-0.05166908757850408
"2018-05-15",0.06434316353887404,0.16682555964720214,-0.01906961628472703,-0.03575217224944727,-0.0524347282141675,-0.06911728417888763,-0.08579984014360786,-0.1024823961083281,-0.11916495207304822,-0.13584750803776857,-0.1525300640024887,-0.16921261996720904
"2018-05-14",0.0012594458438286438,0.0289379030726844,-0.013209505692513557,-0.016103295999781997,-0.018997086307050437,-0.021890876614318877,-0.024784666921587317,-0.027678457228855757,-0.03057224753612431,-0.03346603784339264,-0.03635982815066119,-0.03925361845792952
"2018-05-11",0.0012578616352201255,-0.004604231793379321,0.0035599775319097304,0.0040204007112477624,0.004480823890585683,0.004941247069923604,0.005401670249261525,0.005862093428599446,0.006322516607937478,0.006782939787275399,0.00724336296661332,0.007703786145951241
"2018-05-10",-0.09673366834170838,-0.13700633540170382,-0.02823050064085647,-0.014529867100686045,-0.0008292335605156742,0.012871399979654696,0.026572033519825067,0.04027266705999544,0.05397330060016581,0.06767393414033629,0.08137456768050666,0.09507520122067703
"2018-05-09",0.006954102920723182,-0.029616162709167337,0.02176218427530685,0.024723800546223584,0.027685416817140318,0.030647033088057052,0.033608649358973786,0.03657026562989052,0.03953188190080725,0.04249349817172399,0.04545511444264072,0.048416730713557454
"2018-05-08",0.006906077348066253,-0.010948152579889125,0.012380153638010816,0.01347496889599975,0.014569784153988685,0.01566459941197751,0.016759414669966444,0.01785422992795538,0.018949045185944202,0.020043860443933248,0.02113867570192207,0.022233490959911117
"2018-05-07",-0.03155006858710552,-0.050060196950474256,-0.0065199701118683895,-0.0015139504168210083,0.0034920692782264284,0.008498088973273865,0.013504108668321302,0.01851012836336874,0.023516148058416064,0.0285221677534635,0.03352818744851094,0.038534207143558374
"2018-05-04",0.004249291784702569,0.022141249016579767,-0.0068213327235873145,-0.009035457625245269,-0.011249582526903223,-0.013463707428561289,-0.015677832330219243,-0.017891957231877198,-0.020106082133535264,-0.022320207035193107,-0.024534331936851173,-0.026748456838509016
"2018-05-03",0.012693935119887145,0.008648594016842814,0.008369638111465738,0.007504778709781501,0.006639919308097153,0.005775059906412916,0.004910200504728568,0.004045341103044331,0.003180481701360094,0.002315622299675857,0.0014507628979913978,0.0005859034963071608
"2018-05-02",-0.00835654596100277,-0.022310755343482702,0.0027988317107385807,0.005029907245086895,0.007260982779435099,0.009492058313783414,0.011723133848131617,0.013954209382479932,0.016185284916828135,0.01841636045117656,0.020647435985524765,0.02287851151987297
"2018-05-01",0.,0.04293039245025465,-0.021465196225127325,-0.025758235470152768,-0.03005127471517821,-0.034344313960203765,-0.03863735320522921,-0.04293039245025465,-0.047223431695280205,-0.051516470940305537,-0.05580951018533109,-0.06010254943035642
"2018-04-30",-0.01544943820224709,-0.014905922193436116,-0.007996477105529032,-0.00650588488618542,-0.005015292666841864,-0.003524700447498197,-0.0020341082281545297,-0.0005435160088109736,0.0009470762105326935,0.0024376684298762497,0.003928260649219806,0.005418852868563362
"2018-04-27",0.004279600570613384,0.03222556917546915,-0.01183318401712119,-0.015055740934668105,-0.01827829785221502,-0.021500854769761935,-0.02472341168730885,-0.027945968604855764,-0.03116852552240279,-0.034391082439949594,-0.03761363935749662,-0.040836196275043424
"2018-04-26",-0.0042613636363636465,-0.0083140088906688,-0.00010435919102924629,0.0007270416980376115,0.0015584425871044694,0.0023898434761714382,0.003221244365238296,0.004052645254305154,0.004884046143372012,0.0057154470324388695,0.006546847921505727,0.007378248810572585
"2018-04-25",-0.03566333808844513,-0.05874655496359482,-0.006290060606647718,-0.00041540511028825833,0.005459250386071202,0.011333905882430773,0.017208561378790233,0.023083216875149692,0.028957872371509263,0.03483252786786861,0.04070718336422818,0.04658183886058753
"2018-04-24",-0.002958579881656709,0.014375479142290315,-0.010146319452801866,-0.011583867367030876,-0.013021415281259885,-0.014458963195489005,-0.015896511109718015,-0.017334059023947024,-0.018771606938176033,-0.020209154852405042,-0.02164670276663405,-0.02308425068086306
"2018-04-23",0.011869436201780381,0.022789130974377292,0.00047487071459173524,-0.0018040423828460384,-0.004082955480283701,-0.0063618685777214745,-0.008640781675159137,-0.01091969477259691,-0.013198607870034573,-0.015477520967472458,-0.01775643406491012,-0.020035347162347783
"2018-04-20",-0.004398826979472026,-0.005529661574044775,-0.0016339961924496382,-0.0010810300350451163,-0.0005280638776407054,0.000024902279763816537,0.0005778684371682274,0.0011308345945727494,0.0016838007519771603,0.0022367669093817932,0.002789733066786204,0.003342699224190615
"2018-04-19",0.00589101620029453,0.050258615551727504,-0.019238291575569222,-0.024264153130741928,-0.029290014685914745,-0.03431587624108745,-0.03934173779626027,-0.044367599351432974,-0.04939346090660579,-0.054419322461778386,-0.0594451840169512,-0.06447104557212402
"2018-04-18",-0.010248901903367469,0.04280404199905541,-0.03165092290289517,-0.03593132710280067,-0.04021173130270628,-0.044492135502611774,-0.04877253970251738,-0.05305294390242288,-0.057333348102328485,-0.06161375230223387,-0.06589415650213948,-0.07017456070204509
"2018-04-17",0.002958579881656709,-0.008448223873039895,0.007182691818176656,0.008027514205480646,0.008872336592784635,0.009717158980088625,0.010561981367392614,0.011406803754696604,0.012251626142000704,0.013096448529304583,0.013941270916608683,0.014786093303912562
"2018-04-16",-0.019174041297935096,-0.03727437874941586,-0.0005368519232271662,0.0031905859517143975,0.006918023826655961,0.010645461701597636,0.0143728995765392,0.018100337451480764,0.02182777532642244,0.02555521320136389,0.029282651076305566,0.03301008895124702
"2018-04-13",0.0015037593984963404,0.0008132024505931312,0.0010971581731997748,0.0010158379281404173,0.0009345176830811708,0.0008531974380218132,0.0007718771929625667,0.0006905569479032092,0.0006092367028438517,0.0005279164577844941,0.00044659621272535865,0.0003652759676660011
"2018-04-12",0.08258258258258255,0.26733888674338235,-0.051086860789108623,-0.07782074946344686,-0.1045546381377851,-0.13128852681212333,-0.15802241548646168,-0.1847563041607998,-0.21149019283513804,-0.23822408150947627,-0.2649579701838145,-0.29169185885815274
"2018-04-11",-0.002773925104022079,0.034625455539998296,-0.020086652874021227,-0.023549198428021056,-0.027011743982020886,-0.030474289536020716,-0.033936835090020545,-0.037399380644020375,-0.040861926198020204,-0.044324471752020034,-0.04778701730601986,-0.05124956286001969
"2018-04-10",0.,0.022790834220299594,-0.011395417110149797,-0.013674500532179779,-0.01595358395420976,-0.01823266737623963,-0.020511750798269612,-0.022790834220299594,-0.025069917642329465,-0.027349001064359557,-0.029628084486389428,-0.03190716790841952
"2018-04-09",-0.011126564673157202,-0.06749545139417046,0.02262116102392797,0.02937070616334503,0.036120251302762085,0.04286979644217914,0.0496193415815962,0.056368886721013256,0.0631184318604302,0.06986797699984726,0.07661752213926432,0.08336706727868137
"2018-04-06",0.,0.008092884279914614,-0.004046442139957307,-0.004855730567948746,-0.005665018995940185,-0.0064743074239317355,-0.007283595851923175,-0.008092884279914614,-0.008902172707906164,-0.009711461135897492,-0.010520749563889042,-0.01133003799188037
"2018-04-05",0.,0.016791977427742966,-0.008395988713871483,-0.010075186456645735,-0.011754384199420098,-0.01343358194219435,-0.015112779684968713,-0.016791977427742966,-0.01847117517051733,-0.02015037291329147,-0.021829570656065833,-0.023508768398840196
"2018-04-04",0.10689170182841079,0.14234858609911094,0.03571740877885532,0.02148255016894418,0.007247691559033154,-0.006987167050877985,-0.021222025660789012,-0.03545688427070015,-0.04969174288061118,-0.06392660149052243,-0.07816146010043346,-0.09239631871034448
"2018-04-03",0.0012706480304955914,0.0725865603065643,-0.03502263212278656,-0.04228128815344301,-0.04953994418409946,-0.0567986002147558,-0.06405725624541225,-0.0713159122760687,-0.07857456830672516,-0.08583322433738161,-0.09309188036803806,-0.10035053639869451
"2018-04-02",-0.010152284263959421,-0.06386094466431846,0.021778188068199755,0.028164282534631657,0.03455037700106345,0.04093647146749535,0.04732256593392725,0.05370866040035904,0.060094754866790945,0.06648084933322274,0.07286694379965453,0.07925303826608632
"2018-03-29",0.007692307692307665,0.013678952392300658,0.0008528314961573358,-0.0005150637430727523,-0.0018829589823028403,-0.0032508542215328173,-0.004618749460762905,-0.005986644699992993,-0.0073545399392229704,-0.00872243517845317,-0.010090330417683147,-0.011458225656913346
"2018-03-28",-0.027989821882951627,-0.06931790038995034,0.006669128312023487,0.01360091835101862,0.020532708390013643,0.027464498429008666,0.03439628846800369,0.04132807850699871,0.048259868545993734,0.05519165858498887,0.06212344862398378,0.06905523866297891
"2018-03-27",-0.011780104712041939,-0.023252888930289206,-0.00015366024689733582,0.002171628646131629,0.004496917539160483,0.006822206432189448,0.009147495325218302,0.011472784218247267,0.013798073111276232,0.016123362004305197,0.01844865089733394,0.020773939790362905
"2018-03-26",-0.017218543046357615,0.0008512626553245362,-0.017644174374019883,-0.01772930063955236,-0.017814426905084835,-0.0178995531706172,-0.017984679436149675,-0.01806980570168215,-0.018154931967214516,-0.018240058232747103,-0.018325184498279468,-0.018410310763812054
"2018-03-23",0.02156334231805923,0.04851567422817227,-0.0026944947960269028,-0.0075460622188441295,-0.012397629641661356,-0.017249197064478583,-0.02210076448729581,-0.026952331910113037,-0.031803899332930374,-0.03665546675574749,-0.04150703417856483,-0.046358601601381944
"2018-03-22",0.0079155672823219,0.03857522968592275,-0.011372047560639476,-0.015229570529231795,-0.019087093497824004,-0.022944616466416323,-0.026802139435008532,-0.03065966240360085,-0.03451718537219306,-0.03837470834078549,-0.0422322313093777,-0.04608975427796991
"2018-03-21",-0.03272251308900509,-0.05346499974933916,-0.00599001321433551,-0.0006435132394015941,0.004702986735532266,0.010049486710466238,0.01539598668540021,0.02074248666033407,0.02608898663526793,0.0314354866102019,0.03678198658513587,0.04212848656006962
"2018-03-20",0.03653585926928282,0.14245712633282426,-0.03469270389712931,-0.048938416530411755,-0.0631841291636942,-0.07742984179697654,-0.0916755544302591,-0.10592126706354144,-0.12016697969682388,-0.13441269233010633,-0.14865840496338878,-0.16290411759667123
"2018-03-19",0.0026109660574411553,0.03526695200652985,-0.01502250994582377,-0.018549205146476733,-0.022075900347129696,-0.02560259554778277,-0.029129290748435732,-0.032655985949088695,-0.03618268114974166,-0.03970937635039462,-0.043236071551047583,-0.046762766751700546
"2018-03-16",0.006510416666666741,0.05347595535494931,-0.020227561010807915,-0.025575156546302824,-0.030922752081797733,-0.03627034761729275,-0.04161794315278766,-0.04696553868828257,-0.05231313422377748,-0.05766072975927239,-0.0630083252947673,-0.0683559208302622
"2018-03-15",0.0064683053040104355,0.012725044402393415,0.00010578310281372794,-0.0011667213374255692,-0.0024392257776649773,-0.0037117302179042744,-0.0049842346581436825,-0.00625673909838298,-0.007529243538622277,-0.008801747978861574,-0.010074252419101093,-0.01134675685934039
"2018-03-14",-0.014138817480719656,-0.060046752008332205,0.01588455852344639,0.021889233724279644,0.027893908925112898,0.03389858412594615,0.039903259326779295,0.04590793452761255,0.0519126097284458,0.057917284929278945,0.06392196013011231,0.06992663533094545
"2018-03-13",0.,0.04636853452995693,-0.023184267264978464,-0.027821120717974157,-0.03245797417096985,-0.03709482762396554,-0.041731681076961236,-0.04636853452995693,-0.05100538798295262,-0.055642241435948314,-0.06027909488894401,-0.0649159483419397
"2018-03-12",0.,-0.024586793483401093,0.01229339674170049,0.0147520760900407,0.017210755438380798,0.019669434786720896,0.022128114135060994,0.024586793483401093,0.027045472831741302,0.0295041521800814,0.0319628315284215,0.034421510876761596
"2018-03-09",0.0013037809647979959,0.002764081843564359,-0.00007825995698418353,-0.0003546681413406638,-0.0006310763256970331,-0.0009074845100535134,-0.0011838926944098827,-0.001460300878766363,-0.0017367090631228432,-0.0020131172474793235,-0.0022895254318355818,-0.002565933616192062
"2018-03-08",0.015625,0.06087970329542847,-0.014814851647714233,-0.020902821977257124,-0.026990792306799904,-0.033078762636342796,-0.039166732965885576,-0.04525470329542847,-0.05134267362497136,-0.05743064395451425,-0.06351861428405692,-0.06960658461359981
"2018-03-07",0.01538461538461533,-0.003272286534682145,0.017020758651956402,0.01734798730542464,0.017675215958892876,0.018002444612361,0.01832967326582924,0.018656901919297475,0.0189841305727656,0.01931135922623395,0.019638587879702074,0.019965816533170422
"2018-03-06",0.007575757575757569,0.017640977385759093,-0.0012447311171219777,-0.003008828855697865,-0.004772926594273752,-0.00653702433284975,-0.008301122071425637,-0.010065219810001524,-0.011829317548577523,-0.013593415287153299,-0.015357513025729297,-0.017121610764305073
"2018-03-05",0.005012531328320913,-0.0003923538570964613,0.005208708256869143,0.005247943642578745,0.005287179028288458,0.00532641441399806,0.005365649799707772,0.005404885185417374,0.005444120571127087,0.0054833559568365775,0.00552259134254629,0.005561826728256003
"2018-03-02",-0.012468827930174564,-0.015179675001426363,-0.004878990429461383,-0.0033610229293187244,-0.001843055429176066,-0.00032508792903351846,0.00119287957110914,0.0027108470712517985,0.004228814571394457,0.005746782071537115,0.007264749571679774,0.008782717071822432
"2018-03-01",0.005050505050504972,0.005054326518286745,0.0025233417913615996,0.002017909139532925,0.0015124764877042507,0.0010070438358755762,0.0005016111840469017,-3.821467781772725e-6,-0.0005092541196105582,-0.0010146867714391217,-0.0015201194232679072,-0.0020255520750964706
"2018-02-28",-0.022613065326633208,-0.00799497798606752,-0.01861557633359945,-0.017816078534992674,-0.0170165807363859,-0.016217082937779237,-0.015417585139172463,-0.014618087340565689,-0.013818589541958914,-0.01301909174335214,-0.012219593944745366,-0.011420096146138592
"2018-02-27",0.003856041131105492,-0.014428431252122675,0.011070256757166774,0.012513099882379142,0.013955943007591398,0.015398786132803655,0.01684162925801591,0.018284472383228167,0.019727315508440535,0.02117015863365279,0.022613001758865048,0.024055844884077304
"2018-02-26",0.025608194622279035,0.05419777585891694,-0.001490693307179436,-0.0069104708930711745,-0.012330248478962802,-0.01775002606485454,-0.023169803650746168,-0.028589581236637907,-0.034009358822529645,-0.039429136408421384,-0.0448489139943129,-0.05026869158020464
"2018-02-23",0.,-0.01143416406462816,0.005717082032314025,0.006860498438776896,0.008003914845239657,0.009147331251702528,0.0102907476581654,0.01143416406462816,0.012577580471091032,0.013720996877553793,0.014864413284016553,0.016007829690479314
"2018-02-22",0.017478152309613026,0.011466560406634407,0.011744872106295823,0.010598216065632382,0.009451560024968941,0.0083049039843055,0.00715824794364206,0.006011591902978619,0.004864935862315178,0.0037182798216517376,0.002571623780988297,0.0014249677403248562
"2018-02-21",0.012269938650306678,-0.010972898636727124,0.017756387968670184,0.01885367783234293,0.019950967696015676,0.02104825755968842,0.022145547423361056,0.023242837287033802,0.024340127150706437,0.025437417014379182,0.026534706878051928,0.027631996741724674
"2018-02-20",0.15636363636363626,0.20806904645854218,0.05232911313436517,0.03152220848851095,0.010715303842656732,-0.010091600803197487,-0.030898505449051705,-0.051705410094905924,-0.07251231474076025,-0.09331921938661436,-0.11412612403246869,-0.1349330286783228
"2018-02-16",0.07756813417190767,0.30383626306600897,-0.07434999736109682,-0.10473362366769767,-0.13511724997429864,-0.1655008762808996,-0.19588450258750034,-0.2262681288941013,-0.25665175520070216,-0.28703538150730323,-0.3174190078139041,-0.34780263412050494
"2018-02-15",-0.05933852140077822,-0.1481745798886519,0.014748768543547675,0.02956622653241292,0.044383684521278055,0.0592011425101433,0.07401860049900855,0.08883605848787368,0.10365351647673893,0.11847097446560406,0.1332884324544692,0.14810589044333433
"2018-02-14",0.03722854188210967,0.08582156358778681,-0.0056822399117837374,-0.014264396270562418,-0.0228465526293411,-0.03142870898811978,-0.04001086534689846,-0.04859302170567714,-0.05717517806445582,-0.0657573344232345,-0.07433949078201318,-0.08292164714079187
"2018-02-13",0.038883349950149526,-0.006677647279147991,0.042222173589723466,0.04288993831763832,0.043557703045553064,0.04422546777346792,0.044893232501382774,0.04556099722929752,0.04622876195721237,0.046896526685127116,0.04756429141304186,0.0482320561409566
"2018-02-12",0.0019193857965451588,-0.004010408124752507,0.003924589858921412,0.004325630671396685,0.004726671483871958,0.00512771229634712,0.005528753108822393,0.005929793921297666,0.006330834733772939,0.006731875546248212,0.0071329163587234845,0.007533957171198757
"2018-02-09",0.03735632183908044,0.03735892752679737,0.018676858075681757,0.014940965323002042,0.011205072570322328,0.007469179817642502,0.003733287064962787,-2.605687716927818e-6,-0.0037384984403967536,-0.007474391193076357,-0.011210283945756183,-0.014946176698435787
"2018-02-08",-0.06186518928901186,-0.12436679810816409,0.0003182097650702431,0.012754889575886552,0.025191569386702972,0.03762824919751939,0.05006492900833581,0.06250160881915223,0.07493828862996865,0.08737496844078496,0.09981164825160138,0.1122483280624178
"2018-02-07",-0.0029527559055118058,0.0008044851930575359,-0.0033549985020405737,-0.0034354470213463495,-0.0035158955406521253,-0.00359634405995779,-0.003676792579263566,-0.0037572410985693416,-0.0038376896178751174,-0.003918138137180893,-0.003998586656486669,-0.004079035175792445
"2018-02-06",-0.009871668311944637,-0.03268487791742214,0.006470770646766377,0.009739258438508647,0.013007746230250805,0.016276234021993075,0.019544721813735344,0.022813209605477502,0.026081697397219772,0.02935018518896193,0.03261867298070409,0.03588716077244625
