"Date","unhedged","unhedged","0.5","0.6","0.7","0.8","0.9","1.","1.1","1.2","1.3","1.4"
"2020-12-28",0.03254067584480591,0.025571472903486603,0.01975493939306261,0.017197792102713994,0.014640644812365267,0.01208349752201665,0.009526350231667924,0.006969202941319308,0.004412055650970581,0.0018549083606220762,-0.0007022389297266507,-0.0032593862200753776
"2020-12-24",-0.002424242424242329,-0.0028353951832035262,-0.0010065448326405657,-0.0007230053143202353,-0.00043946579599984936,-0.00015592627767946343,0.00012761324064081148,0.0004111527589611974,0.0006946922772815833,0.0009782317956018582,0.0012617713139223552,0.00154531083224263
"2020-12-23",-0.08809234507897934,-0.08232607397341751,-0.04692930809227058,-0.03869670069492881,-0.030464093297587036,-0.022231485900245374,-0.0139988785029036,-0.0057662711055618265,0.002466336291779947,0.01069894368912172,0.018931551086463494,0.027164158483805267
"2020-12-22",-0.0006662225183210468,0.006278777179820061,-0.0038056111082310773,-0.004433488826213083,-0.0050613665441950895,-0.0056892442621770956,-0.006317121980159102,-0.006944999698141108,-0.007572877416123114,-0.00820075513410512,-0.008828632852087126,-0.009456510570069132
"2020-12-21",0.16199999999999992,0.1397953212163423,0.09210233939182877,0.0781228072701945,0.06414327514856033,0.050163743026926055,0.03618421090529178,0.022204678783657616,0.008225146662023342,-0.005754385459610933,-0.019733917581244986,-0.03371344970287926
"2020-12-18",0.09351692484222607,0.07360233215523349,0.056715758764609325,0.049355525549085955,0.041995292333562584,0.034635059118039324,0.027274825902515953,0.019914592686992583,0.012554359471469212,0.005194126255945841,-0.0021661069595775295,-0.0095263401751009
"2020-12-17",-0.02256033578174177,-0.010717992061539006,-0.017201339750972267,-0.01612954054481841,-0.015057741338664443,-0.013985942132510587,-0.01291414292635662,-0.011842343720202764,-0.010770544514048797,-0.009698745307895051,-0.008626946101741084,-0.007555146895587117
"2020-12-16",-0.004830917874396157,-0.006063771802325424,-0.0017990319732334448,-0.0011926547930009024,-0.0005862776127684155,0.0000200995674641824,0.0006264767476967803,0.0012328539279292672,0.001839231108161865,0.002445608288394352,0.003051985468626839,0.0036583626488593257
"2020-12-15",0.003775620280474623,0.0013535495313172774,0.0030988455148159844,0.002963490561684212,0.002828135608552551,0.002692780655420779,0.002557425702289118,0.0024220707491573457,0.0022867157960255735,0.0021513608428938014,0.0020160058897622513,0.0018806509366304791
"2020-12-14",0.0021493820526599094,-0.0058426028649073425,0.005070683485113525,0.005654943771604359,0.0062392040580950825,0.006823464344585806,0.007407724631076529,0.007991984917567252,0.008576245204058086,0.00916050549054881,0.009744765777039532,0.010329026063530256
"2020-12-11",0.034852546916890104,0.03269969790104632,0.018502697966366943,0.015232728176262311,0.01196275838615768,0.008692788596053047,0.005422818805948415,0.002152849015843783,-0.001117120774260849,-0.004387090564365481,-0.007657060354470113,-0.010927030144574745
"2020-12-10",-0.013989637305699465,-0.0038937397470498736,-0.012042767432174528,-0.011653393457469519,-0.011264019482764565,-0.01087464550805961,-0.010485271533354545,-0.010095897558649591,-0.009706523583944526,-0.009317149609239572,-0.008927775634534618,-0.008538401659829664
"2020-12-09",-0.0073568050446662925,-0.005612157620666136,-0.004550726234333224,-0.003989510472266589,-0.0034282947102000083,-0.002867078948133428,-0.0023058631860667367,-0.0017446474240001564,-0.001183431661933576,-0.0006222158998668847,-0.000061000137800415466,0.0005002156242662759
"2020-12-08",-0.014822657490735858,-0.01505840970456962,-0.007293452638451048,-0.00578761166799413,-0.004281770697537102,-0.002775929727080184,-0.0012700887566231556,0.000235752213833762,0.0017415931842906796,0.003247434154747597,0.004753275125204737,0.006259116095661654
"2020-12-07",-0.04245029554003221,-0.03743669966022822,-0.0237319457099181,-0.01998827574389528,-0.016244605777872456,-0.012500935811849634,-0.008757265845826812,-0.005013595879803989,-0.001269925913781056,0.0024737440522416554,0.006217414018264589,0.0099610839842873
"2020-12-04",-0.011784511784511675,-0.00369328075357811,-0.00993787140772262,-0.009568543332364787,-0.009199215257006954,-0.008829887181649232,-0.008460559106291399,-0.008091231030933566,-0.007721902955575732,-0.007352574880217899,-0.006983246804860066,-0.006613918729502233
"2020-12-03",0.009653605905735274,0.006411692175427808,0.00644775981802137,0.005806590600478612,0.005165421382935853,0.0045242521653929835,0.003883082947850225,0.0032419137303074663,0.0026007445127647077,0.001959575295221949,0.0013184060776791906,0.000677236860136432
"2020-12-02",-0.004499437570303688,-0.0033765025098969614,-0.0028111863153552075,-0.0024735360643655113,-0.0021358858133758707,-0.001798235562386119,-0.0014605853113963674,-0.0011229350604067267,-0.0007852848094170861,-0.00044763455842733446,-0.0001099843074375828,0.0002276659435519468
"2020-12-01",-0.012429378531073398,-0.012612301702767836,-0.00612322767968948,-0.004861997509412741,-0.0036007673391359463,-0.0023395371688591515,-0.0010783069985823568,0.00018292317169443795,0.0014441533419711217,0.0027053835122479164,0.003966613682524711,0.005227843852801506
"2020-11-30",-0.02231121281464521,-0.02247424588031177,-0.011074089874489323,-0.008826665286458146,-0.006579240698426969,-0.004331816110395792,-0.0020843915223646148,0.0001630330656665624,0.0024104576536978506,0.004657882241728917,0.006905306829760205,0.009152731417791271
"2020-11-27",-0.03335283791691046,-0.030619935383231156,-0.018042870225294882,-0.014980876686971789,-0.01191888314864864,-0.008856889610325491,-0.005794896072002453,-0.0027329025336793045,0.0003290910046437334,0.0033910845429668823,0.006453078081290031,0.00951507161961318
"2020-11-25",-0.013317191283292895,-0.014779233615795473,-0.005927574475395159,-0.004449651113815567,-0.0029717277522360863,-0.0014938043906564946,-0.000015881029077013942,0.0014620423325025778,0.0029399656940821695,0.004417889055661761,0.005895812417241131,0.0073737357788207225
"2020-11-24",0.,-0.0018168493507667582,0.0009084246753834346,0.0010901096104600771,0.0012717945455367197,0.0014534794806133622,0.0016351644156901157,0.0018168493507667582,0.0019985342858435118,0.0021802192209201543,0.002361904155996797,0.0025435890910734393
"2020-11-23",-0.06564417177914106,-0.06374836982634358,-0.03376998686596927,-0.027395149883334913,-0.02102031290070061,-0.014645475918066198,-0.008270638935431784,-0.0018958019527974823,0.00447903502983682,0.010853872012471233,0.017228708995105646,0.023603545977739837
"2020-11-20",-0.034143138542350515,-0.03471474915363393,-0.01678576396553355,-0.01331428905017018,-0.00984281413480681,-0.006371339219443328,-0.0028998643040799577,0.000571610611283413,0.004043085526646895,0.007514560442010154,0.010986035357373636,0.014457510272736895
"2020-11-19",-0.022433718558803384,-0.026594352378898733,-0.009136542369354017,-0.006477107131464099,-0.0038176718935742926,-0.0011582366556843748,0.001501198582205432,0.00416063382009535,0.006820069057985267,0.009479504295875185,0.012138939533764881,0.014798374771654799
"2020-11-18",-0.009040333796940248,-0.004475232957331876,-0.0068027173182743095,-0.006355194022541144,-0.005907670726807979,-0.005460147431074702,-0.005012624135341537,-0.004565100839608371,-0.004117577543875095,-0.0036700542481420406,-0.003222530952408764,-0.00277500765667571
"2020-11-17",0.07017543859649122,0.057804163937546615,0.041273356627717916,0.03549294023396321,0.029712523840208616,0.02393210744645391,0.018151691052699315,0.012371274658944609,0.006590858265189903,0.0008104418714351969,-0.004969974522319287,-0.010750390916073993
"2020-11-16",0.030163934426229444,0.022407510802865183,0.018960179024796853,0.016719427944510312,0.014478676864223772,0.012237925783937342,0.009997174703650802,0.007756423623364261,0.005515672543077832,0.0032749214627911805,0.001034170382504751,-0.0012065806977819005
"2020-11-13",-0.05792488860598333,-0.05617699811324173,-0.029836389549362463,-0.024218689738038313,-0.018600989926714107,-0.0129832901153899,-0.0073655903040658055,-0.0017478904927415995,0.0038698093185824955,0.009487509129906702,0.015105208941230908,0.020722908752555114
"2020-11-12",0.0006756756756756133,0.0008459668496167971,0.0002526922508672147,0.0001680955659055794,0.00008349888094383306,-1.0978040178022397e-6,-0.00008569448897954857,-0.00017029117394118387,-0.0002548878589028192,-0.0003394845438644545,-0.00042408122882631183,-0.0005086779137879471
"2020-11-11",-0.018906144496961486,-0.015474820538111667,-0.011168734227905652,-0.009621252174094486,-0.008073770120283319,-0.006526288066472152,-0.004978806012660986,-0.003431323958849819,-0.0018838419050385413,-0.0003363598512274857,0.001211122202583792,0.0027586042563948476
"2020-11-10",0.028217481073640638,0.024214375563545554,0.01611029329186786,0.013688855735513261,0.011267418179158772,0.008845980622804173,0.006424543066449684,0.004003105510095084,0.0015816679537405953,-0.0008397696026141155,-0.0032612071589686042,-0.005682644715323093
"2020-11-09",0.006693440428380271,0.0066162545206542855,0.003385313168053128,0.0027236877159877437,0.0020620622639222486,0.0014004368118568644,0.0007388113597913692,0.0000771859077259851,-0.0005844395443395101,-0.0012460649964047832,-0.0019076904484702784,-0.0025693159005357735
"2020-11-06",-0.01861702127659559,-0.015383244976624133,-0.010925398788283525,-0.009387074290621134,-0.007848749792958687,-0.00631042529529624,-0.004772100797633905,-0.003233776299971458,-0.0016954518023090115,-0.0001571273046466759,0.0013811971930158817,0.0029195216906782173
"2020-11-05",-0.014227642276422703,-0.014714792101302443,-0.006870246225771481,-0.005398767015641237,-0.003927287805510993,-0.0024558085953807485,-0.0009843293852505042,0.0004871498248797401,0.0019586290350099844,0.0034301082451402287,0.004901587455270473,0.006373066665400717
"2020-11-04",-0.007560137457044647,-0.0037965896080009998,-0.005661842653044147,-0.005282183692244091,-0.004902524731443925,-0.004522865770643869,-0.0041432068098437025,-0.003763547849043647,-0.0033838888882435914,-0.003004229927443536,-0.002624570966643258,-0.0022449120058432026
"2020-11-03",0.011772853185595622,0.01114968564701413,0.006198010362088557,0.005083041797387167,0.003968073232685776,0.002853104667984274,0.0017381361032828835,0.0006231675385814928,-0.000491801026119898,-0.0016067695908212887,-0.0027217381555226794,-0.00383670672022407
"2020-11-02",-0.001368925393566034,0.0015841272384256033,-0.0021609890127788356,-0.0023194017366213737,-0.002477814460463912,-0.002636227184306561,-0.002794639908149099,-0.0029530526319916373,-0.0031114653558341754,-0.0032698780796767135,-0.0034282908035192516,-0.0035867035273617898
"2020-10-30",-0.05620287868403018,-0.06237270840658837,-0.02501652448073599,-0.018779253640077154,-0.012541982799418316,-0.006304711958759479,-0.0000674411181006418,0.0061698297225581955,0.012407100563217033,0.01864437140387587,0.024881642244534707,0.031118913085193545
"2020-10-29",-0.04066811909949164,-0.05133299606454389,-0.015001621067219695,-0.009868321460765328,-0.004735021854310961,0.00039827775214351657,0.005531577358597883,0.01066487696505225,0.015798176571506617,0.020931476177960984,0.02606477578441535,0.031198075390869717
"2020-10-28",0.08402725208175621,0.08181320700020311,0.04312064858165465,0.03493932788163434,0.02675800718161403,0.01857668648159372,0.010395365781573407,0.0022140450815530954,-0.005967275618467216,-0.014148596318487527,-0.02232991701850784,-0.03051123771852815
"2020-10-27",0.0041899441340782495,-0.002357267117771622,0.0053685776929640605,0.005604304404741245,0.005840031116518429,0.006075757828295503,0.006311484540072687,0.0065472112518498715,0.006782937963627056,0.00701866467540424,0.007254391387181425,0.007490118098958609
"2020-10-26",0.008344923504867818,0.011001196500415755,0.0028443252546599407,0.0017442056046184096,0.0006440859545767674,-0.0004560336954647637,-0.0015561533455064058,-0.002656272995547937,-0.003756392645589468,-0.004856512295630999,-0.005956631945672752,-0.0070567515957142835
"2020-10-23",0.028275862068965596,0.020428894546611787,0.018061414795659703,0.01601852534099857,0.013975635886337323,0.011932746431676189,0.009889856977014944,0.00784696752235381,0.005804078067692675,0.003761188613031541,0.0017182991583701845,-0.0003245902962909497
"2020-10-22",-0.024144869215291687,-0.022137601202948942,-0.013076068613817216,-0.010862308493522321,-0.008648548373227483,-0.006434788252932533,-0.004221028132637583,-0.0020072680123427444,0.00020649210795209427,0.002420252228247044,0.004634012348541994,0.006847772468836721
"2020-10-21",0.0034364261168384758,0.003474125595335442,0.0016993633191707547,0.0013519507596372327,0.0010045382001037106,0.0006571256405700776,0.0003097130810365556,-0.00003769947849696642,-0.00038511203803048843,-0.0007325245975640104,-0.0010799371570975325,-0.0014273497166310545
"2020-10-20",0.00136986301369868,-0.0042510020928665515,0.0034953640601319558,0.003920464269418611,0.004345564478705266,0.004770664687991921,0.005195764897278576,0.0056208651065652315,0.006045965315851998,0.006471065525138542,0.006896165734425308,0.007321265943711852
"2020-10-19",0.002735978112175186,0.009889153137953688,-0.002208598456801658,-0.0031975137705970713,-0.0041864290843923735,-0.005175344398187787,-0.006164259711983089,-0.007153175025778502,-0.008142090339573915,-0.009131005653369328,-0.01011992096716452,-0.011108836280959933
"2020-10-16",-0.012278308321964526,-0.01550967308622997,-0.0045234717788495415,-0.002972504470226567,-0.0014215371616035366,0.00012943014701949362,0.0016803974556424128,0.003231364764265443,0.004782332072888473,0.0063332993815113925,0.007884266690134534,0.009435233998757453
"2020-10-15",-0.035220994475138045,-0.02842659091593136,-0.021007699017172365,-0.018165039925579274,-0.015322380833986071,-0.01247972174239298,-0.009637062650799777,-0.006794403559206685,-0.003951744467613594,-0.0011090853760205022,0.0017335737155728115,0.004576232807165903
"2020-10-14",0.06156048675733716,0.055154722057905836,0.033983125728384245,0.028467653522593617,0.0229521813168031,0.01743670911101247,0.011921236905221955,0.006405764699431327,0.0008902924936406986,-0.004625179712149929,-0.010140651917940335,-0.015656124123730963
"2020-10-13",0.03236682400539448,0.04541425619545869,0.009659695907665133,0.0051182702881192865,0.0005768446685734396,-0.003964580950972518,-0.008506006570518365,-0.013047432190064212,-0.01758885780961017,-0.022130283429155906,-0.026671709048701864,-0.0312131346682476
"2020-10-12",0.08621815806662303,0.0639865947368563,0.05422486069819488,0.0478262012245092,0.04142754175082364,0.03502888227713796,0.0286302228034524,0.022231563329766724,0.01583290385608116,0.009434244382395374,0.0030355849087098097,-0.0033630745649757543
"2020-10-09",-0.01864101022248943,-0.020565274825826152,-0.008358372809576353,-0.006301845326993738,-0.004245317844411178,-0.0021887903618285076,-0.0001322628792458369,0.0019242646033367228,0.0039807920859193935,0.006037319568501953,0.008093847051084513,0.010150374533667073
"2020-10-08",-0.027573529411764608,-0.023512321447133222,-0.015817368688197997,-0.013466136543484719,-0.011114904398771386,-0.008763672254058053,-0.006412440109344719,-0.004061207964631386,-0.0017099758199180526,0.0006412563247951697,0.002992488469508614,0.005343720614221836
"2020-10-07",0.030875866414618702,0.035990217221317566,0.012880757803959919,0.00928173608182814,0.005682714359696361,0.0020836926375646936,-0.0015153290845670853,-0.005114350806698864,-0.008713372528830643,-0.012312394250962422,-0.0159114159730942,-0.01951043769522598
"2020-10-06",0.009779951100244544,0.012402402592872175,0.0035787498038084564,0.0023385095445211945,0.0010982692852340437,-0.00014197097405321824,-0.001382211233340369,-0.002622451492627631,-0.003862691751914893,-0.005102932011202155,-0.006343172270489195,-0.0075834125297764565
"2020-10-05",0.0690072639225181,0.08182264701312647,0.028095940415954868,0.0199136757146422,0.011731411013329529,0.003549146312016971,-0.004633118389295698,-0.012815383090608368,-0.020997647791920926,-0.029179912493233706,-0.037362177194546264,-0.045544441895859045
"2020-10-02",0.013590033975084959,0.018530358098388433,0.004324854925890742,0.0024718191160518765,0.000618783306213011,-0.0012342525036257435,-0.003087288313464609,-0.0049403241233034745,-0.006793359933142229,-0.008646395742981206,-0.01049943155281996,-0.012352467362658937
"2020-10-01",-0.011173184357541888,-0.006590909866237227,-0.007877729424423274,-0.007218638437799574,-0.006559547451175818,-0.005900456464552062,-0.005241365477928417,-0.004582274491304661,-0.003923183504681016,-0.00326409251805726,-0.002605001531433504,-0.001945910544809748
"2020-09-30",0.01638418079096038,0.021638123757293126,0.005565118912313816,0.0034013065365845474,0.0012374941608551682,-0.0009263182148741,-0.0030901305906034793,-0.0052539429663327475,-0.007417755342062016,-0.009581567717791284,-0.011745380093520774,-0.013909192469250042
"2020-09-29",-0.022234574763757564,-0.020164705882352862,-0.012152221822581133,-0.010135751234345847,-0.00811928064611056,-0.006102810057875274,-0.004086339469639988,-0.0020698688814047017,-0.00005339829316941547,0.0019630722950658708,0.003979542883301157,0.005996013471536443
"2020-09-28",-0.006253553155201708,-0.0046552155910272175,-0.003925945359688099,-0.0034604238005854215,-0.0029949022414826887,-0.002529380682379956,-0.002063859123277223,-0.0015983375641744901,-0.0011328160050718683,-0.0006672944459691355,-0.0002017728868664026,0.00026374867223633025
"2020-09-25",-0.035469107551487467,-0.03938963641042603,-0.01577428934627445,-0.011835325705231825,-0.0078963620641892,-0.003957398423146685,-0.0000184347821040598,0.003920528858938566,0.00785949249998108,0.011798456141023816,0.01573741978206633,0.019676383423109067
"2020-09-24",0.013641755634638209,0.014331229235085896,0.0064761410170952605,0.005043018093586649,0.003609895170078037,0.002176772246569536,0.0007436493230609242,-0.0006894736004476876,-0.0021225965239561884,-0.003555719447464911,-0.004988842370973412,-0.006421965294482135
"2020-09-23",0.06202457577530729,0.06207899977479814,0.03098507588790822,0.024777175910428384,0.018569275932948548,0.012361375955468823,0.006153475977988987,-0.000054423999490849084,-0.006262323976970574,-0.012470223954450521,-0.018678123931930246,-0.024886023909410193
"2020-09-22",0.011019283746556363,0.007892049112991018,0.007073259190060854,0.006284054278761775,0.005494849367462695,0.004705644456163505,0.003916439544864425,0.0031272346335653456,0.002338029722266155,0.0015488248109671865,0.0007596198996679959,-0.000029585011630972602
"2020-09-21",0.038147138964577554,0.03376954671771548,0.021262365605719813,0.017885410933948243,0.014508456262176672,0.011131501590405213,0.007754546918633642,0.004377592246862072,0.0010006375750906127,-0.0023763170966810687,-0.005753271768452528,-0.00913022644022421
"2020-09-18",0.021522309711285992,0.02566837284827206,0.008688123287149963,0.006121286002322757,0.003554448717495551,0.000987611432668345,-0.001579225852158861,-0.004146063136986067,-0.006712900421813384,-0.009279737706640478,-0.011846574991467795,-0.01441341227629489
"2020-09-17",-0.020041109969167525,-0.027480706682359468,-0.006300756627987791,-0.003552685959751889,-0.0008046152915158755,0.0019434553767200269,0.00469152604495604,0.007439596713191943,0.010187667381427845,0.012935738049663748,0.015683808717899872,0.018431879386135774
"2020-09-16",-0.002621919244887194,0.013823122566586798,-0.009533480528180593,-0.010915792784839229,-0.012298105041497975,-0.01368041729815661,-0.015062729554815357,-0.016445041811473993,-0.01782735406813274,-0.019209666324791264,-0.02059197858145001,-0.021974290838108756
"2020-09-15",-0.01577287066246047,-0.010677191437174827,-0.010434274943873056,-0.009366555800155552,-0.008298836656438047,-0.007231117512720653,-0.006163398369003148,-0.005095679225285643,-0.004027960081568249,-0.0029602409378506334,-0.0018925217941332395,-0.0008248026504156236
"2020-09-14",0.06196581196581197,0.059740658067374275,0.03209548293212483,0.026121417125387403,0.020147351318649975,0.014173285511912548,0.00819921970517512,0.002225153898437693,-0.0037489119082998457,-0.009722977715037162,-0.0156970435217747,-0.021671109328512017
"2020-09-11",0.008551307847082468,0.015335327126847043,0.0008836442836589464,-0.0006498884290258022,-0.00218342114171044,-0.0037169538543951886,-0.005250486567079826,-0.006784019279764575,-0.008317551992449213,-0.009851084705134072,-0.01138461741781871,-0.012918150130503347
"2020-09-10",-0.0044887780548628076,-0.0007858678395956664,-0.004095844135064974,-0.004017257351105363,-0.003938670567145808,-0.0038600837831862522,-0.0037814969992266967,-0.003702910215267141,-0.0036243234313075856,-0.003545736647347919,-0.0034671498633884745,-0.003388563079428808
"2020-09-09",0.012024048096192397,0.01713528944464593,0.003456403373869432,0.0017428744294047949,0.000029345484940268562,-0.0016841834595243688,-0.003397712403988895,-0.005111241348453532,-0.006824770292918059,-0.008538299237382807,-0.010251828181847333,-0.01196535712631186
"2020-09-08",0.04801980198019806,0.04637177862848918,0.024833912665953473,0.020196734803104577,0.015559556940255681,0.010922379077406674,0.0062852012145577785,0.0016480233517088827,-0.002989154511140013,-0.007626332373988909,-0.012263510236837805,-0.0169006880996867
"2020-09-04",0.013698630136986356,0.032553724161679565,-0.0025782319438534262,-0.005833604360021338,-0.009088976776189361,-0.012344349192357273,-0.015599721608525297,-0.01885509402469321,-0.02211046644086112,-0.025365838857029033,-0.028621211273197167,-0.03187658368936508
"2020-09-03",-0.02236719478098792,-0.014250329893785052,-0.015242029834095394,-0.013816996844716933,-0.012391963855338362,-0.0109669308659599,-0.009541897876581329,-0.008116864887202868,-0.006691831897824296,-0.0052667989084459466,-0.0038417659190673747,-0.002416732929688803
"2020-09-02",0.017635843660629202,0.024517253423893548,0.005377216948682428,0.0029254916062930736,0.0004737662639037188,-0.001977959078485636,-0.004429684420874991,-0.006881409763264346,-0.009333135105653811,-0.011784860448043055,-0.014236585790432521,-0.016688311132821765
"2020-09-01",-0.024355971896955486,-0.032651137800760566,-0.008030402996575203,-0.004765289216499102,-0.0015001754364231124,0.0017649383436529886,0.005030052123728979,0.00829516590380508,0.01156027968388118,0.014825393463957282,0.01809050724403316,0.02135562102410926
"2020-08-31",-0.0019203072491598139,-0.009374766461198725,0.0027670759814395485,0.003704552627559421,0.004642029273679293,0.005579505919799166,0.006516982565919038,0.007454459212038911,0.008391935858158783,0.009329412504278656,0.010266889150398528,0.0112043657965184
"2020-08-28",-0.06108706108706108,-0.06302377000780457,-0.029575176083158794,-0.023272799082378337,-0.016970422081597936,-0.010668045080817423,-0.004365668080036911,0.0019367089207434907,0.008239085921524003,0.014541462922304405,0.020843839923084806,0.027146216923865207
"2020-08-27",0.012807377049180335,0.017795568155047903,0.003909592971656384,0.0021300361561515935,0.0003504793406468032,-0.001429077474857987,-0.0032086342903627774,-0.004988191105867568,-0.006767747921372358,-0.008547304736877148,-0.010326861552381938,-0.012106418367886729
"2020-08-26",-0.014162873039959556,-0.016550774459440865,-0.005887485810239124,-0.004232408364295059,-0.002577330918350995,-0.0009222534724068199,0.0007328239735372444,0.0023879014194813086,0.004042978865425373,0.005698056311369437,0.007353133757313501,0.009008211203257566
"2020-08-25",-0.03181118522319126,-0.034634798851630455,-0.014493785797376035,-0.01103030591221299,-0.007566826027049944,-0.004103346141886899,-0.0006398662567238533,0.002823613628439192,0.006287093513602349,0.009750573398765283,0.01321405328392844,0.016677533169091374
"2020-08-24",-0.05829358770535231,-0.0646404338576877,-0.025973370776508464,-0.01950932739073974,-0.013045284004970958,-0.006581240619202178,-0.00011719723343339705,0.006346846152335384,0.012810889538104053,0.019274932923872834,0.025738976309641615,0.032203019695410395
"2020-08-21",0.006752954417557744,0.016075391684391427,-0.0012847414246379696,-0.0028922805930771123,-0.004499819761516255,-0.006107358929955398,-0.00771489809839454,-0.009322437266833683,-0.010929976435272826,-0.012537515603711968,-0.014145054772151111,-0.015752593940590254
"2020-08-20",-0.018446059250978086,-0.03460025219316032,-0.0011459331543979268,0.0023140920649180607,0.005774117284234159,0.009234142503550147,0.012694167722866245,0.016154192942182233,0.01961421816149822,0.023074243380814208,0.026534268600130417,0.029994293819446405
"2020-08-19",0.03018223234624151,0.037068014458566,0.01164822511695851,0.007941423671101955,0.004234622225245288,0.0005278207793887324,-0.0031789806664679343,-0.00688578211232449,-0.010592583558181046,-0.014299385004037601,-0.01800618644989438,-0.021712987895750935
"2020-08-18",-0.01990049751243772,-0.023840257732515968,-0.007980368646179736,-0.005596342872928095,-0.0032123170996765094,-0.0008282913264249236,0.001555734446826662,0.003939760220078248,0.0063237859933298335,0.00870781176658153,0.011091837539833005,0.013475863313084702
"2020-08-17",-0.002256063169768785,-0.0010355085288245025,-0.0017383089053565337,-0.001634758052474039,-0.0015312071995916554,-0.0014276563467091608,-0.0013241054938267771,-0.0012205546409442825,-0.0011170037880618988,-0.0010134529351792931,-0.0009099020822969095,-0.0008063512294145259
"2020-08-14",0.04804974561899389,0.048247067914408026,0.023926211661789876,0.019101504870349117,0.014276798078908248,0.00945209128746749,0.004627384496026621,-0.00019732229541413737,-0.005022029086855007,-0.009846735878295654,-0.014671442669736523,-0.019496149461177392
"2020-08-13",-0.0005393743257819938,0.004184989878606826,-0.002631869265085407,-0.003050368252946134,-0.00346886724080675,-0.003887366228667477,-0.004305865216528093,-0.00472436420438882,-0.005142863192249436,-0.005561362180110274,-0.00597986116797089,-0.006398360155831506
"2020-08-12",-0.1473286562331354,-0.15571697741603563,-0.06947016752511759,-0.05389846978351398,-0.038326772041910484,-0.022755074300306877,-0.00718337655870338,0.008388321182900227,0.023960018924503834,0.03953171666610744,0.05510341440771083,0.07067511214931443
"2020-08-11",0.018354430379746933,0.023535825175985403,0.006586517791754232,0.004232935274155691,0.001879352756557151,-0.00047422976104138925,-0.0028278122786399296,-0.00518139479623847,-0.007534977313837121,-0.00988855983143555,-0.012242142349034202,-0.014595724866632631
"2020-08-10",-0.017402113113735185,-0.028184171525516,-0.003310027350977185,-0.000491610198425585,0.002326806954126015,0.005145224106677615,0.007963641259229215,0.010782058411780815,0.013600475564332415,0.016418892716884015,0.019237309869435615,0.022055727021987215
"2020-08-07",-0.23655913978494625,-0.23867434356152906,-0.11722196800418172,-0.09335453364802881,-0.06948709929187591,-0.045619664935723,-0.021752230579570098,0.002115203776582808,0.025982638132735714,0.04985007248888862,0.07371750684504152,0.09758494120119443
"2020-08-06",-0.10936205468102733,-0.08662584691109099,-0.06604913122548184,-0.057386546534372695,-0.04872396184326366,-0.04006137715215452,-0.03139879246104549,-0.022736207769936345,-0.014073623078827313,-0.005411038387718059,0.003251546303390973,0.011914130994500005
"2020-08-05",-0.07999999999999996,-0.0971104041322195,-0.03144479793389021,-0.021733757520668306,-0.01202271710744629,-0.002311676694224385,0.007399363718997631,0.017110404132219537,0.026821444545441442,0.03653248495866335,0.046243525371885474,0.05595456578510738
"2020-08-04",0.09403437815975724,0.08648554712390655,0.05079160459780396,0.042143049885413286,0.03349449517302261,0.024845940460632043,0.016197385748241366,0.007548831035850689,-0.0010997236765399876,-0.009748278388930665,-0.01839683310132134,-0.02704538781371202
"2020-08-03",-0.01201478743068396,-0.009878218280494844,-0.007075678290436538,-0.006087856462387076,-0.0051000346343376135,-0.00411221280628804,-0.003124390978238578,-0.002136569150189116,-0.0011487473221396538,-0.00016092549409019163,0.0008268963339592705,0.0018147181620087327
"2020-07-31",0.17305893358278768,0.1657893124328058,0.09016427736638477,0.07358534612310419,0.05700641487982361,0.04042748363654303,0.023848552393262445,0.007269621149981864,-0.009309310093298828,-0.0258882413365793,-0.04246717257985999,-0.05904610382314046
"2020-07-30",-0.006379585326953707,-0.013145131618556904,0.00019298048232474496,0.0015074936441804576,0.0028220068060361703,0.004136519967891772,0.0054510331297474846,0.006765546291603197,0.00808005945345891,0.009394572615314623,0.010709085777170335,0.012023598939026048
"2020-07-29",0.01284109149277679,0.00960805960128086,0.00803706169213636,0.007076255732008319,0.006115449771880166,0.005154643811752124,0.004193837851623972,0.00323303189149593,0.0022722259313678883,0.0013114199712398467,0.00035061401111158297,-0.0006101919490164587
"2020-07-28",0.06893819334389861,0.06482270433243764,0.03652684117767979,0.030044570744436006,0.02356230031119222,0.017080029877948544,0.010597759444704757,0.004115489011460971,-0.0023667814217827043,-0.008849051855026602,-0.015331322288270277,-0.021813592721514174
"2020-07-27",-0.012601927353595221,-0.016247151268754978,-0.0044783517192177325,-0.002853636592342279,-0.0012289214654667147,0.00039579366140873873,0.002020508788284303,0.0036452239151597565,0.005269939042035321,0.006894654168910663,0.008519369295786228,0.010144084422661792
"2020-07-24",0.005255255255255165,0.00811581286321239,0.0011973488236489693,0.0003857675373277747,-0.00042581374899353097,-0.0012373950353147256,-0.0020489763216360313,-0.002860557607957226,-0.0036721388942784206,-0.004483720180599615,-0.005295301466921032,-0.0061068827532422265
"2020-07-23",0.0022404779686333587,0.005457308857946597,-0.00048817646033993967,-0.0010339073461346215,-0.0015796382319293034,-0.0021253691177238743,-0.002671100003518556,-0.003216830889313238,-0.003762561775107809,-0.004308292660902602,-0.004854023546697173,-0.0053997544324919655
"2020-07-22",-0.045454545454545414,-0.04079875095417396,-0.025055169977458436,-0.020975294882041084,-0.016895419786623678,-0.012815544691206271,-0.008735669595788864,-0.004655794500371457,-0.0005759194049541616,0.003503955690463245,0.007583830785880652,0.011663705881298059
"2020-07-21",0.014051522248243575,0.013665280675070335,0.007218881910708408,0.005852353843201374,0.004485825775694341,0.0031192977081873074,0.001752769640680274,0.0003862415731732405,-0.000980286494333793,-0.0023468145618408265,-0.00371334262934786,-0.0050798706968548935
"2020-07-20",-0.04157043879907618,-0.037293568392446574,-0.022923654602852894,-0.01919429776360826,-0.015464940924363568,-0.011735584085118878,-0.008006227245874298,-0.004276870406629607,-0.0005475135673850273,0.0031818432718596634,0.006911200111104354,0.010640556950349045
"2020-07-17",0.10843373493975905,0.08828700151678204,0.06429023418136803,0.055461534029689785,0.04663283387801165,0.0378041337263334,0.028975433574655263,0.020146733422977015,0.011318033271298766,0.002489333119620518,-0.006339367032057508,-0.015168067183735756
"2020-07-16",-0.007971014492753503,-0.0004611291752880664,-0.00774044990510947,-0.007694336987580708,-0.0076482240700518345,-0.007602111152523072,-0.007555998234994199,-0.007509885317465437,-0.0074637723999365635,-0.007417659482407912,-0.007371546564879039,-0.007325433647350166
"2020-07-15",0.07962016070124167,0.08570904703321669,0.036765637184633326,0.028194732481311657,0.01962382777798999,0.01105292307466832,0.0024820183713466504,-0.006088886331975019,-0.014659791035296799,-0.023230695738618357,-0.03180160044194014,-0.040372505145261695
"2020-07-14",0.002029769959404515,0.005515817457766525,-0.0007281387694787478,-0.0012797205152553781,-0.0018313022610320084,-0.00238288400680875,-0.00293446575258538,-0.0034860474983620104,-0.004037629244138641,-0.004589210989915271,-0.005140792735691901,-0.005692374481468532
"2020-07-13",-0.002025658338960179,0.006281982169897837,-0.005166649423909098,-0.005794847640898881,-0.006423045857888665,-0.007051244074878449,-0.007679442291868233,-0.008307640508858016,-0.0089358387258478,-0.009564036942837584,-0.010192235159827367,-0.010820433376817151
"2020-07-10",-0.005412719891745632,-0.0048092712735885446,-0.0030080842549513598,-0.0025271571275925497,-0.0020462300002336287,-0.0015653028728748186,-0.0010843757455158975,-0.0006034486181570875,-0.00012252149079816643,0.0003584056365605326,0.0008393327639194537,0.0013202598912783747
"2020-07-09",-0.07210884353741487,-0.07093500250890294,-0.036641342282963396,-0.029547842032073057,-0.022454341781182774,-0.01536084153029249,-0.008267341279402207,-0.0011738410285119238,0.0059196592223784705,0.013013159473268754,0.020106659724159037,0.02720015997504932
"2020-07-08",0.02126099706744866,0.021011180341233393,0.010755406896831965,0.008654288862708581,0.0065531708285853085,0.004452052794461925,0.002350934760338652,0.0002498167262152684,-0.0018513013079080043,-0.003952419342031499,-0.006053537376154772,-0.008154655410278044
"2020-07-07",-0.03015075376884413,-0.02587997770024497,-0.017210764918721644,-0.014622767148697147,-0.01203476937867265,-0.009446771608648152,-0.006858773838623655,-0.004270776068599158,-0.0016827782985746609,0.0009052194714498363,0.0034932172414743334,0.006081215011498831
"2020-07-06",0.05477424130273878,0.055229639257496244,0.027159421673990658,0.021636457748241078,0.016113493822491387,0.010590529896741807,0.005067565970992116,-0.0004553979547574638,-0.005978361880507155,-0.011501325806256624,-0.017024289732006315,-0.022547253657756006
"2020-07-02",-0.00140350877192974,-0.0015757315153239748,-0.0006156430142677527,-0.000458069862735333,-0.0003004967112029133,-0.00014292355967060466,0.000014649591861815026,0.0001722227433942347,0.0003297958949266544,0.0004873690464590741,0.0006449421979914938,0.0008025153495239135
"2020-07-01",-0.04216444132115249,-0.04186585421763567,-0.021231514212334657,-0.017044928790571068,-0.012858343368807534,-0.008671757947044001,-0.0044851725252803565,-0.00029858710351682305,0.0038879983182468214,0.008074583740010355,0.012261169161773888,0.01644775458353742
"2020-06-30",0.01247248716067495,0.019628398756495802,0.002658287782427049,0.0006954479067774466,-0.0012673919688721558,-0.003230231844521647,-0.0051930717201712495,-0.007155911595820852,-0.009118751471470343,-0.011081591347120057,-0.013044431222769548,-0.015007271098419261
"2020-06-29",0.03695652173913033,0.033796880266097507,0.02005808160608158,0.016678393579471873,0.013298705552862056,0.00991901752625235,0.006539329499642532,0.003159641473032826,-0.0002200465535768803,-0.0035997345801865865,-0.006979422606796515,-0.010359110633406221
"2020-06-26",0.0656883298392732,0.05570129042996452,0.037837684624290935,0.03226755558129446,0.026697426538297986,0.021127297495301622,0.015557168452305148,0.009987039409308673,0.00441691036631231,-0.0011532186766842756,-0.006723347719680639,-0.012293476762677225
"2020-06-25",-0.003934426229508126,0.002491335053292687,-0.005180093756154469,-0.00542922726148376,-0.005678360766813051,-0.005927494272142231,-0.006176627777471522,-0.006425761282800813,-0.0066748947881299925,-0.006924028293459394,-0.007173161798788574,-0.007422295304117976
"2020-06-24",0.024358130348913765,0.021886681605257197,0.013414789546285166,0.011226121385759402,0.00903745322523375,0.006848785064707985,0.004660116904182332,0.002471448743656568,0.0002827805831309149,-0.0019058875773949602,-0.004094555737920613,-0.006283223898446266
"2020-06-23",0.,0.008079256077567099,-0.004039628038783549,-0.004847553646540215,-0.005655479254296991,-0.006463404862053657,-0.007271330469810433,-0.008079256077567099,-0.008887181685323764,-0.00969510729308043,-0.010503032900837317,-0.011310958508593982
"2020-06-22",0.13431876606683812,0.11758812864087775,0.07552470174639925,0.0637658888823115,0.05200707601822374,0.04024826315413588,0.028489450290048235,0.01673063742596037,0.0049718245618726176,-0.006786988302215136,-0.01854580116630289,-0.030304614030390642
"2020-06-19",0.011898016997167193,0.00029579151891190314,0.011750121237711242,0.011720542085820074,0.011690962933928906,0.011661383782037626,0.011631804630146458,0.01160222547825529,0.011572646326364122,0.011543067174472954,0.011513488022581786,0.011483908870690618
"2020-06-18",-0.008958566629339249,-0.010394787482463475,-0.0037611728881075113,-0.0027216941398611194,-0.0016822153916148386,-0.0006427366433684467,0.0003967421048778341,0.001436220853124226,0.002475699601370618,0.0035151783496170097,0.0045546570978631795,0.005594135846109571
"2020-06-17",0.012994350282485856,0.006256764570699902,0.009865967997135905,0.009240291540065892,0.00861461508299588,0.007988938625925979,0.007363262168855966,0.006737585711785954,0.0061119092547159415,0.005486232797645929,0.004860556340575917,0.004234879883505904
"2020-06-16",0.006134969325153339,0.0062065268271342955,0.003031705911586191,0.002411053228872806,0.0017904005461593098,0.0011697478634459246,0.0005490951807324285,-0.00007155750198095667,-0.0006922101846944528,-0.001312862867407727,-0.0019335155501212231,-0.0025541682328347193
"2020-06-15",0.04046563192904662,0.02881029272122504,0.0260604855684341,0.023179456296311574,0.020298427024189047,0.017417397752066632,0.014536368479944106,0.01165533920782158,0.008774309935699165,0.005893280663576528,0.0030122513914541127,0.00013122211933147554
"2020-06-12",0.0719232818327118,0.055743143373296,0.044051710146063794,0.038477395808734216,0.03290308147140464,0.02732876713407495,0.02175445279674537,0.016180138459415794,0.010605824122086105,0.005031509784756638,-0.0005428045525730507,-0.0061171188899025175
"2020-06-11",0.0029821073558649047,0.00982512032505678,-0.0019304528066634852,-0.002912964839169141,-0.0038954768716747967,-0.0048779889041805635,-0.005860500936686219,-0.006843012969191875,-0.007825525001697642,-0.008808037034203187,-0.009790549066708953,-0.010773061099214498
"2020-06-10",-0.12338949454905834,-0.12047400889562587,-0.0631524901012454,-0.051105089211682775,-0.0390576883221202,-0.027010287432557623,-0.014962886542995046,-0.0029154856534324702,0.009131915236130106,0.021179316125692793,0.03322671701525537,0.045274117904817945
"2020-06-09",0.009609949123798867,0.009181167805311974,0.00501936522114288,0.00410124844061166,0.0031831316600804405,0.002265014879549332,0.0013468980990181123,0.0004287813184868927,-0.0004893354620443269,-0.0014074522425755465,-0.002325569023106766,-0.0032436858036379856
"2020-06-08",0.04423292273236279,0.03814229020351956,0.02516177763060301,0.02134754861025101,0.01753331958989912,0.013719090569547121,0.009904861549195232,0.006090632528843232,0.0022764035084912315,-0.0015378255118607687,-0.005352054532212547,-0.009166283552564547
"2020-06-05",0.05254691689008051,0.04536497944845186,0.02986442716585458,0.02532792922100935,0.02079143127616423,0.016254933331319,0.01171843538647388,0.00718193744162865,0.0026454394967834194,-0.001891058448061811,-0.006427556392906819,-0.01096405433775205
"2020-06-04",-0.03667855323484459,-0.032890528380741135,-0.020233289044474023,-0.016944236206399954,-0.01365518336832583,-0.010366130530251705,-0.00707707769217758,-0.0037880248541034556,-0.0004989720160293309,0.0027900808220446827,0.006079133660118918,0.009368186498192932
"2020-06-03",0.039661554732945525,0.044546967842929774,0.017388070811480638,0.012933374027187639,0.008478677242894639,0.00402398045860175,-0.0004307163256912494,-0.004885413109984249,-0.009340109894277138,-0.013794806678570248,-0.018249503462863137,-0.022704200247156248
"2020-06-02",-0.006612410986775119,-0.005189341849609286,-0.004017740061970476,-0.00349880587700957,-0.002979871692048608,-0.002460937507087646,-0.0019420033221267952,-0.0014230691371658333,-0.0009041349522049824,-0.0003852007672440205,0.00013373341771694136,0.0006526676026779032
"2020-06-01",-0.01280081925243215,-0.010262019388883048,-0.007669809557990626,-0.006643607619102321,-0.0056174056802140715,-0.004591203741325711,-0.003565001802437351,-0.0025387998635491016,-0.0015125979246607413,-0.000486395985772492,0.0005398059531157573,0.0015660078920040066
"2020-05-29",-0.04927385892116187,-0.048681089343347805,-0.02493331424948797,-0.02006520531515321,-0.015197096380818453,-0.010328987446483584,-0.005460878512148826,-0.0005927695778140674,0.004275339356520691,0.00914344829085545,0.014011557225190208,0.018879666159524966
"2020-05-28",0.009819967266775809,0.020906736014007832,-0.0006334007402281072,-0.0027240743416289126,-0.004814747943029718,-0.006905421544430412,-0.008996095145831218,-0.011086768747232023,-0.013177442348632828,-0.015268115950033634,-0.01735878955143444,-0.019449463152835245
"2020-05-27",-0.04321988114532682,-0.0394087419487279,-0.023515510170962872,-0.019574635976090105,-0.015633761781217337,-0.011692887586344458,-0.0077520133914716904,-0.0038111391965989228,0.00012973499827384494,0.004070609193146613,0.00801148338801938,0.011952357582892148
"2020-05-26",0.044607566346696714,0.037413211299679006,0.02590096069685721,0.022159639566889267,0.018418318436921433,0.014676997306953488,0.010935676176985654,0.007194355047017709,0.0034530339170497637,-0.00028828721291818127,-0.004029608342885904,-0.007770929472853849
"2020-05-22",0.033513513513513615,0.030581754389073845,0.018222636318976693,0.015164460880069286,0.01210628544116188,0.009048110002254584,0.005989934563347177,0.00293175912443977,-0.00012641631446763668,-0.0031845917533750434,-0.00624276719228245,-0.009300942631189857
"2020-05-21",-0.003138075313807498,-0.0009274214781358481,-0.002674364574739574,-0.0025816224269259447,-0.0024888802791124265,-0.0023961381312987973,-0.002303395983485279,-0.00221065383567165,-0.0021179116878580206,-0.0020251695400443914,-0.0019324273922309843,-0.001839685244417355
"2020-05-20",0.01783840503672618,0.02982228178910029,0.0029272641421760337,-0.000054964036733995414,-0.0030371922156440245,-0.006019420394554054,-0.009001648573464083,-0.011983876752374112,-0.014966104931284141,-0.01794833311019417,-0.0209305612891042,-0.02391278946801423
"2020-05-19",-0.007216494845360799,-0.005988099005743708,-0.004222445342488945,-0.0036236354419145744,-0.0030248255413402036,-0.002426015640765833,-0.001827205740191462,-0.0012283958396170913,-0.0006295859390426095,-0.000030776038468349753,0.000568033862106132,0.0011668437626803918
"2020-05-18",0.007788161993769416,0.010102283784436894,0.0027370201015509688,0.0017267917231073016,0.0007165633446636344,-0.00029366503378014386,-0.001303893412223811,-0.0023141217906674783,-0.0033243501691111454,-0.004334578547554813,-0.00534480692599848,-0.006355035304442147
"2020-05-15",0.025244719216898526,0.01981940745672439,0.01533501548853633,0.013353074742863846,0.011371133997191474,0.00938919325151899,0.007407252505846618,0.005425311760174134,0.0034433710145016505,0.001461430268829167,-0.0005205104768430946,-0.002502451222515578
"2020-05-14",-0.009045226130653172,-0.005958185594267973,-0.006066133333519186,-0.005470314774092433,-0.0048744962146656245,-0.004278677655238816,-0.0036828590958120078,-0.0030870405363851994,-0.002491221976958502,-0.0018954034175316936,-0.0012995848581048852,-0.0007037662986780768
"2020-05-13",-0.0030425963488842633,-0.003789670710145132,-0.0011477609938116973,-0.0007687939227971619,-0.00038982685178268195,-0.000010859780768202043,0.0003681072902463889,0.0007470743612608688,0.0011260414322753487,0.0015050085032899396,0.0018839755743043085,0.0022629426453188994
"2020-05-12",0.003051881993896277,0.0031963395062619693,0.0014537122407652925,0.0011340782901391178,0.000814444339512943,0.0004948103888866573,0.00017517643826048257,-0.00014445751236569215,-0.0004640914629918669,-0.0007837254136180416,-0.0011033593642442163,-0.001422993314870391
"2020-05-11",0.012170385395537497,0.012144971614157951,0.006097899588458522,0.004883402427042771,0.0036689052656269094,0.0024544081042111587,0.001239910942795297,0.000025413781379546307,-0.0011890833800363154,-0.002403580541451955,-0.003618077702867817,-0.0048325748642836786
"2020-05-08",-0.061623246492986006,-0.0610045965980508,-0.031120948193960607,-0.025020488534155505,-0.018920028874350403,-0.012819569214545412,-0.00671910955474031,-0.0006186498949352082,0.005481809764869894,0.011582269424674996,0.017682729084480098,0.0237831887442852
"2020-05-07",0.017084890549919907,0.01740285978208611,0.008383460658876851,0.006643174680668218,0.004902888702459585,0.0031626027242510624,0.001422316746042429,-0.0003179692321662042,-0.0020582552103747265,-0.003798541188583471,-0.005538827166791993,-0.007279113145000737
"2020-05-06",-0.0015748031496062298,-0.005121572300396227,0.000985983000591828,0.0014981402306315506,0.002010297460671162,0.0025224546907107737,0.003034611920750385,0.0035467691507899968,0.004058926380829608,0.004571083610869331,0.0050832408409088314,0.005595398070948554
"2020-05-05",0.008937960042060933,0.008052258560327985,0.00491183076189694,0.00410660490586412,0.003301379049831299,0.0024961531937985892,0.0016909273377657685,0.0008857014817329478,0.00008047562570023814,-0.0007247502303326936,-0.0015299760863654033,-0.002335201942398335
"2020-05-04",-0.020323084940072955,-0.019314418100344732,-0.010665875889900589,-0.008734434079866071,-0.006802992269831609,-0.004871550459797147,-0.002940108649762685,-0.0010086668397282228,0.0009227749703063504,0.0028542167803408125,0.004785658590375275,0.006717100400409737
"2020-05-01",0.008510638297872353,0.009464652233953652,0.0037783121808955267,0.0028318469575001615,0.0018853817341047963,0.000938916510709431,-7.548712685934156e-6,-0.0009540139360812994,-0.0019004791594767756,-0.0028469443828720298,-0.003793409606267506,-0.00473987482966276
"2020-04-30",-0.010021097046413519,-0.009791977958155895,-0.005125108067335571,-0.004145910271520004,-0.0031667124757044363,-0.002187514679888758,-0.0012083168840731906,-0.00022911908825762328,0.000750078707557944,0.0017292765033735114,0.0027084742991890787,0.003687672095004646
"2020-04-29",0.029302077783697422,0.030805989237346454,0.013899083165024195,0.010818484241289505,0.007737885317554927,0.004657286393820237,0.0015766874700856581,-0.0015039114536490317,-0.0045845103773836104,-0.007665109301118411,-0.01074570822485299,-0.013826307148587569
"2020-04-28",0.008799171842650111,0.01003757673051009,0.003780383477395066,0.002776625804344013,0.0017728681312930705,0.0007691104582420172,-0.00023464721480892514,-0.0012384048878599785,-0.002242162560911032,-0.003245920233962085,-0.0042496779070129165,-0.00525343558006397
"2020-04-27",-0.037968188814776815,-0.03747200156033914,-0.019232188034607245,-0.01548498787857333,-0.011737787722539417,-0.007990587566505503,-0.0042433874104715885,-0.0004961872544376744,0.0032510129015962397,0.006998213057630154,0.010745413213664068,0.014492613369697982
"2020-04-24",-0.0037333333333332552,-0.0014615628375013179,-0.0030025519145825963,-0.002856395630832509,-0.002710239347082366,-0.002564083063332223,-0.0024179267795820802,-0.0022717704958319374,-0.0021256142120819055,-0.0019794579283317626,-0.0018333016445816197,-0.0016871453608314768
"2020-04-23",-0.0064239828693789525,-0.012490042291924408,-0.00017896172341674843,0.0010700425057756924,0.0023190467349680777,0.003568050964160574,0.00481705519335307,0.006066059422545456,0.007315063651737952,0.008564067880930337,0.009813072110122723,0.011062076339315108
"2020-04-22",-0.0026939655172413257,-0.006943237503101329,0.000777653234309339,0.0014719769846194275,0.002166300734929627,0.0028606244852397156,0.003554948235549915,0.004249271985860004,0.004943595736170092,0.005637919486480181,0.006332243236790491,0.00702656698710058
"2020-04-21",-0.0016207455429497752,-0.0017523486645496522,-0.0007445712106749491,-0.0005693363442199617,-0.0003941014777649743,-0.00021886661131009788,-0.000043631744855110455,0.00013160312159987697,0.0003068379880548644,0.0004820728545098518,0.0006573077209648392,0.0008325425874198267
"2020-04-20",0.0135281385281385,0.013762221538576869,0.006647027758850066,0.005270805604992379,0.003894583451134692,0.0025183612972770053,0.0011421391434193184,-0.00023408301043836843,-0.0016103051642961663,-0.002986527318153742,-0.00436274947201154,-0.005738971625869116
"2020-04-17",-0.026695141484249896,-0.019766495827641006,-0.016811893570429393,-0.014835243987665336,-0.012858594404901225,-0.010881944822137113,-0.008905295239373001,-0.006928645656608889,-0.004951996073844778,-0.002975346491080777,-0.0009986969083165542,0.0009779526744474465
"2020-04-16",0.03181568842567195,0.035973817452294554,0.013828779699524674,0.010231397954295174,0.006634016209065785,0.003036634463836285,-0.0005607472813931036,-0.004158129026622603,-0.007755510771852103,-0.011352892517081603,-0.01495027426231088,-0.01854765600754038
"2020-04-15",-0.005847953216374324,-0.0007990308805083668,-0.005448437776120141,-0.005368534688069304,-0.0052886316000184674,-0.005208728511967631,-0.005128825423916794,-0.005048922335865957,-0.00496901924781501,-0.004889116159764284,-0.004809213071713336,-0.004729309983662611
"2020-04-14",0.022459893048128343,0.03215080100977086,0.0063844925432429145,0.003169412442265873,-0.0000456676587112792,-0.0032607477596883205,-0.006475827860665473,-0.009690907961642514,-0.012905988062619667,-0.016121068163596597,-0.01933614826457375,-0.0225512283655509
"2020-04-13",-0.025104602510460206,-0.024247100878823646,-0.012981052071048382,-0.010556341983166018,-0.008131631895283653,-0.005706921807401288,-0.0032822117195189238,-0.0008575016316365591,0.0015672084562459165,0.00399191854412817,0.006416628632010646,0.0088413387198929
"2020-04-09",0.0010729613733906351,0.0014411445710680315,0.0003523890878566194,0.00020827463074979402,0.00006416017364296867,-0.00007995428346374567,-0.00022406874057057102,-0.0003681831976773964,-0.0005122976547842217,-0.0006564121118910471,-0.0008005265689978724,-0.0009446410261046978
"2020-04-08",0.,0.0024296274252431083,-0.0012148137126215541,-0.0014577764551458872,-0.0017007391976702202,-0.0019437019401944422,-0.0021866646827187752,-0.0024296274252431083,-0.0026725901677673303,-0.0029155529102917743,-0.0031585156528159963,-0.0034014783953404404
"2020-04-07",0.004287245444801746,0.008645303979872176,-0.00003540654513434216,-0.0008999369431215154,-0.0017644673411087997,-0.002628997739095973,-0.003493528137083257,-0.00435805853507043,-0.005222588933057715,-0.006087119331044777,-0.006951649729032061,-0.007816180127019345
"2020-04-06",-0.012806830309498363,-0.011090846976585245,-0.00726140682120574,-0.006152322123547216,-0.005043237425888747,-0.003934152728230167,-0.002825068030571587,-0.001715983332913118,-0.000606898635254538,0.0005021860624039309,0.0016112707600623999,0.002720355457720869
"2020-04-03",-0.005945945945945885,-0.009608046140730853,-0.001141922875580459,-0.00018111826150735144,0.000779686352565756,0.0017404909666387525,0.00270129558071186,0.0036621001947849674,0.004622904808857964,0.005583709422931182,0.006544514037004179,0.007505318651077397
"2020-04-02",0.005981511691136587,0.006889297922692661,0.002536862729790257,0.0018479329375209463,0.0011590031452517469,0.00047007335298243635,-0.00021885643928676313,-0.0009077862315560736,-0.0015967160238252731,-0.0022856458160946946,-0.002974575608363894,-0.0036635054006330936
"2020-04-01",0.000540540540540535,-0.002290668696184328,0.001685874888632699,0.0019149417582511319,0.0021440086278695647,0.0023730754974879975,0.0026021423671064303,0.002831209236724863,0.003060276106343407,0.0032893429759617288,0.0035184098455802726,0.0037474767151985944
"2020-03-31",0.022150189086979966,0.024101366979877303,0.010099505597041314,0.0076893688990535836,0.005279232201065853,0.002869095503078123,0.00045895880509039255,-0.0019511778928973378,-0.004361314590885179,-0.0067714512888727985,-0.00918158798686064,-0.011591724684848259
"2020-03-30",0.0021141649048626032,0.00354905880045564,0.0003396355046347832,-0.00001527037541082521,-0.0003701762554563226,-0.000725082135501931,-0.0010799880155474284,-0.0014348938955930368,-0.0017897997756386452,-0.0021447056556842536,-0.00249961153572964,-0.0028545174157752484
"2020-03-27",0.025316455696202445,0.03534116590399239,0.00764587274420625,0.004111756153806989,0.000577639563407728,-0.002956477026991422,-0.006490593617390683,-0.010024710207789944,-0.013558826798189205,-0.017092943388588466,-0.020627059978987727,-0.02416117656938699
"2020-03-26",-0.0030864197530863224,0.00023695659376921085,-0.003204898049970928,-0.0032285937093478045,-0.0032522893687247922,-0.003275985028101669,-0.0032996806874786566,-0.0033233763468555333,-0.00334707200623241,-0.0033707676656092866,-0.0033944633249863854,-0.003418158984363262
"2020-03-25",0.14189886480908154,0.11345022430257412,0.08517375265779448,0.07382873022753711,0.06248370779727963,0.05113868536702226,0.039793662936764895,0.028448640506507417,0.01710361807625005,0.005758595645992681,-0.0055864267842649085,-0.016931449214522276
"2020-03-24",0.01355625847266162,0.01877538950864488,0.00416856371833918,0.0022910247674746698,0.0004134858166101596,-0.0014640531342542396,-0.0033415920851187497,-0.00521913103598326,-0.00709666998684777,-0.00897420893771228,-0.01085174788857679,-0.0127292868394413
"2020-03-23",0.018724921979491826,0.016714393421848994,0.01036772526856733,0.008696285926382386,0.007024846584197553,0.005353407242012609,0.003681967899827776,0.0020105285576428322,0.0003390892154579994,-0.0013323501267270554,-0.0030037894689118882,-0.004675228811096721
"2020-03-20",-0.004814004376367476,0.001014855535401482,-0.005321432144068217,-0.005422917697608387,-0.0055244032511485575,-0.005625888804688617,-0.005727374358228787,-0.005828859911768958,-0.005930345465309128,-0.0060318310188492985,-0.006133316572389469,-0.006234802125929639
"2020-03-19",0.029023746701847042,0.018436689742961088,0.019805401830366498,0.01796173285607039,0.01611806388177428,0.014274394907478172,0.012430725933182063,0.010587056958885954,0.008743387984589734,0.006899719010293737,0.005056050035997517,0.003212381061701519
"2020-03-18",-0.0004273504273503148,0.037045100238879414,-0.01894990054679002,-0.022654410570677963,-0.026358920594565904,-0.030063430618453846,-0.03376794064234179,-0.03747245066622973,-0.04117696069011767,-0.04488147071400561,-0.04858598073789355,-0.052290490761781494
"2020-03-17",-0.0183839247541685,-0.015901960413042482,-0.01043294454764726,-0.008842748506343034,-0.007252552465038753,-0.0056623564237344715,-0.004072160382430301,-0.0024819643411260195,-0.000891768299821849,0.0006984277414824325,0.002288623782786714,0.0038788198240909955
"2020-03-16",0.03919860627177707,0.034608328585876924,0.021894441978838608,0.018433609120250938,0.014972776261663268,0.011511943403075486,0.008051110544487816,0.004590277685900146,0.0011294448273124758,-0.0023313880312751945,-0.005792220889862865,-0.009253053748450535
"2020-03-13",0.0159262363788768,0.017119912156649875,0.007366280300551864,0.005654289084886854,0.003942297869221845,0.002230306653556946,0.0005183154378919363,-0.0011936757777730733,-0.002905666993437972,-0.004617658209103093,-0.006329649424767991,-0.008041640640433112
"2020-03-12",-0.035478547854785436,-0.036857669804121085,-0.017049712952724894,-0.01336394597231283,-0.00967817899190071,-0.00599241201148859,-0.002306645031076471,0.0013791219493356488,0.005064888929747768,0.008750655910159777,0.012436422890572008,0.016122189870984016
"2020-03-11",0.036355859709153115,0.044268692491308714,0.014221513463498758,0.009794644214367931,0.005367774965236993,0.0009409057161061662,-0.003485963533024772,-0.007912832782155599,-0.012339702031286537,-0.016766571280417253,-0.02119344052954819,-0.02562030977867913
"2020-03-10",-0.04663640115559209,-0.04146254712730879,-0.025905127591937693,-0.02175887287920686,-0.01761261816647597,-0.013466363453745078,-0.009320108741014188,-0.005173854028283298,-0.0010275993155525187,0.0031186553971783715,0.007264910109909262,0.011411164822640152
"2020-03-09",0.01904761904761898,0.018522641440978038,0.00978629832712996,0.00793403418303218,0.006081770038934398,0.004229505894836505,0.0023772417507387233,0.0005249776066409417,-0.001327286537456951,-0.0031795506815546215,-0.005031814825652514,-0.006884078969750185
"2020-03-06",-0.005522514868309236,0.0039758904464475275,-0.007510460091533,-0.007908049136177708,-0.008305638180822528,-0.008703227225467236,-0.009100816270112055,-0.009498405314756764,-0.009895994359401583,-0.01029358340404618,-0.010691172448691,-0.01108876149333582
"2020-03-05",0.02862024775736871,0.040258655308497815,0.008490920103119803,0.0044650545722699775,0.0004391890414202626,-0.0035866764894295633,-0.007612542020279278,-0.011638407551129104,-0.01566427308197893,-0.019690138612828756,-0.02371600414367836,-0.027741869674528186
"2020-03-04",0.04858803986710969,0.0429857887136047,0.02709514551030734,0.022796566638946913,0.018497987767586377,0.014199408896225951,0.009900830024865415,0.005602251153504989,0.0013036722821444524,-0.002994906589215862,-0.007293485460576399,-0.011592064331936935
"2020-03-03",-0.034455445544554486,-0.03197957017697728,-0.018465660456065847,-0.015267703438368141,-0.01206974642067038,-0.008871789402972619,-0.005673832385274968,-0.002475875367577207,0.000722081650120554,0.003920038667818204,0.007117995685516076,0.010315952703213727
"2020-03-02",-0.028301886792452713,-0.04100176896570762,-0.007801002309598903,-0.003700825413028186,0.0003993514835426426,0.00449952838011336,0.008599705276684189,0.012699882173254906,0.016800059069825624,0.02090023596639634,0.02500041286296728,0.029100589759537998
"2020-02-28",0.017728999577880877,0.027415970339128792,0.004021014408316481,0.0012794173744036241,-0.001462179659509233,-0.004203776693422201,-0.006945373727335058,-0.009686970761247915,-0.012428567795160772,-0.015170164829073629,-0.017911761862986486,-0.020653358896899343
"2020-02-27",-0.016175860638738992,-0.021923997328755274,-0.005213861974361356,-0.003021462241485806,-0.0008290625086102565,0.001363337224265182,0.0035557369571407316,0.005748136690016281,0.00794053642289172,0.01013293615576738,0.012325335888642819,0.01451773562151848
"2020-02-26",0.006745362563237878,0.011412869414465954,0.001038927856004901,-0.00010235908544165007,-0.001243646026888312,-0.002384932968334863,-0.003526219909781525,-0.004667506851228076,-0.005808793792674738,-0.006950080734121178,-0.00809136767556784,-0.009232654617014502
"2020-02-25",-0.041876046901172415,-0.045854742900084844,-0.018948675451129993,-0.014363201161121553,-0.009777726871113002,-0.005192252581104562,-0.0006067782910960107,0.003978695998912429,0.00856417028892087,0.01314964457892931,0.01773511886893797,0.02232059315894641
"2020-02-24",0.01660839160839167,0.017832449278652573,0.007692166969065384,0.005908922041200082,0.004125677113334891,0.0023424321854695895,0.0005591872576043988,-0.001224057670260903,-0.0030073025981260937,-0.0047905475259915065,-0.006573792453856697,-0.008357037381721888
"2020-02-21",-0.02493551160791041,-0.02704085977897175,-0.011415081718424536,-0.00871099574052736,-0.006006909762630186,-0.003302823784733011,-0.0005987378068358362,0.0021053481710613386,0.0048094341489586245,0.007513520126855688,0.010217606104752974,0.012921692082650038
"2020-02-20",0.032186948853615505,0.030288352922835937,0.017042772392197536,0.014013937099913942,0.010985101807630349,0.007956266515346755,0.004927431223063161,0.0018985959307795675,-0.0011302393615040263,-0.00415907465378762,-0.007187909946071214,-0.010216745238354807
"2020-02-19",0.020076890217855636,0.036312101039835065,0.0019208396979381037,-0.0017103704060453806,-0.005341580510028865,-0.00897279061401246,-0.012604000717995945,-0.01623521082197943,-0.019866420925962913,-0.023497631029946398,-0.027128841133929882,-0.030760051237913366
"2020-02-18",0.0201005025125629,0.029970813885032754,0.005115095570046524,0.0021180141815432263,-0.0008790672069600713,-0.003876148595463258,-0.006873229983966556,-0.009870311372469853,-0.01286739276097304,-0.01586447414947645,-0.018861555537979635,-0.021858636926483044
"2020-02-14",-0.05090311986863716,-0.05704664661811443,-0.022379796559579945,-0.01667513189776848,-0.010970467235957071,-0.0052658025741456616,0.0004388620876658589,0.006143526749477268,0.011848191411288678,0.017552856073100198,0.023257520734911497,0.028962185396723017
"2020-02-13",-0.06617647058823528,-0.06448858771632948,-0.03393217673007054,-0.027483317958437614,-0.021034459186804688,-0.014585600415171651,-0.008136741643538725,-0.0016878828719057992,0.004760975899727127,0.011209834671360053,0.01765869344299298,0.024107552214625905
"2020-02-12",-0.008337193144974497,-0.019958527511831137,0.0016420706109410155,0.003637923362124207,0.005633776113307287,0.007629628864490368,0.009625481615673559,0.01162133436685664,0.01361718711803972,0.015613039869222911,0.01760889262040588,0.019604745371589072
"2020-02-11",-0.0574497898178421,-0.07433459775980811,-0.020282490937938047,-0.012849031161957236,-0.005415571385976481,0.0020178883900043854,0.009451348165985252,0.016884807941966007,0.024318267717946762,0.03175172749392763,0.039185187269908495,0.04661864704588914
"2020-02-10",0.0307234886025769,0.03966508282938519,0.010890947187884303,0.006924438904945762,0.002957930622007221,-0.0010085776609312092,-0.00497508594386975,-0.008941594226808292,-0.012908102509746833,-0.016874610792685374,-0.020841119075623915,-0.024807627358562456
"2020-02-07",0.0004807692307693401,0.0027753050694416803,-0.0009068833039515001,-0.0011844138108956237,-0.0014619443178398583,-0.001739474824783982,-0.0020170053317282166,-0.0022945358386723402,-0.002572066345616575,-0.0028495968525605875,-0.003127127359504822,-0.0034046578664490568
"2020-02-06",0.0014416146083613413,0.006889984671760274,-0.002003377727518796,-0.0026923761946948677,-0.0033813746618708285,-0.0040703731290469,-0.004759371596222861,-0.005448370063398933,-0.006137368530575005,-0.006826366997751077,-0.007515365464926926,-0.008204363932102998
"2020-02-05",0.03454894433781197,0.026701775726741372,0.021198056474441285,0.018527878901767103,0.015857701329093032,0.01318752375641885,0.01051734618374478,0.007847168611070598,0.005176991038396528,0.002506813465722235,-0.00016336410695183545,-0.002833541679625906
"2020-02-04",0.010204081632652962,-0.0024152806049803077,0.01141172193514306,0.011653249995641102,0.011894778056139144,0.012136306116637186,0.012377834177135227,0.01261936223763327,0.012860890298131311,0.013102418358629242,0.013343946419127395,0.013585474479625326
"2020-02-03",0.018824609733700592,0.009438699991541899,0.014105259737929643,0.013161389738775453,0.012217519739621263,0.011273649740467073,0.010329779741312883,0.009385909742158693,0.008442039743004504,0.007498169743850314,0.006554299744696124,0.005610429745541934
"2020-01-31",-0.00540784136998651,0.008486359244528341,-0.00965102099225068,-0.010499656916703515,-0.011348292841156349,-0.012196928765609183,-0.013045564690062017,-0.013894200614514851,-0.014742836538967685,-0.01559147246342052,-0.016440108387873353,-0.017288744312326187
"2020-01-30",-0.005890348889895702,-0.009636988032306282,-0.0010718548737425615,-0.00010815607051195553,0.000855542732718706,0.0018192415359493674,0.002782940339179918,0.0037466391424105794,0.00471033794564113,0.005674036748871791,0.006637735552102453,0.007601434355333114
"2020-01-29",-0.03737465815861429,-0.053129880128531703,-0.010809718094348442,-0.005496730081495316,-0.00018374206864213427,0.005129245944211047,0.010442233957064229,0.01575522196991741,0.02106820998277059,0.026381197995623662,0.031694186008476954,0.037007174021330025
"2020-01-28",0.00047348484848486194,0.0004171619695949591,0.0002649038636873824,0.00022318766672790868,0.00018147146976843498,0.00013975527280885025,0.00009803907584937654,0.00005632287888990284,0.000014606681930429133,-0.000027109515029044573,-0.00006882571198851828,-0.00011054190894799198
"2020-01-27",-0.020823473734027487,-0.026186294009764022,-0.007730326729145476,-0.005111697328169074,-0.002493067927192727,0.00012556147378373073,0.0027441908747601884,0.005362820275736535,0.007981449676712882,0.01060007907768934,0.013218708478665797,0.015837337879642033
"2020-01-24",0.03673272112131465,0.040478258851303295,0.016493591695663,0.012445765810532694,0.008397939925402387,0.0043501140402719685,0.0003022881551416612,-0.003745537729988646,-0.007793363615119064,-0.01184118950024926,-0.01588901538537968,-0.019936841270509875
"2020-01-23",0.014918414918414946,0.01604287325856979,0.006896978289130051,0.005292690963273117,0.003688403637416071,0.0020841163115591366,0.000479828985702091,-0.0011244583401548436,-0.002728745666011889,-0.004333032991868713,-0.005937320317725758,-0.007541607643582804
"2020-01-22",0.011024345429490046,0.016720627783000097,0.002664031537989997,0.0009919687596899873,-0.0006800940186100224,-0.002352156796910032,-0.004024219575210042,-0.0056962823535100515,-0.007368345131810061,-0.009040407910110071,-0.01071247068841008,-0.01238453346671009
"2020-01-21",-0.01181281235801912,-0.014854757594400136,-0.004385433560819052,-0.0028999578013790828,-0.001414482041939058,0.00007099371750096672,0.0015564694769409915,0.003041945236381016,0.00452742099582093,0.006012896755260955,0.007498372514700979,0.008983848274141004
"2020-01-17",-0.003218390804597626,-0.000872302126091018,-0.002782239741552117,-0.002695009528942971,-0.0026077793163339358,-0.0025205491037247896,-0.0024333188911157544,-0.002346088678506608,-0.002258858465897462,-0.0021716282532883158,-0.0020843980406793916,-0.0019971678280702454
"2020-01-16",-0.01060885608856077,-0.008170980795284777,-0.006523365690918381,-0.005706267611389926,-0.00488916953186147,-0.004072071452332904,-0.0032549733728044483,-0.002437875293275993,-0.0016207772137474263,-0.0008036791342190819,0.00001341894530948462,0.0008305170248378291
"2020-01-15",-0.01025641025641022,-0.01684043075678543,-0.0018361948780175052,-0.0001521518023389623,0.0015318912733395251,0.0032159343490181236,0.004899977424696722,0.0065840205003752095,0.008268063576053697,0.009952106651732295,0.011636149727410894,0.01332019280308927
"2020-01-14",0.02402260951483748,0.022873719327920705,0.012585749850877126,0.010298377918085078,0.00801100598529303,0.00572363405250087,0.0034362621197088217,0.0011488901869167734,-0.001138481745875275,-0.0034258536786673233,-0.005713225611459372,-0.00800059754425142
"2020-01-13",-0.014719411223551027,-0.02014295871757288,-0.004647931864764587,-0.002633635993007255,-0.0006193401212499783,0.0013949557505072985,0.0034092516222645752,0.005423547494021852,0.00743784336577924,0.009452139237536517,0.011466435109293793,0.01348073098105107
"2020-01-10",0.007469654528478031,0.005923307596951144,0.004508000730002459,0.003915669970307345,0.0033233392106122306,0.002731008450917116,0.002138677691222002,0.0015463469315268874,0.000954016171831773,0.0003616854121366586,-0.00023064534755845578,-0.0008229761072535702
"2020-01-09",0.022706209453197346,0.02297170275321614,0.011220358076589276,0.008923187801267662,0.0066260175259460485,0.004328847250624435,0.0020316769753028208,-0.0002654933000187931,-0.002562663575340407,-0.004859833850662021,-0.007157004125983635,-0.009454174401305249
"2020-01-08",0.015405527865881341,0.019002134200903464,0.005904460765429609,0.004004247345339218,0.002104033925248938,0.00020382050515854733,-0.0016963929149317325,-0.0035966063350221233,-0.005496819755112403,-0.007397033175202905,-0.009297246595293185,-0.011197460015383465
"2020-01-07",0.045961624274877266,0.05131942132621026,0.020301913611772138,0.015169971479151112,0.010038029346530086,0.0049060872139090606,-0.00022585491871196517,-0.005357797051332991,-0.010489739183954017,-0.015621681316575042,-0.020753623449196068,-0.025885565581817094
"2020-01-06",-0.017064846416382284,-0.01569630647275233,-0.00921669318000612,-0.007647062532730842,-0.00607743188545562,-0.004507801238180398,-0.002938170590905176,-0.001368539943629954,0.00020109070364537907,0.001770721350920601,0.003340351998195823,0.004909982645471045
"2020-01-03",-0.0026041666666666297,-0.007259819289773817,0.0010257429782203342,0.0017517249071976604,0.0024777068361749865,0.0032036887651524237,0.003929670694129861,0.004655652623107187,0.005381634552084624,0.00610761648106195,0.006833598410039277,0.007559580339016603
"2020-01-02",0.01653611836379465,0.012672988418249487,0.010199624154669906,0.008932325312844935,0.0076650264710199645,0.006397727629195105,0.005130428787370134,0.003863129945545163,0.002595831103720192,0.0013285322618952211,0.00006123342007025023,-0.0012060654217547206
"2019-12-31",-0.019691780821917804,-0.022830789439867605,-0.008276386101984001,-0.005993307157997285,-0.003710228214010458,-0.001427149270023742,0.0008559296739630851,0.003139008617949801,0.005422087561936517,0.007705166505923233,0.009988245449910171,0.012271324393896887
"2019-12-30",0.033624454148471594,0.032082279710446304,0.017583314293248442,0.014375086322203856,0.011166858351159159,0.007958630380114573,0.004750402409069876,0.00154217443802529,-0.001666053533019296,-0.004874281504063882,-0.00808250947510869,-0.011290737446153276
"2019-12-27",0.020701309674693746,0.0025317046033719315,0.01943545737300778,0.019182286912670543,0.018929116452333417,0.01867594599199618,0.018422775531659052,0.018169605071321815,0.017916434610984577,0.01766326415064734,0.017410093690310324,0.017156923229973087
"2019-12-26",0.0633278145695364,0.0619897459071681,0.03233294161595235,0.026133967025235516,0.019934992434518684,0.013736017843801962,0.0075370432530851295,0.001338068662368297,-0.004860905928348425,-0.011059880519065368,-0.01725885510978209,-0.023457829700499033
"2019-12-24",0.032697547683923744,0.03611913306571468,0.014637981151066404,0.011026067844494891,0.00741415453792349,0.003802241231351977,0.00019032792478057559,-0.003421585381790937,-0.0070334986883624495,-0.010645411994933962,-0.014257325301505253,-0.017869238608076765
"2019-12-23",-0.011684885035808557,-0.013757991019257121,-0.004805889526179996,-0.0034300904242542396,-0.002054291322328594,-0.0006784922204028376,0.0006973068815228078,0.0020731059834485643,0.00344890508537421,0.004824704187300077,0.006200503289225723,0.007576302391151368
"2019-12-20",0.005339435545385296,-0.0037875424452764594,0.007233206768023526,0.007611961012551127,0.00799071525707884,0.008369469501606441,0.008748223746134154,0.009126977990661755,0.009505732235189468,0.009884486479716958,0.010263240724244671,0.010641994968772384
"2019-12-19",0.05273141122913505,0.0434557105974922,0.03100355593038895,0.02665798487063975,0.022312413810890552,0.017966842751141243,0.013621271691392045,0.009275700631642847,0.004930129571893538,0.0005845585121444508,-0.0037610125476048584,-0.008106583607353945
"2019-12-18",-0.03567567567567553,-0.03857083420778418,-0.016390258571783445,-0.01253317515100505,-0.008676091730226654,-0.004819008309448147,-0.0009619248886697518,0.0028951585321086437,0.00675224195288715,0.010609325373665435,0.014466408794443941,0.018323492215222226
"2019-12-17",0.029895366218236186,0.016888579796816128,0.021451076319828122,0.019762218340146465,0.01807336036046492,0.01638450238078326,0.014695644401101715,0.013006786421420058,0.0113179284417384,0.009629070462056744,0.007940212482375308,0.006251354502693651
"2019-12-16",0.004716981132075526,-0.0021699734722436803,0.005801967868197311,0.006018965215421779,0.006235962562646136,0.006452959909870493,0.0066699572570948495,0.0068869546043192065,0.007103951951543674,0.007320949298768031,0.007537946645992388,0.007754943993216745
"2019-12-13",0.00505597688696291,0.005579773321708892,0.0022660902261084637,0.0017081128939375745,0.0011501355617666853,0.0005921582295957961,0.00003418089742490693,-0.0005237964347459823,-0.0010817737669168714,-0.0016397510990877606,-0.00219772843125865,-0.002755705763429539
"2019-12-12",0.0032339202299676018,-0.002038768121653378,0.004253304290794291,0.004457181102959673,0.004661057915124944,0.0048649347272903265,0.005068811539455598,0.00527268835162098,0.005476565163786251,0.005680441975951744,0.005884318788117016,0.006088195600282287
"2019-12-11",0.024355300859598916,0.02159070480442815,0.01355994845738484,0.011400877976942003,0.009241807496499166,0.00708273701605644,0.004923666535613602,0.002764596055170765,0.0006055255747279276,-0.0015535449057149098,-0.003712615386157747,-0.0058716858666005844
"2019-12-10",0.07692307692307687,0.06438098463735997,0.044732584604396886,0.03829448614066089,0.03185638767692489,0.025418289213188894,0.018980190749452897,0.0125420922857169,0.006103993821980902,-0.00033410464175509524,-0.0067722031054910925,-0.01321030156922709
"2019-12-09",0.025974025974025983,0.035008179966173225,0.00846993599093937,0.004969117994322092,0.0014682999977047029,-0.0020325179989125752,-0.005533335995529964,-0.009034153992147242,-0.012534971988764632,-0.0160357899853818,-0.019536607981999188,-0.023037425978616577
"2019-12-06",-0.012974683544303645,-0.004354326556446186,-0.010797520266080551,-0.010362087610435888,-0.00992665495479128,-0.009491222299146673,-0.009055789643502066,-0.008620356987857458,-0.00818492433221274,-0.007749491676568132,-0.0073140590209235246,-0.006878626365278917
"2019-12-05",-0.006732927220262752,-0.0009538846128543943,-0.006255984913835555,-0.006160596452550071,-0.006065207991264643,-0.0059698195299792145,-0.005874431068693786,-0.005779042607408358,-0.0056836541461229295,-0.00558826568483739,-0.005492877223552073,-0.0053974887622665335
"2019-12-04",0.02840542285345382,0.025988441667780915,0.015411202019563364,0.012812357852785228,0.010213513686007203,0.007614669519229067,0.005015825352451042,0.002416981185672906,-0.0001818629811052297,-0.0027807071478833656,-0.0053795513146612794,-0.007978395481439415
"2019-12-03",0.02730696798493404,0.015208044768837414,0.01970294560051533,0.01818214112363159,0.01666133664674785,0.015140532169864107,0.013619727692980366,0.012098923216096624,0.010578118739212883,0.009057314262329141,0.0075365097854454,0.0060157053085616585
"2019-12-02",0.001527650473571729,0.01142643711008473,-0.004185568081470636,-0.0053282117924791095,-0.0064708555034875825,-0.007613499214496056,-0.008756142925504529,-0.009898786636513002,-0.011041430347521475,-0.012184074058529948,-0.013326717769538421,-0.014469361480546894
"2019-11-29",0.03843807199511895,0.029247587522083895,0.023814278234077002,0.020889519481868568,0.017964760729660245,0.015040001977451811,0.012115243225243488,0.009190484473035054,0.006265725720826731,0.0033409669686181864,0.0004162082164098635,-0.0025085505357984594
"2019-11-27",0.05023501762632199,0.048758572440413595,0.02585573140611519,0.02097987416207381,0.016104016918032427,0.011228159673991156,0.006352302429949774,0.0014764451859083927,-0.003399412058132878,-0.00827526930217437,-0.013151126546215641,-0.018026983790257134
"2019-11-26",-0.0036363636363635488,-0.00949994416315958,0.001113608445216241,0.0020636028615321766,0.0030135972778481124,0.003963591694164159,0.004913586110480095,0.005863580526796031,0.006813574943112077,0.007763569359427902,0.008713563775743949,0.009663558192059774
"2019-11-25",0.024143739472206605,0.02357200422584027,0.01235773735928647,0.010000536936702442,0.007643336514118415,0.005286136091534388,0.002928935668950361,0.0005717352463663339,-0.0017854651762176932,-0.00414266559880172,-0.006499866021385747,-0.008857066443969774
"2019-11-22",0.03453947368421062,0.038889937920632445,0.015094504723894397,0.011205510931831197,0.007316517139767886,0.0034275233477046863,-0.00046147044435862483,-0.004350464236421825,-0.008239458028485025,-0.012128451820548225,-0.016017445612611647,-0.019906439404674847
"2019-11-21",-0.013248542660307283,0.04556607827451864,-0.0360315817975666,-0.04058818962501842,-0.04514479745247035,-0.04970140527992217,-0.0542580131073741,-0.05881462093482592,-0.06337122876227785,-0.06792783658972956,-0.07248444441718149,-0.07704105224463342
"2019-11-20",0.04054779806659514,0.053805509533088935,0.013645043300050674,0.008264492346741759,0.002883941393432843,-0.002496609559875962,-0.007877160513184878,-0.013257711466493793,-0.01863826241980271,-0.024018813373111625,-0.02939936432642054,-0.034779915279729456
"2019-11-19",-0.010322580645161228,-0.0005722699566418354,-0.01003644566684031,-0.009979218671176127,-0.009921991675511999,-0.00986476467984776,-0.00980753768418352,-0.009750310688519392,-0.009693083692855264,-0.009635856697191025,-0.009578629701526786,-0.00952140270586277
"2019-11-18",-0.10899608865710564,-0.12428323409666098,-0.04685447160877515,-0.03442614819910905,-0.02199782478944301,-0.009569501379776857,0.0028588220298892963,0.015287145439555339,0.027715468849221492,0.040143792258887534,0.052572115668553576,0.06500043907821962
"2019-11-15",0.16476441322797775,0.14152789557759138,0.09400046543918206,0.07984767588142294,0.06569488632366383,0.0515420967659046,0.037389307208145595,0.023236517650386368,0.009083728092627252,-0.005069061465131863,-0.01922185102289098,-0.033374640580650095
"2019-11-14",-0.022613065326633208,-0.021816667830263037,-0.01170473141150169,-0.009523064628475408,-0.007341397845449071,-0.005159731062422734,-0.0029780642793965084,-0.0007963974963701714,0.0013852692866560545,0.0035669360696823915,0.0057486028527087285,0.007930269635735065
"2019-11-13",0.,0.004468881414704917,-0.0022344407073524586,-0.0026813288488229947,-0.00312821699029342,-0.003575105131763956,-0.004021993273234381,-0.004468881414704917,-0.004915769556175453,-0.005362657697645989,-0.0058095458391163035,-0.00625643398058684
"2019-11-12",0.014138817480719768,0.015890987586576033,0.006193323687431751,0.004604224928774103,0.0030151261701165666,0.0014260274114589189,-0.00016307134719861782,-0.0017521701058562655,-0.0033412688645138022,-0.004930367623171561,-0.006519466381829098,-0.008108565140486634
"2019-11-11",-0.024334600760456127,-0.028557016775811572,-0.01005609237255034,-0.007200390694969139,-0.004344689017388048,-0.0014889873398068465,0.0013667143377742441,0.004222416015355446,0.007078117692936647,0.009933819370517849,0.012789521048098829,0.01564522272568003
"2019-11-08",0.003637308391789995,0.004729400907515391,0.0012726079380322997,0.000799667847280805,0.0003267277565291993,-0.0001462123342222954,-0.0006191524249739011,-0.0010920925157253958,-0.0015650326064768905,-0.002037972697228385,-0.002510912787980102,-0.0029838528787315965
"2019-11-07",-0.017861765467253377,-0.026525060192689853,-0.00459923537090845,-0.0019467293516394202,0.0007057766676294985,0.0033582826868985283,0.006010788706167447,0.008663294725436477,0.011315800744705506,0.013968306763974536,0.016620812783243344,0.019273318802512374
"2019-11-06",-0.01950448075909328,-0.011817414418717642,-0.013595773549734458,-0.012414032107862738,-0.011232290665990963,-0.010050549224119187,-0.008868807782247412,-0.007687066340375637,-0.0065053248985039724,-0.005323583456632197,-0.004141842014760422,-0.0029601005728886465
"2019-11-05",-0.0005376344086019946,-0.0026486155532622346,0.0007866733680290672,0.0010515349233553017,0.0013163964786815363,0.0015812580340077709,0.0018461195893340054,0.00211098114466024,0.0023758426999863635,0.002640704255312598,0.0029055658106388327,0.0031704273659650672
"2019-11-04",-0.022861753630984416,-0.02240646209825181,-0.01165852258185851,-0.009417876372033285,-0.00717723016220817,-0.004936583952382945,-0.00269593774255783,-0.0004552915327326046,0.001785354677092621,0.0040260008869178465,0.00626664709674285,0.008507293306568076
"2019-11-01",0.07156619873382875,0.059406448590573424,0.04186297443854203,0.03592232957948471,0.029981684720427393,0.02404103986136996,0.01810039500231264,0.012159750143255321,0.006219105284198001,0.0002784604251406808,-0.005662184433916639,-0.01160282929297396
"2019-10-31",0.017467248908296984,0.012825149358268728,0.01105467422916262,0.009772159293335747,0.008489644357508874,0.0072071294216820014,0.005924614485855129,0.004642099550028256,0.003359584614201383,0.00207706967837451,0.0007945547425476374,-0.00048796019327923545
"2019-10-30",0.07447614238828582,0.06306425709073316,0.04294401384291924,0.03663758813384588,0.03033116242477263,0.02402473671569927,0.01771831100662602,0.01141188529755266,0.005105459588479411,-0.0012009661205940603,-0.007507391829667309,-0.013813817538740558
"2019-10-29",0.09421992481203012,0.0806370625695183,0.05390139352727097,0.045837687270319116,0.037773981013367264,0.029710274756415522,0.02164656849946367,0.013582862242511817,0.005519155985560076,-0.0025445502713918877,-0.01060825652834363,-0.018671962785295593
"2019-10-28",-0.0019325746188533222,0.000014930410712876707,-0.0019400398242097605,-0.0019415328652810926,-0.0019430259063523136,-0.0019445189474236457,-0.0019460119884948668,-0.0019475050295661989,-0.00194899807063742,-0.001950491111708863,-0.001951984152780084,-0.001953477193851305
"2019-10-25",-0.0034423407917383297,-0.014770932462616848,0.003943125439570094,0.005420218685831757,0.0068973119320934195,0.008374405178355193,0.009851498424616856,0.011328591670878518,0.012805684917140292,0.014282778163401844,0.015759871409663617,0.01723696465592517
"2019-10-24",0.027849740932642586,0.019692887572274387,0.018003297146505393,0.01603400838927793,0.01406471963205047,0.012095430874823121,0.01012614211759566,0.0081568533603682,0.006187564603140849,0.004218275845913277,0.0022489870886859276,0.00027969833145835565
"2019-10-23",-0.002520478890989275,-0.024815775382646343,0.009887408800333897,0.012368986338598509,0.014850563876863121,0.017332141415127844,0.019813718953392456,0.02229529649165707,0.02477687402992179,0.027258451568186293,0.029740029106451016,0.03222160664471552
"2019-10-22",-0.0025268477574225123,0.002887662849545558,-0.003970679182195291,-0.004259445467149847,-0.004548211752104403,-0.004836978037058959,-0.005125744322013515,-0.00541451060696807,-0.005703276891922737,-0.005992043176877182,-0.006280809461831849,-0.006569575746786294
"2019-10-21",0.1446062909014143,0.1463710910303211,0.07142074538625376,0.056783636283221695,0.04214652718018952,0.027509418077157455,0.01287230897412528,-0.001764800128906785,-0.01640190923193896,-0.031039018334971136,-0.04567612743800309,-0.060313236541035264
