"Date","unhedged","future","Variance","VaR 99%","VaR 95%","ES 99%","ES 95%","Spectral 10"
"2020-07-12010000",-0.001063318058684981,-0.0003499252806608011,-0.0007588170006718187,-0.0007976838368310979,-0.0007503300092597254,-0.0008390166078892092,-0.0007729774531527456,-0.0007290663912185025
"2020-07-12020000",0.0021820211605307893,0.001235525850725061,0.0011068804103742114,0.0012441125095242755,0.0010769143065685327,0.0013900513997578967,0.001156878527301286,0.0010018361363938189
"2020-07-12030000",-0.004194143358851932,-0.002725341669672421,-0.0018225815777326293,-0.002125290224427978,-0.0017564818912457758,-0.0024472044430143836,-0.0019328681827327499,-0.0015908733242213646
"2020-07-12040000",0.0049767666251936404,0.00447793086149062,0.0010801213686441047,0.0015774932784349271,0.000971514866439871,0.0021064213134778242,0.0012613301314332581,0.0006994081719076117
"2020-07-12050000",0.0007623306990571788,0.0006941582246902112,0.00015828199057987824,0.00023538340473527875,0.00014144606812105387,0.0003173765746057322,0.00018637254332998232,0.00009926473351695719
"2020-07-12060000",-0.003595391821749616,-0.0029774349361978425,-0.0010044613050247397,-0.0013351704084701987,-0.0009322474178604656,-0.0016868615933017805,-0.0011249493870792993,-0.000751320109303566
"2020-07-12070000",0.01002480628084812,0.008157921240809829,0.0029258746337158525,0.003831989755402554,0.0027280146580647147,0.004795594014915472,0.003256001842175338,0.00223228905359385
"2020-07-12080000",0.002769585844339062,0.0026244232723153793,0.0004858421217212028,0.0007773415788201454,0.00042219008225796717,0.001087335432562786,0.0005920448543943468,0.00026271393942045584
"2020-07-12090000",0.001592479387666046,0.0010702766357673088,0.000661136652604255,0.0007800142214640093,0.0006351784577599551,0.0009064340647843006,0.0007044476172011205,0.0005701418489775234
"2020-07-12100000",-0.0004107936018896696,0.0000573209242216155,-0.0004606736278164325,-0.0004543068887056245,-0.00046206387373026736,-0.0004475362071669764,-0.0004583540176925638,-0.0004655470465839695
"2020-07-12110000",-0.0022542715884930065,-0.0021039319503334264,-0.0004234535817048135,-0.0006571411227980217,-0.0003724253954577872,-0.0009056551411639191,-0.0005085935531570218,-0.0002445775152125629
"2020-07-12120000",0.0026712557470527365,0.0027103012303244522,0.00031278198771278465,0.0006138200655061432,0.000247047087900798,0.0009339577247224895,0.00042245995012990534,0.00008235247072552188
"2020-07-12130000",-0.0006160638652873418,-0.0002981589207898816,-0.0003566093135466408,-0.00038972636614109657,-0.00034937784917399295,-0.0004249445544031172,-0.0003686749328744021,-0.0003312598744015238
"2020-07-12140000",0.0006164436339353152,0.0008012920834845616,-0.00008083175793649477,8.169208400521377e-6,-0.00010026607550928102,0.000102816906259795,-0.00004840581131693167,-0.00014895752406807183
"2020-07-12150000",-0.0020505985184425812,-0.0015646583065439534,-0.0006890503934485759,-0.0008628398319564523,-0.0006511016016795823,-0.00104765546872998,-0.0007523675380599615,-0.0005560233137302806
"2020-07-12160000",0.003188562318393373,0.0017500159139789417,0.001665718080503087,0.0018600955249574724,0.0016232736763579503,0.002066805388799886,0.0017365361052654738,0.0015169319170809104
"2020-07-12170000",-0.002155338311138455,-0.0016793608427639883,-0.0006939773244677427,-0.0008805069818986766,-0.0006532465689663702,-0.0010788711501198422,-0.000761936145183495,-0.0005511982475460142
"2020-07-12180000",0.0003593521394287258,0.0002792769228685543,0.00011632849068998752,0.0001473482854978947,0.00010955498509612749,0.0001803361539163273,0.0001276300107968531,0.00009258439696258058
"2020-07-12190000",0.0017484765112751877,0.0003971894416412436,0.001402846710013006,0.0014469632623332895,0.0013932133866537688,0.0014938788216408705,0.0014189198048282226,0.0013690777067133508
"2020-07-12200000",-0.0010787763593866906,0.00014284180114110256,-0.0012030756940727416,-0.001187209995912375,-0.0012065401397889364,-0.001170337686906997,-0.00119729530423196,-0.0012152200885312547
"2020-07-12210000",0.002730058979576011,0.0012286961623340087,0.0016608613477248069,0.0017973348609868767,0.0016310608893008727,0.0019424670362951924,0.0017105830871413374,0.0015563977331114476
"2020-07-12220000",0.0012377833363417245,0.0001660111488492877,0.0010933222949127686,0.0011117614545834709,0.0010892959062164254,0.0011313705002503616,0.0011000402804784981,0.0010792080450220398
"2020-07-12230000",0.0021708231037602665,0.002832276857418714,-0.0002937924794338409,0.000020793652689143904,-0.0003624857425218453,0.00035533893246897374,-0.00017917852020032932,-0.0005345923510227113
"2020-07-13000000",0.00010338321573488685,-0.0002752989820217211,0.0003429453049250686,0.00031236734722828174,0.0003496223306368451,0.0002798493486003695,0.0003318047604475849,0.00036635119455263876
"2020-07-13010000",-0.0010843466811246705,0.0001905473840042582,-0.0012501588794355811,-0.0012289944355843296,-0.0012547803632237953,-0.0012064871980852487,-0.0012424479842082503,-0.0012663591973810506
"2020-07-13020000",-0.005852005852005848,-0.006115377411500367,-0.0005304729566542044,-0.0012097190272906122,-0.00038215227666471563,-0.0019320603625774257,-0.0007779443913421558,-0.000010544231625275735
"2020-07-13030000",-0.0011280605050634218,-0.0020177306916255855,0.0006277461323574984,0.0004036331215543365,0.0006766836170096768,0.00016530109656809344,0.0005460944736828122,0.0007992933771727717
"2020-07-13040000",0.003860507013254466,0.0035903443187099704,0.0007362296200515983,0.0011350156812568457,0.0006491503974763724,0.001559103016314678,0.0008815203518883763,0.00043097893502741513
"2020-07-13050000",-0.0009256640353809686,0.00017407601597341227,-0.0010771430338074595,-0.001057808094704682,-0.0010813650255705465,-0.0010372464362233824,-0.0010700986866610807,-0.0010919429578274409
"2020-07-13060000",0.003405660620759088,0.002431495970842912,0.0012898000739639537,0.0015598707454580474,0.0012308272401517772,0.0018470762485918168,0.0013881956031116527,0.00108307454993406
"2020-07-13070000",-0.002419375595192119,-0.0021021021021020436,-0.0005901499018298173,-0.0008236341983581807,-0.0005391660962179579,-0.0010719320771589436,-0.0006752158246770001,-0.0004114294088359838
"2020-07-13080000",0.0028392225692384088,0.002988970718963646,0.00023825374361929885,0.0005702441473980358,0.00016576007075597143,0.0009232979256013074,0.00035920864505689654,-0.000015868223103066015
"2020-07-13090000",0.0026396832380113366,0.0014295933147399076,0.0013956671553642108,0.0015544546800424497,0.0013609941927189562,0.0017233165955710117,0.0014535186148594281,0.0012741232866171348
"2020-07-13100000",0.0014513411947647548,0.002929535685925133,-0.0010979079311256301,-0.0007725190843618224,-0.0011689600830619984,-0.0004264857037953318,-0.0009793581916112126,-0.0013469767377777275
"2020-07-13110000",-0.000880395660167288,-0.0008259735625487652,-0.00016164272179131078,-0.00025338510481343057,-0.00014160978642085986,-0.0003509481505481471,-0.00019506745566855166,-0.00009141853898353425
"2020-07-13120000",-0.0012930254208797232,-0.0012547011987271706,-0.00020119849776822907,-0.0003405604376307547,-0.00017076732035170572,-0.0004887642978815832,-0.0002519725849358112,-0.0000945239377779794
"2020-07-13130000",-0.0012397654776971079,-0.0012217605286548583,-0.00017660315655365633,-0.0003123063163924522,-0.0001469709130794694,-0.0004566192626399568,-0.00022604423116379113,-0.00007272920876433275
"2020-07-13140000",0.0012930923009284445,0.0013240159510901073,0.00014094845704293313,0.0002880093122809013,0.00010883613870704689,0.0004444005512341809,0.00019452750947401842,0.000028380764315882878
"2020-07-13150000",0.0022810337230099176,0.002497004855287255,0.00010816807905555947,0.00038551494126626284,0.000047606410796596776,0.0006804582783681568,0.00020921456112521497,-0.00010412700323314539
"2020-07-13160000",0.0005186856505614568,-0.0003435353888726622,0.0008176262963448533,0.0007794691970663958,0.000825958309080832,0.0007388911926655695,0.000803724424092378,0.0008468336378906205
"2020-07-13170000",0.003017454413027032,0.0037625263761746908,-0.00025665387713158516,0.00016125675776668125,-0.00034790915592153304,0.0006056820391086015,-0.00010439544110885102,-0.0005765434620284005
"2020-07-13180000",-0.007282117495158169,-0.007819848436815047,-0.00047737301366157503,-0.0013459377752885748,-0.0002877125627168686,-0.0022696092646340427,-0.0007938194046991365,0.00018746965328919618
"2020-07-13190000",0.0012928248222365823,0.001334731623605645,0.00013135632020655486,0.00027960738464349877,0.00009898410689979098,0.0004372643464904957,0.00018536900455801142,0.000017877582162983963
"2020-07-13200000",-0.001961239709942997,-0.0024987198110545394,0.00021311826930248134,-0.00006441907615850617,0.0002737215316264141,-0.00035956498186018315,0.00011200238798958484,0.00042555915694475477
"2020-07-13210000",-0.0014430386270518625,-0.0010669038492054916,-0.0005146308530611376,-0.0006331338003946474,-0.0004887544608535022,-0.0007591552540515689,-0.0005578053308522568,-0.0004239228033825482
"2020-07-13220000",-0.00010306356445333176,-0.00042678810127283473,0.0002683226587415488,0.00022091852956396263,0.00027867385984203796,0.00017050681067676265,0.00025105179275519696,0.00030460813687649413
"2020-07-13230000",-0.000823829261385578,-0.0010726012404232987,0.00010953631859866864,-9.599448320130044e-6,0.00013555089376415808,-0.00013629387126468107,0.00006613128405141833,0.0002007287598614349
"2020-07-14000000",-0.0019527737094992004,-0.0023657870791629065,0.00010590769608143091,-0.0001568645695292359,0.00016328684452637798,-0.00043630861407062405,0.000010171213563392456,0.0003070466572591135
"2020-07-14010000",0.00015419011641348845,0.0011264461872086962,-0.0008260307328837868,-0.0007009143099782067,-0.0008533512485635608,-0.00056785978394569,-0.0007804467508514268,-0.0009218010656890652
"2020-07-14020000",-0.001693219425844661,-0.0014886041737051103,-0.0003978527549941546,-0.0005631947229028933,-0.00036174855922310734,-0.0007390269331154498,-0.00045809221132875333,-0.0002712917894106548
"2020-07-14030000",0.002159660624758919,0.002733091990122505,-0.00021864539836691232,0.00008492409049032368,-0.0002849330589921317,0.0004077537680003962,-0.00010804516057005831,-0.0004510125832832834
"2020-07-14040000",-0.0008220515323554833,-0.001338692266293462,0.0003428634765589855,0.00019417249634889888,0.0003753317502031006,0.00003604770794995993,0.00028869051658397815,0.00045667894801482145
"2020-07-14050000",0.0021109537907066933,0.0015482393859587162,0.0007636932264176721,0.0009356589856100994,0.0007261426546278926,0.0011185352383976666,0.0008263459453428101,0.0006320620815487565
"2020-07-14060000",-0.003897735723260798,-0.0033645333710171643,-0.0009699564863316912,-0.0013436613156510013,-0.0008883540203091789,-0.0017410761216886117,-0.0011061093096742525,-0.0006839042236175263
"2020-07-14070000",0.002931872540699043,-0.0013230711438702025,0.00408319422392911,0.0039362383101443355,0.00411528362717084,0.0037799586707314425,0.004029653405082545,0.0041956815892487676
"2020-07-14080000",0.004858508851272703,0.01049961516440967,-0.004278138607453963,-0.003111927290682659,-0.004532793382788669,-0.0018717248424093835,-0.003853249896003108,-0.005170814751277897
"2020-07-14090000",0.0019679432403738595,0.0033752575106846816,-0.0009691680227206234,-0.000594272043740296,-0.0010510305890738536,-0.00019559051467887834,-0.0008325812248167752,-0.0012561320506274676
"2020-07-14100000",0.000933053417308205,-0.00008942370106812536,0.001010868919907093,0.0010009364670943155,0.0010130377777317623,0.000990373842535086,0.0010072502043138032,0.0010184717132843968
"2020-07-14110000",-0.00020730222072506965,0.0011765151977956023,-0.0012310925619681834,-0.0011004148831639249,-0.0012596274376451833,-0.0009614462632775433,-0.0011834824335429373,-0.001331119756629473
"2020-07-14120000",-0.001345651217555588,-0.002113671597866462,0.0004936421213745934,0.0002588727799490709,0.0005449065303513301,9.208325636000936e-6,0.00040810801487789483,0.0006733462516449462
"2020-07-14130000",0.0016589336167345259,0.0012533754843544465,0.0005682603154144594,0.000707475005774949,0.000537861291509234,0.0008555222741710722,0.0006189807547993809,0.00046169846751642485
"2020-07-14140000",-0.0007252570777319667,-0.0011352718450479138,0.0002626437601178644,0.00013654705537435863,0.00029017833087285894,2.450052804525704e-6,0.00021670262953010777,0.0003591644493964319
"2020-07-14150000",-0.0015517107611141556,-0.0018738852166614306,0.00007892315590696253,-0.00012921267686238913,0.00012437185201430445,-0.0003505538400474517,3.0925028166040036e-6,0.00023824067402400395
"2020-07-14160000",0.0010355450850441095,0.002719578333850725,-0.0013310015058263236,-0.0010289330033032007,-0.0013969614099530459,-0.0007076995433049627,-0.0012209481261675759,-0.0015622197611503408
"2020-07-14170000",0.00046621254111745003,-0.00015988774197484013,0.000605345062502427,0.0005875860407492661,0.0006092229357742562,0.0005687002848485667,0.0005988748733001259,0.0006189387010040459
"2020-07-14180000",0.0012447809963433976,0.0006210022977084506,0.000704391755749656,0.0007733676082917196,0.0006893301370018978,0.0008467196843384706,0.0007295219021360433,0.0006515942076735781
"2020-07-14190000",-0.0011397487372102333,-0.0014546050757729967,0.00012603229960927997,-0.00003553332677197485,0.000161311890620075,-0.00020734960270163416,0.00006716868731138081,0.0002497026655698953
"2020-07-14200000",0.0003627788862687886,0.00042689434365006385,-8.69978785211778e-6,0.00003871614185901873,-0.0000190535657260682,0.00008914040997354267,8.575377452357813e-6,-0.00004499429870252758
"2020-07-14210000",-0.000466212541117339,-0.0007239341671710919,0.00016374685884135154,0.00008333817670092003,0.00018130495881085729,-2.1720931951962896e-6,0.00013445136080192377,0.0002252956633083114
"2020-07-14220000",-0.0021193559225659575,-0.002471433871850226,0.00003125813814675027,-0.00024324850851342728,0.00009119961481374173,-0.0005351714305080746,-0.00006875356102542529,0.00024137917819366805
"2020-07-14230000",0.001242139585435842,0.0014821190523675032,-0.00004758380549807484,0.00011703784821093244,-0.00008353071292188652,0.0002921040433615518,0.000012393216946682273,-0.00017359340676803559
"2020-07-15000000",-0.0011889684406420908,-0.0009018929264328346,-0.00040415132255688935,-0.0005043262071456889,-0.0003822770598376213,-0.000610856760687617,-0.0004406482910055409,-0.000327472483656277
"2020-07-15010000",0.003527611340232939,0.0023082890280587964,0.0015189640944073268,0.0017753499471028222,0.0014629794878628921,0.0020480023880822262,0.001612373798994704,0.001322713611305537
"2020-07-15020000",0.015113615419047433,0.013774098812055824,0.0031275489835833614,0.0046574631434277425,0.0027934757834234825,0.006284443828145969,0.003684946469492134,0.0019564765947710505
"2020-07-15030000",0.000421463003450695,0.0008414752372716272,-0.00031077931855938434,-0.00021731513638478805,-0.000331188227280399,-0.00011792105068886283,-0.0002767272772526974,-0.0003823214520727314
"2020-07-15040000",0.00015807360961095362,-0.00035395550608707804,0.0004660817246279203,0.0004267672440141368,0.00047466646401783663,0.00038495842737140684,0.000451758180713413,0.000496174983410369
"2020-07-15050000",0.0008965535427050142,0.0008130523714560134,0.00018904448002476926,0.0002793516828957232,0.00016932493166543772,0.0003753884924230233,0.00022194633109651196,0.00011991885548390258
"2020-07-15060000",0.000580459618479745,0.00045154389583101917,0.0001875311802705948,0.0002376849804901493,0.0001765795589449004,0.0002910208253132929,0.00020580384084523118,0.00014914096716422964
"2020-07-15070000",0.0029107459448016737,0.0029678355998947747,0.0003281686629588165,0.0006578115506949977,0.0002561875954542048,0.0010083688729802809,0.00044826828795385687,0.00007584360177015359
"2020-07-15080000",-0.0008988764044943753,-0.0004173783502641193,-0.0005356784411828519,-0.0005820374122338379,-0.0005255554615924973,-0.0006313376621713829,-0.0005525685220719723,-0.000500192979059233
"2020-07-15090000",0.0011646065482648904,0.00001391280523899141,0.0011524997810510307,0.0011540451015855657,0.0011521623437034112,0.0011556884661135802,0.0011530627915803393,0.0011513169158567926
"2020-07-15100000",-0.0003704193676412615,0.0008022346895275589,-0.0010685150047289316,-0.000979409341427595,-0.0010879721840092449,-0.0008846503040284004,-0.0010360509136001506,-0.001136720911124156
"2020-07-15110000",0.00037055662899332376,0.00008247952740303433,0.00029878386850223926,0.0003079450193399502,0.0002967834327537444,0.00031768740610516044,0.00030212157370101966,0.0002917714680176209
"2020-07-15120000",-0.002481848184818447,-0.0018091284000012475,-0.0009075649239984607,-0.0011085080995850705,-0.0008636868218928617,-0.001322200262182438,-0.0009807750581499741,-0.000753753023418624
"2020-07-15130000",0.0014807371955896098,0.0008293364666200898,0.0007590578957750171,0.0008511738026572013,0.0007389433974551718,0.0009491340707469265,0.0007926187165425702,0.0006885477992274458
"2020-07-15140000",0.0019074363525577454,0.0027384030989452413,-0.0004754913379499959,-0.00017133193459428764,-0.0005419078127463228,0.0001521250849717548,-0.0003646761751154859,-0.0007083100727630631
"2020-07-15150000",0.0014857658326921097,0.00023934563119087926,0.0012774899465063383,0.0013040745002583787,0.0012716849234665206,0.0013323457305023378,0.0012871755640490035,0.0012571408068714485
"2020-07-15160000",0.0006902960307977324,0.0012110726643599357,-0.00036356583060315195,-0.0002290497912537104,-0.00039293885355939917,-0.00008599928322494677,-0.0003145572625959936,-0.00046653109732797127
"2020-07-15170000",-0.0041773524046215815,-0.003926152370676728,-0.0007608586076192081,-0.001196943478765089,-0.000665634789009828,-0.001660696074089918,-0.0009197385089885213,-0.00042705755839600457
"2020-07-15180000",-0.0007925395609330588,-0.0008940373271278945,-0.000014558297334099635,-0.00011386064624752112,7.125437842425697e-6,-0.0002194633054487527,-0.000050737372658704594,0.00006145265936463584
"2020-07-15190000",-0.0005808580858085444,-0.0005312207067051933,-0.0001185957796249193,-0.0001775994278693238,-0.00010571169886564036,-0.00024034660580996015,-0.0001400927276590247,-0.00007343145268945417
"2020-07-15200000",-0.0005805208855582666,-0.0011796909529981914,0.00044603296227507805,0.0003150025465753492,0.0004746448618443422,0.00017565881014269813,0.00039829432032667533,0.0005463301592996128
"2020-07-15210000",-0.0006328947021438935,-0.0004097879560758244,-0.0002763018147980967,-0.00032181770698735956,-0.0002663629305384996,-0.0003702213883071126,-0.0002928847346382879,-0.00024146168716598915
"2020-07-15220000",0.0002637756851573414,-0.00032857609203540417,0.0005496989184649026,0.0005132033754424725,0.0005576681125342153,0.0004743923459518129,0.0005364024051954797,0.0005776344222141461
"2020-07-15230000",0.000686287448858458,0.0008103615237358142,-0.000018880068288984475,0.00007112825724087113,-0.0000385343535685978,0.00016684722693516285,0.000013912892046996639,-0.00008777691724815018
"2020-07-16000000",-0.0026851291231210217,-0.0030548521589927047,-0.000026831006647576316,-0.0003661389815681204,0.00004726053652304163,-0.0007269745995760468,-0.0001504519372419466,0.00023289219296884767
"2020-07-16010000",0.00021064272361037695,0.0006060154219740266,-0.0003167051056601755,-0.0002493938726123579,-0.000331403236850325,-0.00017781202906341775,-0.00029218143429421417,-0.0003682284711850059
"2020-07-16020000",0.0004741708595663585,0.00026846552774784094,0.00024055516571053204,0.0002703741192359166,0.00023404387671721594,0.00030208495811678837,0.00025141918028315224,0.0002177302556249927
"2020-07-16030000",0.0008964589870013029,0.0010515291964654505,-0.000018569936461432235,0.00009822532028191944,-0.00004407343607459868,0.0002224307376678114,0.000023982374108388882,-0.00010797083482971814
"2020-07-16040000",0.0021667327255912028,0.001696410830536177,0.0006905350306211089,0.0008789584611456069,0.0006493907494107276,0.001079336554281718,0.0007591838144661578,0.0005463063655860578
"2020-07-16050000",-0.004052738229953445,-0.0038320944561799353,-0.0007180925761453016,-0.0011437302639800695,-0.0006251500122970155,-0.0015963728467937033,-0.0008731662288600228,-0.000392288320622991
"2020-07-16060000",0.0023741064127251743,0.00284195203578963,-0.00009892840226843891,0.0002167323694799439,-0.00016785632446880694,0.0005524204701837787,0.000016077083131116332,-0.0003405508564743309
"2020-07-16070000",0.0008448398764422382,0.0007700432868993357,0.0001747568371888164,0.00026028694296165167,0.00015608041932468897,0.00035124356896509834,0.00020591823642202023,0.00010928784035779682
"2020-07-16080000",0.0004225984522332471,0.002585941046969076,-0.0018276584691151454,-0.0015404333026440842,-0.0018903771712801554,-0.001234984925030047,-0.0017230129995307042,-0.002047514896785785
"2020-07-16090000",-0.002896947670590677,-0.004392249172722074,0.0009251383405304292,0.00043728325145342417,0.001031666742646098,-0.00008152416121265382,0.000747396865043326,0.001298566889370023
"2020-07-16100000",-0.0027314510833880146,-0.0036623811425609,0.0004555119466945756,0.00004872462469229788,0.0005443383305614446,-0.0003838716170166956,0.0003073060953239226,0.0007668871946785449
"2020-07-16110000",0.0030559287652467404,0.004104025528574473,-0.0005153482605343429,-0.000059506694839117635,-0.0006148861657415683,0.0004252560729970378,-0.0003492703527927521,-0.0008642720663726289
"2020-07-16120000",0.003595695740686855,0.002715284409733121,0.001232885674466333,0.0015344772430428977,0.0011670299139929785,0.001855203509670611,0.0013427652915769528,0.0010020324881055975
"2020-07-16130000",-0.00037000819303856236,-0.0005216099362416182,0.00008389092838478884,0.00002595476586264578,0.0000965419121633504,-0.00003565719894194075,0.00006278290011707544,0.00012823814865647876
"2020-07-16140000",0.0032879908784768652,0.004227013600936802,-0.00039030898968539507,0.00007919308447335016,-0.0004928298137373277,0.0005784830617419079,-0.00021925411442902387,-0.0007496892281121381
"2020-07-16150000",0.0004775169120572187,0.00042202067364383034,0.00011027925096196434,0.00015715385329817533,0.00010004367773852607,0.00020700244912563726,0.0001273571930981987,0.00007439909900752717
"2020-07-16160000",-0.0008481989026426495,-0.001007323747845068,0.000028362934791248406,-0.0000835223425255105,0.00005279428762461347,-0.00020250626324258558,-0.000012400510585930391,0.00011400549070672561
"2020-07-16170000",0.015558965248055223,0.01378359302185217,0.003564637057617226,0.005095605756578969,0.003230333587507017,0.006723707886421626,0.004122418746423384,0.0023927574721166467
"2020-07-16180000",0.00005384014859877162,0.0005114093244062978,-0.00039118251471226273,-0.0003343793526642269,-0.00040358609565982473,-0.0002739722723792415,-0.0003704872753659272,-0.0004346624800707355
"2020-07-16190000",0.0015098002210778283,0.0011579949584190619,0.000502125984604751,0.0006307465868007345,0.00047404029371445056,0.0007675276173462198,0.0005489866531191989,0.00040367337868896236
"2020-07-16200000",0.00010785450427364118,0.00011657563961353645,6.411689013607891e-6,0.000019359956930919964,3.584295547254257e-6,0.00003312973719371559,0.000011129164133039104,-3.49955923728551e-6
"2020-07-16210000",-0.00037734831945235303,-0.00023200794708899686,-0.0001754576037468203,-0.00020122714760528737,-0.0001698305468770256,-0.00022863165905573357,-0.00018484628667869707,-0.0001557323132194144
"2020-07-16220000",0.,-0.00014593675057672506,0.00012699252500336655,0.00011078306519074488,0.0001305320347709804,0.00009354518432325154,0.00012108689161249853,0.00013940005172763392
"2020-07-16230000",0.0011873600129530537,0.0009276670427478262,0.0003801145476719503,0.0004831522101489405,0.0003576151666320193,0.0005927271726197114,0.00041765451921149666,0.0003012443961943889
"2020-07-17000000",0.0006480706396996272,0.0010464908183798194,-0.0002625739436123986,-0.00014633830866950248,-0.00028795524379066073,-0.000022728018699069708,-0.00022022552146516716,-0.0003515464796216561
"2020-07-17010000",-0.00016199141445505383,-0.000658669574700177,0.0004111754684821278,0.00033801584310544364,0.0004271506589952345,0.000260214551690896,0.00038452103758312983,0.00046717548436758793
"2020-07-17020000",-0.00016196517748678918,-0.0003324957347882185,0.00012736888502129506,0.00009043798016272753,0.00013543314502673098,0.000051163966985345866,0.00011391375527558534,0.00015563763637271855
"2020-07-17030000",-0.0003238254580780753,-0.00023759622374597278,-0.00011707188664722423,-0.00014346213053861856,-0.00011130929325386951,-0.00017152672279041603,-0.00012668671078808202,-0.00009687148144377211
"2020-07-17040000",0.0009183480539123323,0.0016615702384603637,-0.0005275317482525965,-0.0003429781255378517,-0.0005678310153355293,-0.00014671536300325805,-0.00046029286125059965,-0.0006687982699237205
"2020-07-17050000",-0.002048572737809673,-0.002751140955964404,0.00034543929313735067,0.0000398650728788974,0.0004121647084106561,-0.000285096527685047,0.00023410866649098416,0.0005793409991743381
"2020-07-17060000",-0.001829580003766762,-0.001345994524694194,-0.0006583106514200798,-0.0008078127067270291,-0.0006256652708113153,-0.0009668000294763557,-0.0007127791124315053,-0.0005438743427461645
"2020-07-17070000",0.0034016360249453648,0.0022971520980583637,0.0014026800108071225,0.001657828864470079,0.0013469655162965388,0.0019291658241068488,0.0014956390364159189,0.0012073763882874955
"2020-07-17080000",-0.0006475111290975555,-0.00015907535813752816,-0.0005090855350243784,-0.00052675432382987,-0.0005052273650864025,-0.0005455441218875645,-0.0005155228494291286,-0.0004955609653085613
"2020-07-17090000",0.0006479306714182176,0.000576708184568453,0.0001460856717248049,0.00021014169671118577,0.00013209835020155936,0.00027826180313805793,0.00016942336492475896,0.0000970540043492285
"2020-07-17100000",0.0029242141174559144,0.0026923564623113627,0.0005813556941541842,0.000880400613988308,0.0005160560218048227,0.0011984186578782863,0.0006903074843032098,0.0003524518393993592
"2020-07-17110000",-0.0017298699894585656,-0.0014495601108999168,-0.00046847902453839296,-0.0006294842975127501,-0.0004333217927164901,-0.0008007046680031937,-0.0005271384818658076,-0.000345237580944735
"2020-07-17120000",0.00021628051582900376,0.0010281916829018023,-0.0006784403648478765,-0.0005642372481017288,-0.0007033778428325865,-0.00044278843093448206,-0.0006368324551833116,-0.0007658571103411616
"2020-07-17130000",-0.00021623374868229295,-0.0005471224200065405,0.00025986605022365605,0.00019909616981561573,0.0002731358067590284,0.00013447069981775694,0.0002377256063690325,0.0003063823391011855
"2020-07-17140000",-0.004306052695319806,-0.0031548076525312885,-0.0015607744284574787,-0.0019111846414994194,-0.0014842585922674179,-0.0022838268872612533,-0.0016884402654782082,-0.0012925530236089777
"2020-07-17150000",0.00032305828509904266,-0.00012408676494934934,0.0004310371974575178,0.0004172546552139167,0.00043404676368985484,0.00040259766947881026,0.00042601576906786676,0.0004415870407709077
"2020-07-17160000",0.000808298531590923,0.0006600545035106986,0.00023392649912212793,0.0003072399510559709,0.00021791771892698542,0.0003852048286662191,0.00026063697403888586,0.00017780873673933772
"2020-07-17170000",-0.0004309067894751051,-0.00021343740947976642,-0.00024517594749806637,-0.0002688828280322797,-0.00023999929533435882,-0.0002940938089724954,-0.00025381313509675874,-0.00022702952206643534
"2020-07-17180000",0.00021549982490642883,-0.0009062868893034981,0.0010041405202435572,0.0009034775902220238,0.0010261213529284552,0.0007964280268474289,0.000967465740971063,0.0010811929333913728
"2020-07-17190000",0.,0.0012527437812164255,-0.00109012360032823,-0.000950979074382019,-0.0011205073030794432,-0.0008030064220327926,-0.0010394287241213274,-0.0011966317408937943
"2020-07-17200000",-0.00016159875030297144,-0.000987058326767376,0.0006973283448008516,0.0005876939845919082,0.0007212681856910708,0.00047110379206805053,0.0006573849817327337,0.0007812479368116687
"2020-07-17210000",-0.00005386334868440201,-0.00010881487542868662,0.00004082613654809997,0.000028739870797322986,0.00004346530257670622,0.000015886783060081733,0.00003642271685277976,0.00005007756546882014
"2020-07-17220000",0.00032328457124375376,0.0011220508038458643,-0.0006531114647053693,-0.0005284832450089816,-0.0006803253759671835,-0.00039594789659602725,-0.0006077053509798702,-0.0007485081024932727
"2020-07-17230000",-0.0011302171631548674,-0.0012251275177130871,-0.00006412492586294061,-0.0002002020632887458,-0.000034411020363167566,-0.0003449127144052877,-0.00011370225267093304,0.000040035282971362385
"2020-07-18000000",-0.0023089107847611423,-0.002562268774506271,-0.00007925320964141669,-0.0003638490538365735,-0.000017108648254993142,-0.0006665012898964262,-0.00018294073160718405,0.00013859060398890843
"2020-07-18010000",0.0023682015124195654,0.0023398288694198577,0.00033210865007304857,0.0005919976902042379,0.000275359084900062,0.0008683755809131277,0.0004267946797775757,0.0001331766530754397
"2020-07-18020000",0.002590184280819141,0.0017871581787549662,0.0010350192603322261,0.001233522163561429,0.0009916740179235495,0.0014446192289334636,0.0011073403238988089,0.0008830752655825114
"2020-07-18030000",0.00048589553246047856,0.0005364350619190272,0.000019095752801123744,0.00007867856894505643,6.085204506178776e-6,0.0001420416605169006,0.00004080371053738485,-0.00002651189804958598
"2020-07-18040000",0.0008645611001540932,0.0003970322926869496,0.0005190680481509391,0.000563167145651633,0.0005094385362391929,0.0006100641427057019,0.0005351347836076714,0.00048531240563831624
"2020-07-18050000",0.00016213148863730709,0.0007029355198557852,-0.00044955512373578976,-0.0003714787994725244,-0.0004666039282948953,-0.0002884488656079709,-0.0004211093795263299,-0.0005093186254828685
"2020-07-18060000",0.0007571865112632192,0.0007854155219517711,0.00007372672532657276,0.00016096425315259566,0.00005467747350584862,0.0002537366298525079,0.0001055101939442249,6.9507827366033226e-6
"2020-07-18070000",-0.00010815780223349947,0.00017043908823821674,-0.00025647198689982,-0.00023754100796280486,-0.00026060576961883797,-0.00021740893919608428,-0.00024957481557985606,-0.0002709626997176029
"2020-07-18080000",0.0030376176398796417,0.0031839873385810513,0.0002669475372006902,0.0006205987909434496,0.00018972398493910525,0.0009966877076081904,0.0003957941907571927,-3.7547213947997093e-6
"2020-07-18090000",-0.0008129860979376735,-0.0012665086723551156,0.00028911555641175646,0.00014844213901876735,0.0003198331090428219,-1.156406415403488e-6,0.00023786365532663112,0.0003967939865308079
"2020-07-18100000",0.0006508121593404859,0.0004796861669680297,0.00023339463214666623,0.00028667424550932186,0.00022176045592514626,0.000343334222981051,0.00025280612811029446,0.0001926117661968929
"2020-07-18110000",-0.0004878709852284002,-0.0005615087400533403,7.476281710383503e-7,-0.00006162016692079497,0.000014366306551827357,-0.00012794493247036964,-0.00002197498797196218,0.00004848704042048624
"2020-07-18120000",0.0008680791037083413,0.0008862829904874303,0.00009684557695988083,0.00019528663762580223,0.00007534991332913688,0.00029997336351561543,0.00013271085696420215,0.000021493893122226382
"2020-07-18130000",0.000054257887740494226,0.00015339759231514094,-0.0000792269781383359,-0.00006218882908981538,-0.00008294744110737273,-0.000044069682190728265,-0.00007301942630744129,-0.00009226882481894183
"2020-07-18140000",-0.0029213665503530217,-0.0032414875457199566,-0.00010066041176171048,-0.0004606983178943036,-0.000022042265307775644,-0.000843579092789426,-0.00023183393049730494,0.00017493050821548728
"2020-07-18150000",0.,-0.00011138642243180286,0.00009692721661813675,0.00008455532447348979,0.00009962875223978873,0.00007139848856652087,0.00009241973393814273,0.00010639727818650968
"2020-07-18160000",-0.0005947392609012558,0.00017038473090669193,-0.0007430061444267944,-0.0007240812030573363,-0.000747138608778064,-0.0007039555549159804,-0.0007361111727890446,-0.0007574922357902469
"2020-07-18170000",0.,-0.0001627127824540553,0.00014159083995290977,0.00012351803582533183,0.00014553723097876503,0.00010429858939753345,0.00013500632962648584,0.00015542466309004244
"2020-07-18180000",0.00113670194051263,0.0012136267321514183,0.00008061755794019909,0.0002154172822356193,0.00005118258932690356,0.00035876947380986124,0.00012972948159939435,-0.000022564855351570046
"2020-07-18190000",-0.000865309212839005,-0.0009306735586029902,-0.00005544751115138524,-0.00015881911280224426,-0.00003287521090367118,-0.0002687492014625814,-0.00009310914759275146,0.000023678253978420827
"2020-07-18200000",-0.00010815195349467288,-0.00020531772918597202,0.00007051323367879281,0.00004770822077482251,0.00007549295335229633,0.000023456327117532538,0.0000622046257893194,0.00008796932477150854
"2020-07-18210000",-0.0010263890014315935,-0.0006602936505943902,-0.0004518088658503894,-0.0005251488802849869,-0.0004357942854478214,-0.0006031420056732406,-0.0004785290183499935,-0.0003956707712085006
"2020-07-18220000",-0.00010802927593378531,-0.0004472715887632317,0.0002811814485398356,0.00023150218122214294,0.00029202945050621487,0.00017867097638835094,0.00026308167573463326,0.00031920843056221226
"2020-07-18230000",-0.0012946729602157925,-0.001601064762524973,0.00009855565480676454,-0.00007927751485736767,0.00013738743873537018,-0.0002683934402731847,0.00003376524742071396,0.00023467800746856948
"2020-07-19000000",0.0006477557960649083,0.0007313606578103204,0.000011333947172231795,0.0000925675031097084,-6.404272856475046e-6,0.0001789549815252034,0.00004092997356341943,-0.000050846256724357275
"2020-07-19010000",0.00021596522959810294,0.00028892186353512983,-0.000035451338428749146,-3.3602625520989804e-6,-0.000042458769757947046,0.00003076685514746824,-0.0000237595157871473,-0.000060015443966721094
"2020-07-19020000",-0.0003238429361759332,-0.0007103518529614217,0.00029429728615926187,0.00021539721631469444,0.0003115259644195234,0.0001314912737269136,0.0002655514246437951,0.00035469132374343904
"2020-07-19030000",-0.00048552855177619314,-0.00016557607948530784,-0.00034144610283237675,-0.0003598369385591216,-0.00033743026618870964,-0.0003793945943338928,-0.0003481464824137692,-0.00032736884249195963
"2020-07-19040000",0.0008098696109926085,0.0014093802326786697,-0.0004165572741500201,-0.00026001485319016027,-0.0004507399942682566,-0.00009354048363030554,-0.00035952377895709375,-0.0005363826288500295
"2020-07-19050000",-0.0027459954233409745,-0.0025081064612305637,-0.0005634692862979129,-0.0008420492240339694,-0.0005026383627451114,-0.001138303870041546,-0.0006649650178849331,-0.00035023034667458486
"2020-07-19060000",0.0023206238700450577,0.001798619967951831,0.0007554849290383192,0.0009552609140007773,0.0007118616955503754,0.0011677118327094727,0.0008282698176849124,0.0006025664542128606
"2020-07-19070000",0.0003779187474692858,0.0004569491717660856,-0.000019713301287693774,0.00003104087274241607,-0.0000307960206876734,0.00008501518253245521,-1.2219050079531613e-6,-0.00005856307036855579
"2020-07-19080000",-0.0004856595526535612,-0.0006266852383475241,0.00005967491920200185,-9.93214787337049e-6,0.0000748743704273025,-0.00008395548632200711,0.0000343148008321581,0.00011295563027557964
"2020-07-19090000",0.0008641408549594498,0.0007711445770648417,0.0001930994853449608,0.00027875191341575345,0.00017439635709237677,0.0003698386225448047,0.00022430545056950635,0.00012753685694333328
"2020-07-19100000",0.00005401172054342318,0.00004144937558714368,0.000017942938383863627,0.000022546795775402195,0.000016937636640679266,0.00002744274827248816,0.0000196202733631079,0.000014418916961744799
"2020-07-19110000",-0.0011868475710085091,-0.00035437561197937395,-0.0008784738845517559,-0.0009178350270895308,-0.0008698789560291909,-0.0009596934661564305,-0.0008928144289227502,-0.0008483449084117911
"2020-07-19120000",0.0004857644042639553,0.0006655784640632323,-0.00009341451677691293,-0.000019487508516546903,-0.00010955727359029943,0.0000591298529508677,-0.00006648050333568634,-0.00015000192568748183
"2020-07-19130000",-0.00048552855177619314,-0.0007621062042424409,0.00017764772709105703,0.00009299920749750168,0.00019613164113774229,2.9801005545504466e-6,0.00014680751837492512,0.00024244191401456838
"2020-07-19140000",0.0005397673602676178,0.00024210091245890908,0.00032909385919766,0.0003559844470419904,0.00032322201032464193,0.0003845811279354905,0.00033889097491335285,0.0003085104658478999
"2020-07-19150000",0.0033034577996804426,0.0014317510172965342,0.002057564108447485,0.0022165912930656173,0.0020228388134785336,0.002385708073934678,0.002115502883853204,0.0019358367920627728
"2020-07-19160000",0.0004876330831955489,0.0019597952008545416,-0.0012177587393741307,-0.0010000807287039448,-0.0012652910725844402,-0.0007685919771492911,-0.0011384515605337153,-0.001384380315040401
"2020-07-19170000",0.00016257078602976982,0.000010942583171580367,0.00015304867277499135,0.0001542640853524624,0.000152783274375623,0.00015555661067157,0.00015349148710597227,0.0001521183355391864
"2020-07-19180000",0.00027102474455920067,0.0000262628893337169,0.0002481710725595887,0.00025108813935414975,0.0002475340996725972,0.00025419028158890633,0.0002492338548647499,0.00024593820455354187
"2020-07-19190000",-0.0008124136810463423,-0.0006823691770343476,-0.0002186236697326871,-0.00029441565296373096,-0.00020207367558977563,-0.0003750163141053031,-0.0002462371542103492,-0.0001606087162242531
"2020-07-19200000",0.0004334751158190375,0.0006795500306400193,-0.00015786170589326964,-0.0000823828503699886,-0.00017434332523569296,-2.1151835529753527e-6,-0.00013036230402341253,-0.0002156369758806731
"2020-07-19210000",0.,-0.0005621455147569732,0.0004891727276108426,0.0004267342047967748,0.0005028068501500282,0.0003603342241527141,0.00046642434305843583,0.0005369662783766271
"2020-07-19220000",-0.000054181453688406656,-0.00003280897303536978,-0.000025631453006158544,-0.00002927560520094019,-0.00002483571320743838,-0.000033150963301809,-0.00002695913616967971,-0.00002284203767299875
"2020-07-19230000",-0.0005956409909300131,-0.0008621320777600916,0.0001545766821952066,0.000058818107248170826,0.0001754865962380059,-0.00004301594065070358,0.00011968871898093703,0.00022787505804899855
"2020-07-20000000",-0.0008656369194146585,-0.00035718186783184613,-0.000554821260561611,-0.0005944940990313397,-0.0005461582698822465,-0.000636684009806765,-0.0005692753658979033,-0.0005244536968531666
"2020-07-20010000",0.0004871579745053811,-0.0008796188172945918,0.0012525924124193732,0.0011548915535677384,0.0012739264450282173,0.0010509919921386501,0.0012169968120095964,0.001327377508974048
"2020-07-20020000",0.0004873954130675262,0.0012358292129919235,-0.0005880093195341773,-0.0004507435253865433,-0.0006179827810047778,-0.00030476880235141834,-0.0005379989264236995,-0.0006930793853416883
"2020-07-20030000",-0.0009738415343414353,-0.0005482282507915937,-0.00049677945387816,-0.0005576721609188429,-0.0004834828768273125,-0.0006224282503752843,-0.0005189646474696996,-0.0004501691473870473
"2020-07-20040000",-0.0003785727806170369,-0.0009165132779860308,0.0004189668035560201,0.00031716800997916295,0.00044119566425637746,0.00020891051735349997,0.00038187819224855257,0.0004968886631617764
"2020-07-20050000",-0.0003243856945909229,0.00011348595011217988,-0.0004231398966695332,-0.00041053480617403437,-0.00042589235365741995,-0.00039712997647600723,-0.00041854745224600975,-0.00043278845985383896
"2020-07-20060000",0.0014076500365447497,0.0013691594912363936,0.00021622278989674726,0.0003682978200899578,0.000183015572567502,0.0005300213620025307,0.0002716286693401626,0.0000998169982768804
"2020-07-20070000",-0.00010826904858574071,0.00020547076850441215,-0.00028706740885919846,-0.0002642453976002823,-0.00029205084030614614,-0.0002399754271149579,-0.00027875260791609957,-0.0003045365113381049
"2020-07-20080000",0.000433263830593944,0.00046580489117009627,0.00002792563404763193,0.00007966342890808331,0.000016628130467433166,0.00013468376607295163,0.000046775395386333685,-0.000011677047337621538
"2020-07-20090000",0.,-0.00014431308066897852,0.00012557962564430092,0.00010955050979577496,0.0001290797553690215,0.00009250441494745854,0.00011973969742484769,0.00013784910812886242
"2020-07-20100000",-0.0011900576096069981,-0.0012186146666171016,-0.00012963278235667008,-0.00026498652558804014,-0.00010007683775414833,-0.0004089278862355883,-0.00017894655313266394,-0.000026026295417036494
"2020-07-20110000",-0.001296561411091024,-0.0000589617491111305,-0.0012452535577323065,-0.0012518025462422422,-0.0012438235157032906,-0.0012587670401267292,-0.0012476395672396112,-0.0012402406362104212
"2020-07-20120000",0.0034150968965984685,0.0029095775144520886,0.0008832151478751493,0.0012063872043024393,0.0008126470559347565,0.0015500631486452532,0.0010009572385731857,0.0006358431827996336
"2020-07-20130000",0.0016832731517932853,0.0020772568358540244,-0.0001243324692928871,0.00010639221841046709,-0.00017471368465782344,0.00035175540298237884,-0.00004027196169154035,-0.00030094062044183634
"2020-07-20140000",0.,-8.778610038784329e-6,7.639048083762923e-6,6.663991930500046e-6,7.851962074645336e-6,5.627072625191687e-6,7.283803415303325e-6,8.385404558275411e-6
"2020-07-20150000",0.001196009676805554,0.0014263610869353904,-0.00004519375742595422,0.00011323475784230652,-0.00007978832650801237,0.00028171488634598507,0.00001252690326503103,-0.00016646282251531197
"2020-07-20160000",-0.0003804037714316699,-0.000028570361107371767,-0.00035554216335187405,-0.0003587155252251506,-0.0003548492256798541,-0.0003620902233677503,-0.00035669832228968357,-0.00035311311434560455
"2020-07-20170000",-0.0008687389710873017,-0.0014856460695114038,0.0004240535906420151,0.00025904018473599244,0.0004600860413683794,0.00008355738238330357,0.00036393384013089225,0.0005503630585274033
"2020-07-20180000",0.0022856520910996547,0.0019513793228549403,0.0005875836712579963,0.0008043269150810328,0.0005402554544354787,0.001034821592820978,0.0006665502841344262,0.000421677612627569
"2020-07-20190000",-0.0012501019104818045,-0.0016529125174649106,0.00018824403989026184,4.6520459631160804e-6,0.00022833332499183623,-0.00019058807654059873,0.00012135550553060703,0.0003287744830602346
"2020-07-20200000",0.000054355211305923135,-0.00021178257281817547,0.00023864603296386289,0.00021512295814185567,0.00024378254917489794,0.00019010744460179474,0.00023007581176404113,0.0002566517643618482
"2020-07-20210000",-0.0017363466181936626,-0.001073122501482393,-0.000802527442676948,-0.0009217211070079445,-0.0007765002249892072,-0.0010484771007082117,-0.0008459535711344834,-0.0007112906838554478
"2020-07-20220000",0.,0.0007360523024944055,-0.0006405044655227732,-0.0005587498000932944,-0.0006583564754100157,-0.00047180815001224286,-0.000610718581995684,-0.0007030835525422274
"2020-07-20230000",0.000434275167602971,-0.00003071360876116813,0.0004610018057741305,0.00045759038949322317,0.0004617467251847307,0.0004539625334065711,0.00045975891587335393,0.00046361307346376446
"2020-07-21000000",-0.0013282012360403828,-0.0015737855730847405,0.00004128933401836843,-0.00013351388655336027,0.00007945949599708069,-0.00031940762553650526,-0.000022397164370024925,0.00017509241294921818
"2020-07-21010000",0.00018977904297146075,-0.00023869405881726813,0.00039748793817917516,0.00037097575575351094,0.0004032771581620187,0.00034278148848765344,0.00038782868786446656,0.00041778168120143455
"2020-07-21020000",0.0002711864406779174,0.0009984743399766849,-0.0005976747411942096,-0.0004867723836741167,-0.0006218914629256833,-0.0003688337448205514,-0.0005572694054665206,-0.0006825649214113882
"2020-07-21030000",0.00310111259214918,0.0023697177102615097,0.001039010795432782,0.0013022196433749578,0.000981536314543341,0.0015821279695338308,0.001134906339093078,0.0008375376524247802
"2020-07-21040000",-0.0016295049020939034,-0.001893719255846249,0.00001838837356804568,-0.00019195046193909437,0.00006431811900098339,-0.00041563439898506527,-0.000058244905068005615,0.00017939217954798803
"2020-07-21050000",-0.0010851577548085523,0.00007457007064415322,-0.001150047794660436,-0.0011417651615432955,-0.0011518563966224082,-0.0011329570306992665,-0.0011470301620393197,-0.0011563877339881845
"2020-07-21060000",0.0004342515945174874,-0.0005699167263981675,0.0009301867434153843,0.0008668850580167975,0.0009440093467820709,0.0007995671508056468,0.0009071238806607207,0.0009786410017529334
"2020-07-21070000",0.0006518019608374725,0.0010005463509679124,-0.00021886226178058354,-0.00010772976223827335,-0.00024312923749614246,0.00001045362016682816,-0.000178373077829308,-0.0003039286041477407
"2020-07-21080000",0.0006522270837296951,-0.00004717265741138732,0.000693276201598314,0.0006880366489048217,0.0006944203142431604,0.0006824646689516101,0.0006913672621458034,0.000697286815821041
"2020-07-21090000",0.0008159490847770012,0.0012125991689742044,-0.00023924112383344465,-0.0001045555328453851,-0.00026865117021235285,0.00003867528415002486,-0.0001901707826500454,-0.0003423361738151831
"2020-07-21100000",0.0035483254633295047,0.00320429119381882,0.0007599871733450225,0.0011158936131476782,0.0006822711769688405,0.0014943807978041734,0.0008896554645286825,0.0004875586831768475
"2020-07-21110000",0.0006555048753174031,0.0003615500355487189,0.0003408880858662977,0.00038104610465394817,0.0003321191508498522,0.00042375197836841405,0.0003555189581719853,0.0003101491410116841
"2020-07-21120000",-0.0002730524533762768,0.00010583072155601059,-0.00036514516134877884,-0.000353390350985916,-0.00036771195053098005,-0.000340889748066564,-0.0003608625016312539,-0.0003741428778305522
"2020-07-21130000",-0.00032755561621400364,-0.0018420238934927502,0.0012753529344196046,0.0010707559966540714,0.0013200288747672317,0.0008531782562593015,0.0012008116158748194,0.0014319616062924423
"2020-07-21140000",0.001421425252166264,0.0031747188177153607,-0.001341179487517219,-0.000988557705212667,-0.0014181782436255563,-0.0006135635755557534,-0.0012127079038871669,-0.001611093737472702
"2020-07-21150000",-0.005437294402305448,-0.005686607660291831,-0.0004888721397164897,-0.001120493975719672,-0.00035095072321955634,-0.0017921895219116246,-0.000718992516842154,-5.397372485504981e-6
"2020-07-21160000",-0.000760642199342576,-0.0003532987349272876,-0.00045320559922923387,-0.0004924471310778777,-0.00044463678898620795,-0.000534178370667937,-0.00046750256553607095,-0.0004231681790596298
"2020-07-21170000",-0.005403798870606047,-0.005899746842070286,-0.00026990528044390505,-0.0009252008722890892,-0.00012681444491580152,-0.001622072173108724,-0.0005086507767655402,0.00023169055693195162
"2020-07-21180000",-0.0046257698410564485,-0.002706386441090891,-0.002270702687438897,-0.0025713059424854467,-0.0022050627358470853,-0.0028909811913070405,-0.0023802222297876208,-0.00204060600540823
"2020-07-21190000",0.00016139010678650756,-0.0004468761076765748,0.0005502566880501991,0.0005006213475347021,0.0005610950981272955,0.00044783685647131755,0.0005321729192077074,0.0005882500463134654
"2020-07-21200000",0.0008614887602638177,0.00020336454127156678,0.0006845232153263048,0.0007071112841028349,0.0006795908677347251,0.0007311324694536658,0.0006927527834145186,0.00066723318405848
"2020-07-21210000",-0.0007532348747747442,0.00008809614443405778,-0.0008298951524671194,-0.0008201101537796962,-0.0008320318120986769,-0.0008097043386807723,-0.0008263301592073002,-0.000837385077123165
"2020-07-21220000",-0.0012895945837027023,-0.0018726083534615912,0.0003399282212702692,0.00013193421201451727,0.00038534594868910865,-0.00008925612956034445,0.00026414923909845456,0.000499137180616338
"2020-07-21230000",0.00048383194903633964,0.0004876586519768633,0.00005947685472651454,0.00011364198647190182,0.000047649316048614665,0.00017124366468901364,0.00007921097383667419,0.00001801616896490721
"2020-07-22000000",0.001615378402390677,0.0016056567854230153,0.00021815386049983676,0.0003964970744834151,0.00017921070291226915,0.0005861554043541384,0.00028313009361957686,0.00008164109454866786
"2020-07-22010000",-0.0018810630693575359,-0.0011919417350194639,-0.0008438487282900198,-0.0009762398605882572,-0.0008149397016266047,-0.0011170306452811252,-0.000892083123549936,-0.0007425099711052541
"2020-07-22020000",-0.0014490031395067993,-0.0024106545729271067,0.0006487214563679622,0.00038096567677492477,0.0007071888086533917,0.00009622193555480774,0.0005511693176271093,0.0008536750470049537
"2020-07-22030000",0.0009669361553543698,0.0013230556833869755,-0.00018437207433641412,-0.000037417877775558495,-0.00021646110260387097,0.0001188599354627895,-0.0001308318811303888,-0.00029685812520752197
"2020-07-22040000",0.004370228492810657,0.004426071523571551,0.0005187106509891848,0.0010103224499745656,0.0004113619308884209,0.0015331249197614305,0.0006978208180755674,0.00014240652954455868
"2020-07-22050000",-0.0007009030866693688,-0.0007527372511255681,-0.00004587956581714181,-0.0001294874587800532,-0.000027622883779776508,-0.00021839991577343731,-0.00007634064040740185,0.000018118073727313444
"2020-07-22060000",-0.0023130093327237145,-0.0021576837455216102,-0.0004354171160985132,-0.0006750749666614153,-0.00038308524861041526,-0.0009299380851560679,-0.0005227322654632882,-0.00025197107780250416
"2020-07-22070000",-0.0003763946767038062,-0.00047261905925999326,0.000034873132555568453,-0.000017621524324717974,0.0000463359050925094,-0.00007344674317477651,0.00001574762176770328,0.00007505515377370653
"2020-07-22080000",-0.00005376777697130297,0.0006316439485032355,-0.0006034172628376355,-0.0005332594228235621,-0.0006187369812539201,-0.00045865036724346275,-0.0005778564799734376,-0.00065711956291159
"2020-07-22090000",-0.00385635092793446,-0.00443329386374125,1.451713370070884e-6,-0.0004909622840489902,0.0001089756021207533,-0.0010146178483371182,-0.0001779507206957076,0.0003783698773934807
"2020-07-22100000",0.002039447202468736,0.0018346912795779158,0.00044291941029550586,0.0006467019013222108,0.00039842131314682394,0.0008634135218081873,0.0005171639994050459,0.0002869341564633032
"2020-07-22110000",-0.0016609960618318986,-0.0018108039948089294,-0.00008525471718678901,-0.00028638400413050213,-0.00004133597566602365,-0.0005002740860562405,-0.00015853265775855885,0.00006869964228217729
"2020-07-22120000",0.0023092827797319693,0.0027274128324068503,-0.00006408130398960488,0.00023885739051054955,-0.00013023122388722275,0.0005610162524531948,0.000046289114907671625,-0.00029596564753220367
"2020-07-22130000",-0.0025711760452098442,-0.0025839681393587943,-0.0003226359259558276,-0.0006096419579969536,-0.00025996507414871584,-0.0009148572980368641,-0.0004272015577404531,-0.00010294723467640932
"2020-07-22140000",0.0031704237083209907,0.0020371083474797214,0.0013977548519192862,0.001624020174135432,0.001348347386937343,0.0018646410655092094,0.00148019066764149,0.0012245601209025514
"2020-07-22150000",-0.0005907467576058423,0.0004438483058886167,-0.000976978579682819,-0.0009276795426084172,-0.000987743554288989,-0.0008752526920043913,-0.0009590173371215593,-0.0010147145145661396
"2020-07-22160000",-0.0010193406475496047,-0.0015494367851461854,0.00032896188009445826,0.0001568631236005258,0.0003665414932744193,-0.00002615456459975629,0.00026626070592694617,0.00046069482771249337
"2020-07-22170000",-0.0005362074050242471,-0.00017983234425544836,-0.00037971931423141925,-0.00039969361916614154,-0.0003753577100671368,-0.0004209352085132734,-0.0003869966031444516,-0.0003644299878045043
"2020-07-22180000",-0.0006430351257937783,-0.0010853979882803344,0.00030146604077696537,0.0001809089158431032,0.00032779098474167156,0.00005270295578285733,0.0002575431592779509,0.00039374646015621906
"2020-07-22190000",-0.0002142991079799872,-0.00030182914955567686,0.00004834923570462557,0.000014824524138368211,0.000055669716795159196,-0.0000208271873175514,0.00003613509295508077,0.00007401071730173125
"2020-07-22200000",-0.0003748828491096923,0.0010905857647691697,-0.0013238983606473909,-0.001202765019961305,-0.0013503491275147494,-0.0010739462857182192,-0.0012797655450095258,-0.0014166198442217004
"2020-07-22210000",0.0005894488653108709,-0.0011726005229105718,0.0016098327003364332,0.001479589831578143,0.001638272630566484,0.0013410836085796518,0.0015623809873521743,0.0017095270697630172
"2020-07-22220000",-0.0010705778443914626,-0.0005935199299451632,-0.0005541034522614785,-0.0006200267883259558,-0.0005397083832946459,-0.0006901326787506212,-0.0005781214676178204,-0.000503642452115316
"2020-07-22230000",-0.0010160156145557764,-0.0012298502692390523,0.000054186308191428445,-0.00008241539381970142,0.00008401475800645652,-0.0002276838909062162,4.4178654445836685e-6,0.0001587480448488332
"2020-07-23000000",0.0007492039707810427,0.00047316005016795337,0.00033746539729584413,0.00039002014301836585,0.000325989503714319,0.0004459092630912931,0.0003566128004032221,0.0002972373810893325
"2020-07-23010000",-0.0007486430844094727,0.00025284805236758245,-0.0009686686261968225,-0.000940584334013117,-0.0009748011332422202,-0.0009107182133336611,-0.0009584366051673676,-0.0009901657402173747
"2020-07-23020000",0.0013386522449199134,0.0012799234858926756,0.00022487717015473585,0.0003670405952399536,0.00019383425832975032,0.000518223682996144,0.00027667192950175945,0.00011605821404203631
"2020-07-23030000",-0.0033620620647329957,-0.003385758679510964,-0.00041581280220059913,-0.0007918751650657363,-0.00033369554338991136,-0.001191797080092205,-0.0005528245516881469,-0.00012795596605785775
"2020-07-23040000",0.0004805253744093463,0.0006516977589796635,-0.0000865747126131966,-0.000014189459464741816,-0.00010238081062730053,0.00006278832910799892,-0.00006020241070181509,-0.00014198198548120988
"2020-07-23050000",0.0015507606748481617,0.0018657765132679138,-0.00007281713934492728,0.0001344180450182364,-0.00011806916919288035,0.0003548014174993286,2.685378239219993e-6,-0.0002314452563779712
"2020-07-23060000",0.00042797913601710924,0.00006702543290870722,0.0003696543553783904,0.0003770989918860934,0.0003680287389827841,0.0003850159588117963,0.00037236667858042694,0.00036395586033355354
"2020-07-23070000",0.0025207154541311283,0.002624102943742601,0.00023725047784772801,0.0005287143554705276,0.00017360620754547362,0.0008386703723712863,0.0003434402477605625,0.000014149529847573561
"2020-07-23080000",-0.00021448296200965444,0.0005932407429498632,-0.000730714408744837,-0.000664822082486749,-0.0007451027063871685,-0.0005947491693083506,-0.0007067076912694592,-0.0007811516724429701
"2020-07-23090000",0.001665010607728945,0.0008205813971160492,0.0009509498712886311,0.0010420933367074614,0.000931047716013933,0.0011390194660726438,0.0009841564000043768,0.0008811841298017598
"2020-07-23100000",0.002476780185758587,0.0012073632859406214,0.0014261461838913636,0.0015602502158459375,0.0013968631271779053,0.0017028625763688687,0.0014750046442048026,0.001323496288117898
"2020-07-23110000",-0.0021490933512424704,-0.0005984329961399304,-0.0016283436639650262,-0.0016948127032107019,-0.00161382943484345,-0.0017654989193547355,-0.0016525604967382312,-0.0015774649554631814
"2020-07-23120000",-0.000778439899071226,-0.002503659069020281,0.0014002161671073932,0.0011221302092976337,0.0014609392248340347,0.0008264008841347703,0.001298900408473247,0.0016130769899267428
"2020-07-23130000",0.006076318561127669,0.005535051330765262,0.001259778918171972,0.0018745671175270928,0.0011255333071632512,0.002528361004659363,0.0014837662539854968,0.0007891894536586896
"2020-07-23140000",-0.0027470307829037255,-0.0018202735412258253,-0.0011630491450811409,-0.0013652302317358478,-0.0011189007317888855,-0.0015802388455761207,-0.0012367102904954352,-0.0010082896858016888
"2020-07-23150000",0.0002693892944694021,0.00021643538533644424,0.00008104964749677812,0.00010508951865184635,0.0000758002832521587,0.00013065461704675485,0.00008980815440851053,0.00006264833448266227
"2020-07-23160000",0.0018352090249103004,0.0016209944931941944,0.0004246377815894098,0.0006046845826183089,0.00038532262746049373,0.0007961545848629292,0.0004902346868757013,0.00028682100538512945
"2020-07-23170000",-0.0011322280630813308,-0.0006956283189309964,-0.0005269000950693936,-0.0006041647952609308,-0.0005100285173497143,-0.0006863316109696482,-0.000555050138232982,-0.00046775785075336973
"2020-07-23180000",0.00048547617121119657,0.0004824914420396009,0.00006561752508560392,0.00011920872544302075,0.00005391531049492304,0.00017620005877472256,0.00008514254232527829,0.000024596154953093752
"2020-07-23190000",-0.00016179920718384366,-0.0005660350658721613,0.00033075816422167836,0.000267887621904328,0.00034448662286268306,0.00020102821196310572,0.0003078523809135758,0.000378882404201919
"2020-07-23200000",-0.0034398430571604965,-0.00306025777788399,-0.0007768410317025021,-0.0011167494185263527,-0.0007026183821395859,-0.0014782235420107703,-0.0009006807118805416,-0.0005166582469535719
"2020-07-23210000",-0.0002686655382714287,-0.0005845796774507361,0.00024002914632126338,0.00017509882033095447,0.0002542073808655676,0.00010604894223231742,0.00021637291683063165,0.00028973004716881245
"2020-07-23220000",-0.0016093988895147238,-0.0013657665892985449,-0.00042092410811256364,-0.0005726222825283012,-0.00038779918129272506,-0.000733945058772445,-0.00047619268673981807,-0.000304806780647926
"2020-07-23230000",0.0013429668824367358,0.0014838549423326075,0.00005173293950733182,0.00021654740166598963,0.00001574393028624943,0.00039181863813964046,0.00011178020834101687,-0.00007442424693937522
"2020-07-24000000",-0.001448303607348822,-0.0019399923136464992,0.00023985596468101278,0.000024377496642191687,0.00028690800411734774,-0.000204772160687261,0.00016135015075702253,0.00040479390102210466
"2020-07-24010000",-0.0002145174697664176,-0.00004221903233991853,-0.00017777894092529944,-0.0001824682854895121,-0.00017675497213909264,-0.00018745514895568416,-0.00017948742166185028,-0.00017418948336944684
"2020-07-24020000",-0.0008037939072421674,-0.001054362953903265,0.00011370092018825328,-3.4090871379177656e-6,0.00013927314897410614,-0.00012794922468817305,0.00007103393574448003,0.00020334274430688914
"2020-07-24030000",-0.000589101620029453,-0.00009839752600504514,-0.0005034771955299,-0.000514406387369104,-0.0005010906890260403,-0.0005260289897925929,-0.000507459055567594,-0.0004951114485286512
"2020-07-24040000",0.002146786528914424,0.002198764400606512,0.00023344638657885053,0.00047766714007779765,0.00018011816019314342,0.0007373826582286469,0.00032242394988279965,0.00004650767543790124
"2020-07-24050000",-0.005975086025234111,-0.006200002584680564,-0.0005799132524798578,-0.0012685587947255383,-0.000429540096840042,-0.002000895957985138,-0.0008308092203745954,-0.000052789704394928805
"2020-07-24060000",-0.0035086786635124545,-0.0030716903100571624,-0.0008357281766688818,-0.0011769063955952008,-0.0007612282456183062,-0.0015397309166103046,-0.0009600304979806573,-0.0005745733992730262
"2020-07-24070000",0.0013841198860762294,0.00130402624823156,0.0002493708576162268,0.00039421142026940803,0.00021774336402968775,0.00054824149854793,0.0003021409852479451,0.00013850268726056658
"2020-07-24080000",0.0009591559427704066,0.0013574684988721941,-0.00022209793333005656,-0.00007132144288191089,-0.0002550216005493544,0.00008902117247999719,-0.00016716515414816335,-0.00033750975804558436
"2020-07-24090000",-0.0015429225080471065,-0.0014801485953099824,-0.00025491378676389953,-0.0004193165782304664,-0.00021901467026308463,-0.000594150025263307,-0.00031481107057573787,-0.00012907171353948588
"2020-07-24100000",-0.0023355184585578392,-0.001621552590996278,-0.0009244615647835408,-0.0011045703547485353,-0.0008851328747041531,-0.0012961062788625632,-0.0009900810546552563,-0.0007865973391645298
"2020-07-24110000",0.00047794800987754904,0.00019535421906069494,0.00030795295756524954,0.00032965130531237286,0.00030321489012319347,0.00035272632063110265,0.0003158583713460672,0.00029134396302399335
"2020-07-24120000",0.001489163675043148,0.0011293910314962297,0.0005063802552464081,0.0006318237673529348,0.0004789883161241404,0.0007652261350004075,0.0005520834065125824,0.0004103595520987824
"2020-07-24130000",0.0019183118855408132,0.0021591992117038217,0.00003940092722598543,0.00027922710336891754,-0.000012967695961596526,0.0005342692269832972,0.00012677740307398544,-0.0001441739558407651
"2020-07-24140000",0.000799936005119628,0.0005333534463254352,0.00033581781281766254,0.0003950583483233183,0.00032288200517882615,0.000458057443011084,0.0003574010665853278,0.000290472160590749
"2020-07-24150000",0.0003734428765771458,0.00016811540475925035,0.00022715073523538187,0.00024582361842995226,0.00022307331049553625,0.0002656812163809308,0.0002339538738822533,0.00021285758173517078
"2020-07-24160000",0.001924259026645725,0.0012106015027857353,0.0008708071647669513,0.0010052708713449432,0.0008414455692337119,0.001148265726311437,0.000919796666243422,0.0007678819561481864
"2020-07-24170000",0.0005883139457145692,0.0008898603437628161,-0.00018603255376681282,-0.00008719414997848673,-0.0002076149815388728,0.000017915128759371513,-0.00015002250874018852,-0.0002616883837923689
"2020-07-24180000",-0.00250740217130363,-0.00235838638535546,-0.00045516076654306126,-0.0007171110236575684,-0.00039796111248802113,-0.000995680906771712,-0.0005505977646316218,-0.00025465101155108805
"2020-07-24190000",0.0013890001869807378,0.001565727086539015,0.00002652202161168571,0.0002004301714538803,-0.000011452692053048885,0.00038537205128919005,0.00008988241662288843,-0.00010659592566608644
"2020-07-24200000",-0.00037382179381062475,-0.00044976880589076007,0.00001756198102387252,-0.00003239465673354758,0.000028470549806924872,-0.0000855208299778143,-6.388468534179736e-7,0.00005580127617599295
"2020-07-24210000",-0.0008537203532268389,-0.0009019590939458588,-0.00006884565691323008,-0.0001690278908478282,-0.000046969789385342686,-0.00027556626002023243,-0.00010534530296757438,7.838807542182025e-6
"2020-07-24220000",-0.0006132352156987819,-0.00026394462549494957,-0.0003835535603227136,-0.00041287036902792895,-0.00037715192004794673,-0.00044404720414248366,-0.0003942346272061137,-0.0003611130168570398
"2020-07-24230000",0.002217887395451923,0.0008906630263780801,0.0014428424105534798,0.0015417699697570786,0.0014212405147383533,0.0016469740604407868,0.0014788849377974644,0.0013671183365390194
"2020-07-25000000",-0.0028244824002771063,-0.003039046425277303,-0.0001799382561658014,-0.0005174906595496465,-0.00010623006090881848,-0.0008764593224983575,-0.00030291957495276467,0.00007844114168242822
"2020-07-25010000",0.0005332053640458856,0.0007283101805284353,-0.00010056199369934404,-0.000019667259811284588,-0.00011822622829193996,0.00006635989974168588,-0.00007108941120037571,-0.0001624828463479
"2020-07-25020000",0.001869708058441777,0.002946641088110047,-0.0006944259967489597,-0.0003671372219121727,-0.0007658930184002433,-0.000019083370944028566,-0.0005751840516461382,-0.0009449491028418189
"2020-07-25030000",0.005586742230936581,0.003952689052600267,0.002147156510691084,0.002586188859271421,0.0020512890787045546,0.003053075936896299,0.0023071102739506966,0.0018110993156453814
"2020-07-25040000",-0.00005371578975643665,0.0011560530656553603,-0.0010597002129071331,-0.0009312953002656998,-0.0010877388056650394,-0.0007947436438564548,-0.001012918127112239,-0.001157987719310527
"2020-07-25050000",0.001344700535190757,0.00017897082016382626,0.0011889621330082312,0.0012088407468983098,0.0011846214240121,0.001229980574012024,0.0011962045585616199,0.0011737460532663668
"2020-07-25060000",-0.0002688677977038534,0.00023000327646172103,-0.00046901407149357865,-0.0004434671900408471,-0.0004745925076340418,-0.00041629946797561157,-0.00045970651171778343,-0.000488568925141486
"2020-07-25070000",-0.0006985679357317531,0.00003580367866518053,-0.0007297238956948116,-0.0007257471161092877,-0.0007305922682592225,-0.0007215180268290711,-0.0007282750255547255,-0.0007327679205761939
"2020-07-25080000",-0.0005370713499288637,-0.000020613814293413135,-0.0005191334397265379,-0.0005214230535013353,-0.0005186334779502255,-0.0005238579334997384,-0.0005199676204898918,-0.0005173808554683745
"2020-07-25090000",0.,-0.00039150913214014427,0.0003406868595872137,0.0002972012295548998,0.00035018241428375063,0.00025095662186225276,0.00032484363028095764,0.00037397292358842815
"2020-07-25100000",0.0008600532157927443,0.0006348427760318742,0.0003076201460566752,0.00037813328565139415,0.00029222284415830746,0.000453120183054212,0.0003333103761135048,0.0002536458820128207
"2020-07-25110000",-0.005984344527263485,-0.0058227288174910186,-0.0009174711590360651,-0.001564212219076655,-0.0007762482974706941,-0.0022519862395533607,-0.0011530999612018311,-0.0004224233857663684
"2020-07-25120000",0.001980887116203034,0.0021635145596636818,0.00009822099045075916,0.00033852648012544506,0.000045747704001897205,0.0005940783276697781,0.00018577209580705745,-0.00008572078303192843
"2020-07-25130000",-0.001816967267869063,-0.0014359532462259184,-0.0005674168441114347,-0.0007269107779253048,-0.0005325896294390287,-0.0008965239212347376,-0.0006255256714292612,-0.00044533225467835447
"2020-07-25140000",0.0008022462896108973,0.000029151780363889657,0.0007768787370093788,0.0007801166781750135,0.0007761716977547906,0.0007835600528904862,0.0007780584242836897,0.0007744002558008889
"2020-07-25150000",0.0003210015247572251,0.0007087823098308466,-0.00029577289873383705,-0.00021704716089399057,-0.0003129635097270933,-0.00013332661093279352,-0.00026709055203755216,-0.00035603349393109607
"2020-07-25160000",0.00005350311655649698,-0.000029171591623744497,0.00007888790869436946,0.00007564776705615284,0.00007959542844582224,0.0000722020522574418,0.00007770741971624417,0.00008136807425396242
"2020-07-25170000",-0.0004278418054923794,-0.000277593255672004,-0.0001862832650810775,-0.00021711605191709893,-0.00017955059468788281,-0.0002499050475057718,-0.00019751665210177016,-0.00016268231655636178
"2020-07-25180000",-0.0010684616822929094,-0.0014043534958371184,0.00015359099277911792,-2.3930993944265566e-6,0.00018765179580604308,-0.00016827371658911794,0.00009676091492161198,0.00027298897485750206
"2020-07-25190000",-0.00010683475334527515,0.00011110943308301202,-0.00020352093693598583,-0.00019117981050120747,-0.00020621575453427798,-0.00017805569225703977,-0.00019902466320476098,-0.0002129674488999811
"2020-07-25200000",-0.00032040156996770985,-0.0006101899566614,0.00021057889260855944,0.00014280398641475234,0.00022537827181356995,0.00007072905163729715,0.00018588629003535306,0.0002624571766202122
"2020-07-25210000",-0.00021355543098156016,0.00037962615451636594,-0.0005439018565996934,-0.000501736090463778,-0.0005531092048286501,-0.0004568950863995669,-0.0005285394966368928,-0.0005761776311306033
"2020-07-25220000",-0.00010676631522754665,-0.000010784717623613105,-0.00009738157480365661,-0.000098579452968095,-0.00009712000523176556,-0.0000998533313903982,-0.00009781800077757197,-0.00009646465927959369
"2020-07-25230000",0.003159557661927437,0.0021876020034283794,0.001255930912531844,0.0014989118383126332,0.001202873415854011,0.0017573088669671222,0.0013444567662750373,0.0010699412271897302
"2020-07-26000000",0.0012868977720581487,0.0017106342988673084,-0.00020167702566731283,-0.000011673768694819842,-0.0002431662789624811,0.0001903843841360997,-0.0001324526596664377,-0.0003471149684389774
