0.06871862562748746,0.023019539609207818
0.023479530409391814,0.02243955120897582
0.42105157896842066,0.3924521509569809
0.4896302073958521,0.41877162456750866
0.9919401611967761,0.9915401691966161
0.9109417811643767,0.9519409611807764
0.9720005599888003,0.9601207975840483
0.5675886482270355,0.4672306553868923
0.6962860742785144,0.7355852882942342
0.9877602447951042,0.9902201955960881
0.8079838403231936,0.8018239635207296
0.08305833883322333,0.11431771364572708
0.5763284734305314,0.4484310313793724
0.15129697406051879,0.20327593448131037
0.1531969360612788,0.23299534009319814
0.28641427171456574,0.17993640127197458
0.8643427131457371,0.8140437191256176
0.8834223315533689,0.9027019459610808
0.2806743865122698,0.3233735325293494
0.5815683686326274,0.5335493290134198
0.9352412951740966,0.9470210595788084
0.36645267094658107,0.7884842303153937
0.5961080778384432,0.5575488490230196
0.3531329373412532,0.3578528429431411
0.7309053818923622,0.755144897102058
0.7726845463090738,0.7761044779104418
0.16695666086678268,0.15621687566248676
0.8012239755204896,0.7955440891182176
0.25423491530169395,0.3152136957260855
0.6639267214655707,0.7210055798884023
0.7189656206875863,0.8587828243435132
0.6149077018459631,0.6566868662626748
0.5311293774124518,0.5548289034219316
0.4465910681786364,0.4127517449651007
0.12043759124817505,0.10449791004179916
0.15397692046159078,0.13177736445271096
0.14203715925681487,0.05685886282274355
0.8605427891442171,0.8538229235415292
0.8192236155276895,0.20375592488150238
0.9307813843723126,0.866422671546569
0.5761884762304754,0.6516469670606588
0.616907661846763,0.7070258594828104
0.7325853482930341,0.7267654646907062
0.37027259454810907,0.3660926781464371
0.0750384992300154,0.0758184836303274
0.40673186536269273,0.2866142677146457
0.30345393092138156,0.3603727925441491
0.8560628787424251,0.7884242315153697
0.30727385452290956,0.29693406131877365
0.1512369752604948,0.13151736965260696
0.7580648387032259,0.8956820863582728
0.0871582568348633,0.11541769164616708
0.618387632247355,0.5910681786364272
0.6568868622627547,0.5806083878322433
0.4680906381872363,0.2819343613127738
0.6673866522669547,0.6429871402571948
0.6662866742665147,0.7204855902881943
0.998840023199536,0.998740025199496
0.1621967560648787,0.18691626167476652
0.9656806863862724,0.9530009399812004
0.7192056158876823,0.7002259954800905
0.9288614227715446,0.9309413811723766
0.9304413911721766,0.9456610867782644
0.29569408611827763,0.14539709205815884
0.6826863462730746,0.47253054938901223
0.8338433231335374,0.633847323053539
0.20669586608267834,0.06475870482590348
0.17203655926881464,0.14347713045739086
0.09891802163956721,0.12325753484930302
0.8081238375232496,0.8061038779224415
0.5696286074278515,0.7584048319033619
0.9672606547869043,0.9662406751864963
0.7405651886962261,0.6865662686746266
0.33089338213235736,0.3095938081238375
0.35809283814323717,0.380272394552109
0.32997340053198937,0.3872322553548929
0.3595128097438051,0.4105717885642287
0.5724085518289634,0.5945881082378353
0.9282214355712886,0.9176016479670407
0.2588348233035339,0.4167916641667167
0.4389712205755885,0.5545689086218276
0.17345653086938262,0.5248495030099398
0.376312473750525,0.49161016779664407
0.500089998200036,0.7610847783044339
0.6484670306593868,0.6660066798664027
0.5303293934121318,0.5391292174156517
0.21961560768784624,0.23309533809323815
0.04265914681706366,0.0499790004199916
0.07017859642807144,0.06535869282614348
0.5328093438131237,0.6701065978680426
0.5173096538069238,0.3830123397532049
0.09849803003939922,0.08017839643207136
0.7237255254894902,0.7235055298894022
0.8943021139577209,0.8673026539469211
0.5604887902241955,0.6027079458410832
0.44423111537769244,0.6839263214735706
0.5887682246355073,0.3864522709545809
0.5138297234055319,0.24727505449891002
0.04041919161616768,0.049319013619727604
0.8232435351292975,0.874782504349913
0.3648727025459491,0.39615207695846083
0.04545909081818364,0.04919901601967961
0.5830283394332113,0.5214095718085638
0.4800303993920122,0.32145357092858146
0.4613907721845563,0.49893002139957204
0.8600627987440251,0.9478410431791364
0.4300713985720286,0.4139517209655807
0.10945781084378313,0.1014579708405832
0.634627307453851,0.7223455530889382
0.23109537809243816,0.2880342393152137
0.3881122377552449,0.6580668386632268
0.41757164856702866,0.4753904921901562
0.5103897922041559,0.6032879342413152
0.11947761044779105,0.11833763324733505
0.4465310693786124,0.14303713925721487
0.7324453510929781,0.6757864842703146
0.1999160016799664,0.16769664606707865
0.5573888522229555,0.5798084038319233
0.5343493130137398,0.7038059238815224
0.8941621167576649,0.8812423751524969
0.12933741325173498,0.09231815363692726
0.9820003599928002,0.9835803283934321
0.35737285254294915,0.4136117277654447
0.4945701085978281,0.6711865762684747
0.12217755644887103,0.4548109037819244
0.16995660086798264,0.15413691726165477
0.3507329853402932,0.3899522009559809
0.5430491390172196,0.5169496610067799
0.9518809623807524,0.9541009179816404
0.3357332853342933,0.30833383332333353
0.5991280174396513,0.5115697686046279
0.9861402771944562,0.9803603927921442
0.6755664886702266,0.4624307513849723
0.6873062538749225,0.6198476030479391
0.9447811043779125,0.9339813203735926
0.48767024659506814,0.5580488390232196
0.49595008099838006,0.5326493470130598
0.6426271474570509,0.5436491270174597
0.9634007319853604,0.9669606607867843
0.5304093918121637,0.3968520629587408
0.5603887922241555,0.5403891922161557
0.7251854962900742,0.751884962300754
0.03869922601547969,0.0880582388352233
0.8551028979420412,0.8327633447331053
0.05443891122177557,0.04233915321693566
0.6127477450450991,0.6484270314593709
0.11041779164416712,0.05423891522169557
0.7808843823123538,0.757904841903162
0.4615707685846283,0.4153116937661247
0.3641727165456691,0.2999740005199896
0.3617527649447011,0.4274114517709646
0.3246535069298614,0.31877362452750946
0.01849963000739985,0.015839683206335872
0.47063058738825225,0.6624467510649787
0.8021239575208496,0.7442451150976981
0.8168236635267295,0.7865642687146257
0.8726625467490651,0.873962520749585
0.49609007819843604,0.5255294894102118
0.05277894442111158,0.10305793884122318
0.5870882582348353,0.748505029899402
0.625147497050059,0.7187856242875142
0.5654286914261715,0.6844663106737865
0.7980240395192096,0.8094838103237936
0.026859462810743785,0.02747945041099178
0.7318253634927302,0.6596468070638587
0.38323233535329293,0.4402111957760845
0.5961480770384593,0.7049659006819864
0.27149457010859784,0.4331513369732605
0.13471730565388693,0.07965840683186337
0.8128037439251216,0.7921241575168497
0.21997560048799025,0.1385572288554229
0.05231895362092758,0.046819063618727626
0.8015039699206016,0.8073238535229296
0.7624047519049619,0.6606067878642428
0.2238355232895342,0.3895722085558289
0.5931081378372433,0.754144917101658
0.6938661226775464,0.6763464730705386
0.3981120377592448,0.3521529569408612
0.9520009599808004,0.8981020379592408
0.24011519769604608,0.2389352212955741
0.5442091158176837,0.4038919221615568
0.5073098538029239,0.5140697186056279
0.7627847443051139,0.8234835303293935
0.9559608807823844,0.9523409531809364
0.31443371132577347,0.25383492330153395
0.6919261614767704,0.7369252614947701
0.33129337413251736,0.31769364612707746
0.2640947181056379,0.3320733585328294
0.38287234255314895,0.34999300013999723
0.03305933881322374,0.03927921441571169
0.07943841123177536,0.09769804603907922
0.06555868882622348,0.06637867242655147
0.35701285974280517,0.31791364172716546
0.8665226695466091,0.9154216915661687
0.18335633287334255,0.13305733885322293
0.3639127217455651,0.3181136377272455
0.0756184876302474,0.10665786684266315
0.2027759444811104,0.4263314733705326
0.3521929561408772,0.3499530009399812
0.05375892482150357,0.05815883682326354
0.5645087098258035,0.6411071778564429
0.7386252274954501,0.1869362612747745
0.19023619527609448,0.08521829563408732
0.29511409771804564,0.370832583348333
0.0877782444351113,0.10433791324173516
0.7755844883102339,0.7012659746805064
0.26835463290734185,0.44239115217695646
0.5928481430371393,0.5402891942161157
0.7651446971060579,0.623887522249555
0.19831603367932643,0.13133737325253494
0.5894682106357874,0.638527229455411
0.8693626127477451,0.7431851362972741
0.07073858522829543,0.0632187356252875
0.8154636907261855,0.744285114297714
0.8170836583268335,0.8303233935321294
0.9908401831963362,0.9958000839983201
0.7382452350952982,0.7330853382932342
0.5875082498350033,0.6034679306413872
0.7364452710945781,0.7048059038819224
0.6768664626707466,0.4540709185816284
0.017659646807063858,0.01881962360752785
0.06859862802743945,0.06665866682666347
0.2286154276914462,0.2906341873162537
0.5578688426231475,0.49995000099998
0.9587608247835043,0.9539209215815684
0.3129737405251895,0.39905201895962084
0.15909681806363873,0.19277614447711047
0.6030679386412272,0.5927281454370913
0.05379892402151957,0.04607907841843163
0.4775104497910042,0.5494890102197956
0.0752384952300954,0.08567828643427132
0.43781124377512454,0.7014859702805945
0.3372732545349093,0.508969820603588
0.7818043639127218,0.38577228455430895
0.501169976600468,0.6354072918541629
0.14369712605747886,0.15509689806203877
0.8646827063458731,0.8313033739325214
0.4013119737605248,0.23441531169376614
0.626707465850683,0.6048279034419312
0.1886962260754785,0.20425591488170236
0.48117037659246814,0.48213035739285215
0.18513629727405453,0.22813543729125418
0.3284734305313894,0.4301913961720766
0.4489910201795964,0.4021919561608768
0.25881482370352593,0.37155256894862104
0.2722745545089098,0.27137457250854985
0.378652426951461,0.3629527409451811
0.003399932001359973,0.003099938001239975
0.380032399352013,0.49729005419891603
0.17059658806823863,0.24221515569688606
0.7470850582988341,0.7396852062958741
0.25621487570248597,0.2760744785104298
0.14227715445691086,0.11809763804723906
0.062118757624847504,0.05937881242375153
0.32045359092818143,0.28183436331273376
0.27081458370832584,0.16993660126797464
0.8217835643287135,0.8188836223275535
0.6084278314433712,0.5774084518309635
0.2993740125197496,0.24055518889622207
0.05637887242255155,0.09641807163856723
0.9495610087798244,0.9350012999740005
0.8899622007559849,0.8963020739585209
0.8014439711205776,0.8035839283214335
0.8460630787384252,0.7153256934861303
0.6689466210675786,0.5904681906361873
0.43211135777284454,0.43525129497410053
0.9521809563808724,0.9533009339813204
0.0636387272254555,0.05443891122177557
0.7625447491050179,0.6138277234455312
0.7289654206915862,0.6993860122797544
0.46195076098478033,0.4878902421951561
0.7265454690906182,0.8092238155236896
0.10273794524109518,0.1384772304553909
0.3027539449211016,0.4121517569648607
0.6043079138417232,0.8962420751584969
0.5517889642207155,0.5620887582248355
0.4773104537909242,0.5479890402191956
0.21765564688706227,0.25889482210355796
0.7240855182896342,0.7851842963140737
0.6146677066458671,0.49237015259694805
0.36457270854582907,0.3302933941321174
0.4116717665646687,0.1870762584748305
0.29859402811943764,0.053258934821303575
0.5962680746385073,0.5765284694306114
0.8579228415431691,0.8558028839423212
0.8529029419411612,0.8442831143377133
0.27829443411131777,0.18651626967460652
0.8589028219435612,0.6964860702785944
0.9075218495630087,0.8395632087358254
0.44289114217715647,0.39497210055798887
0.9644207115857684,0.9304613907721846
0.18671626567468652,0.2007959840803184
0.15221695566088678,0.16767664646707067
0.33531329373412533,0.3600927981440371
0.8961020779584409,0.9034819303613928
0.1126777464450711,0.13425731485370293
0.4643707125857483,0.4310913781724366
0.21763564728705426,0.3544729105417892
0.49167016659666807,0.4814703705925882
0.49965000699986,0.4023519529609408
0.49403011939761204,0.5157296854062919
0.4658106837863243,0.49705005899882004
0.5089298214035719,0.4747705045899082
0.4051518969620608,0.39007219855602887
0.5441091178176437,0.41905161896762066
0.5342093158136837,0.5174296514069718
0.12843743125137497,0.13585728285434293
0.22289554208915824,0.5176496470070598
0.06663866722665547,0.06663866722665547
0.5584088318233635,0.5904281914361713
0.6731665366692666,0.624647507049859
0.08291834163316734,0.09205815883682326
0.5852082958340833,0.5828083438331234
0.035539289214215716,0.04007919841603168
0.9744805103897922,0.9683406331873363
0.9511209775804484,0.9536809263814724
0.7702845943081139,0.7711645767084658
0.26165476690466194,0.11045779084418313
0.4479110417791644,0.46967060658786824
0.6627467450650987,0.6831863362732745
0.5642887142257155,0.4673906521869563
0.2814743705125898,0.17135657286854264
0.22197556048879022,0.3128937421251575
0.8905221895562089,0.8529429411411772
0.4517109657806844,0.5767484650306994
0.7797644047119058,0.7302653946921062
0.19317613647727047,0.09765804683906322
0.507809843803124,0.5276694466110678
0.5840083198336034,0.5458690826183477
0.9297214055718886,0.9195216095678087
0.4239515209695806,0.6023479530409392
0.9322813543729126,0.887682246355073
0.15799684006319875,0.3526929461410772
0.5958880822383552,0.4176716465670687
0.6090478190436192,0.5946681066378673
0.21045579088418231,0.250694986100278
0.504969900601988,0.5538889222215556
0.9491410171796565,0.9460010799784004
0.6394872102557949,0.7658246835063299
0.9967400651986961,0.99690006199876
0.2977140457190856,0.20417591648167038
0.0379192416151677,0.04081918361632768
0.3396732065358693,0.6348073038539229
0.3985120297594048,0.4880902381952361
0.06035879282414352,0.1890562188756225
0.33513329733405334,0.37105257894842103
0.8281834363312734,0.9787404251914962
0.6058078838423232,0.5233295334093319
0.4380112397752045,0.3362332753344933
0.381992360152797,0.25177496450071
0.4043519129617408,0.34529309413811726
0.08759824803503931,0.008679826403471931
0.39315213695726087,0.26773464530709384
0.24065518689626209,0.2791744165116698
0.5954080918381632,0.7429651406971861
0.874162516749665,0.877302453950921
0.34027319453610927,0.3041139177216456
0.3409931801363973,0.4349913001739965
0.6405671886562269,0.7691446171076579
0.06721865562688746,0.10257794844103119
0.42339153216935665,0.7220455590888183
0.497870042599148,0.2628147437051259
0.378732425351493,0.3661526769464611
0.06429871402571949,0.08551828963420732
0.4779904401911962,0.5318693626127478
0.7939641207175857,0.7665846683066339
0.042379152416951664,0.03675926481470371
0.22157556848863025,0.22969540609187816
0.6009679806403873,0.45761084778304434
0.30609387812243755,0.4647107057858843
0.40105197896042083,0.5152296954060919
0.8453230935381293,0.8321833563328733
0.6592468150636988,0.6812263754724905
0.03611927761444771,0.05133897322053559
0.4073718525629488,0.6125877482450351
0.49459010819783605,0.3993720125597488
0.124197516049679,0.10851782964340713
0.7813843723125538,0.872602547949041
0.5403491930161397,0.34851302973940523
0.28019439611207775,0.5143697126057479
0.9526609467810644,0.9178816423671526
0.6557468850622987,0.7971240575188496
0.17359652806943862,0.17233655326893463
0.10387792244155117,0.09789804203915922
0.8246635067298654,0.5704885902281954
0.05257894842103158,0.25703485930281395
0.4580308393832124,0.5156096878062439
0.6423271534569309,0.6671866562668747
0.4541509169816604,0.4500909981800364
0.4429311413771725,0.29231415371692565
0.3857122857542849,0.36033279334413315
0.06581868362632748,0.03171936561268775
0.5859682806343873,0.5680886382272354
0.2654546909061819,0.28623427531449375
0.509069818603628,0.7868242635147298
0.46343073138537233,0.7053458930821384
0.7278254434911302,0.7652646947061059
0.43033139337213255,0.4445311093778125
0.376692466150677,0.3294534109317814
0.2619147617047659,0.26103477930441393
0.14147717045659086,0.2938741225175497
0.8033839323213536,0.5557088858222836
0.02379952400951981,0.025999480010399794
0.9584808303833924,0.9564608707825843
0.4591108177836443,0.4427111457770845
0.3280534389312214,0.24205515889682208
0.8640827183456331,0.8319233615327694
0.23957520849583008,0.2117157656846863
0.4784904301913962,0.5699686006279875
0.9903201935961281,0.9908401831963362
0.618947621047579,0.6904861902761945
0.7719845603087938,0.7850642987140257
0.7936241275174497,0.7878442431151377
0.6875262494750105,0.6419671606567869
0.7135057298854023,0.751404971900562
0.9461810763784725,0.9521809563808724
0.7410051798964021,0.7830643387132258
0.7858642827143457,0.5509489810203796
0.6941061178776424,0.6045879082418352
0.5142697146057079,0.5719085618287635
0.7707245855082898,0.7190056198876023
0.5966280674386513,0.48247035059298815
0.6042879142417152,0.6167476650466991
0.5415491690166196,0.4306513869722606
0.8558828823423532,0.8701425971480571
0.3276734465310694,0.5136097278054439
0.75552488950221,0.7759444811103778
0.504709905801884,0.5583288334233315
0.08995820083598328,0.12133757324853503
0.7015859682806345,0.7375652486950262
0.16831663366732666,0.1993360132797344
0.16175676486470272,0.16413671726565468
0.037139257214855705,0.04109917801643967
0.5629487410251796,0.5645287094258115
0.3361932761344773,0.3387732245355093
0.7256254874902502,0.757084858302834
0.4919501609967801,0.4381112377752445
0.5924081518369633,0.5233495330093398
0.31959360812783744,0.34177316453670925
0.8328433431331373,0.8710825783484331
0.042199156016879666,0.04037919241615168
0.8599228015439692,0.8558828823423532
0.37715245695086097,0.6351472970540589
0.00017999640007199856,0.0002799944001119978
0.4661506769864603,0.48767024659506814
0.9383012339753205,0.9610607787844243
0.10567788644227116,0.16921661566768664
0.07255854882902342,0.0885382292354153
0.7132257354852903,0.6786864262714746
0.23367532649347014,0.18129637407251856
0.506209875802484,0.33129337413251736
0.1004379912401752,0.10161796764064719
0.8167836643267135,0.7909841803163937
0.9782404351912962,0.9766804663906722
0.3032139357212856,0.36617267654646907
0.22333553328933423,0.13207735845283095
0.10951780964380713,0.1383972320553589
0.4801103977920442,0.48481030379392415
0.2950740985180296,0.29609407811843763
0.75572488550229,0.7601647967040659
0.33303333933321333,0.3290534189316214
0.42055158896822065,0.26571468570628587
0.26075478490430193,0.1627567448651027
0.9848803023939522,0.9874402511949761
0.3034339313213736,0.25723485530289397
0.3025739485210296,0.3691726165476691
0.4923901521969561,0.3909521809563809
0.5608087838243235,0.40569188616227675
0.08191836163276735,0.04517909641807164
0.7648447031059379,0.7306053878922422
0.9321813563728726,0.9332613347733045
0.4649907001859963,0.4261114777704446
0.6130877382452351,0.7039659206815864
0.3982120357592848,0.44669106617867643
0.14525709485810284,0.2149757004859903
0.22187556248875023,0.23245535089298214
0.35605287894242116,0.34279314413711726
0.26497470050598987,0.3338333233335333
0.750964980700386,0.7655646887062258
0.2122557548849023,0.2704345913081738
0.040999180016399676,0.019439611207775844
0.41933161336773267,0.49829003419931606
0.07695846083078339,0.06707865842683147
0.6914261714765705,0.6772264554708906
0.6030079398412032,0.6465670686586269
0.7028859422811544,0.6412671746565068
0.8661426771464571,0.8650226995460091
0.9734005319893603,0.9544209115817684
0.9765804683906322,0.9789604207915842
0.5596288074238516,0.39369212615747684
0.7484650306993861,0.7284854302913942
0.5396492070158597,0.6762064758704827
0.9469810603787925,0.9375812483750325
0.07033859322813545,0.10457790844183117
0.7260854782904342,0.7633047339053219
0.062438751224975504,0.06493870122597548
0.496730065398692,0.6823463530729386
0.2755344893102138,0.31953360932781344
0.887942241155177,0.8959420811583768
0.4249315013699726,0.3998720025599488
0.512509749805004,0.013039739205215896
0.5479890402191956,0.5770684586308275
0.9206415871682566,0.9424011519769605
0.3384132317353653,0.23529529409411812
0.9139417211655767,0.9332813343733126
0.0380192396152077,0.045599088018239635
0.6769264614707706,0.5773684526309474
0.15549689006219877,0.13235735285294295
0.03981920361592768,0.03475930481390372
0.6848263034739306,0.8510829783404332
0.25921481570368593,0.2760944781104378
0.5695286094278115,0.7177656446871062
0.50404991900162,0.49339013219735606
0.2242955140897182,0.27039459210815786
0.36583268334633307,0.30379392412151757
0.9578608427831443,0.8234435311293774
0.9747805043899123,0.7206855862882743
0.03173936521269575,0.03263934721305574
0.44897102057958843,0.38453230935381294
0.8292434151316974,0.8393232135357294
0.8259234815303694,0.8009039819203616
0.09543809123817525,0.05673886522269555
0.2731145377092458,0.15451690966180676
0.3416931661366773,0.27795444091118177
0.6095478090438191,0.5525289494210116
0.21885562288754226,0.28419431611367774
0.7208455830883382,0.6979860402791944
0.5381492370152597,0.8187836243275135
0.4632507349853003,0.5705685886282275
0.9849603007939841,0.9783804323913522
0.9945001099978,0.9209215815683687
0.8589828203435932,0.8198636027279455
0.9948001039979201,0.9902401951960961
0.3661526769464611,0.36937261254774906
0.7716445671086578,0.8058438831223376
0.6588268234635307,0.3576328473430532
0.15273694526109477,0.15623687526249475
0.03125937481250375,0.04593908121837564
0.3079938401231975,0.24521509569808606
0.8347833043339133,0.8573428531429371
0.628067438651227,0.5532289354212916
0.5322693546129078,0.4622707545849083
0.2759344813103738,0.26967460650786984
0.875702485950281,0.8292434151316974
0.875262494750105,0.9399812003759925
0.755484890302194,0.7390452190956182
0.9662206755864883,0.9697206055878883
0.41969160616787665,0.25593488130237396
0.4633507329853403,0.4621307573848523
0.8052038959220816,0.8268634627307454
0.38675226495470094,0.4265714685706286
0.8091438171236576,0.7277654446911062
0.2594548109037819,0.1994760104797904
0.25647487050258994,0.2763744725105498
0.7889842203155937,0.9680406391872163
0.8081038379232416,0.7394852102957941
0.8379832403351933,0.8152436951260975
0.8953220935581289,0.9060418791624167
0.8709625807483851,0.9329013419731605
0.9798004039919201,0.9793204135917282
0.7398052038959221,0.8048639027219456
0.5975480490390193,0.9486810263794725
0.9476410471790565,0.9491210175796484
0.6894462110757785,0.6742865142697146
0.9267014659706806,0.38165236695266097
0.20927581448371033,0.2246955060898782
0.9325013499730006,0.9840403191936161
0.9055618887622248,0.8554428911421772
0.9414811703765925,0.9476610467790645
0.06325873482530349,0.07135857282854344
0.13037739245215096,0.004819903601927962
0.9220215595688086,0.9279814403711926
0.17115657686846264,0.16459670806583868
0.3896522069558609,0.4032719345613088
0.6854462910741785,0.636007279854403
0.6051878962420751,0.630407391852163
0.1512169756604868,0.16015679686406273
0.9629407411851764,0.9574208515829684
0.32043359132817345,0.32787344253114936
0.10721785564288715,0.10553788924221516
0.5867082658346833,0.33257334853302933
0.6879662406751865,0.6781264374712506
0.252354952900942,0.2260154796904062
0.27189456210875784,0.4645307093858123
0.5311093778124437,0.510009799804004
0.2381552368952621,0.1508969820603588
0.8269034619307614,0.8532829343413132
0.5669686606267875,0.5653686926261475
0.870062598748025,0.8942221155576888
0.9755404891902162,0.9197416051678967
0.4640307193856123,0.15535689286214277
0.09331813363732726,0.1133177336453271
0.24479510409791805,0.23201535969280615
0.5577888442231156,0.37829243415131697
0.9441611167776645,0.9268614627707447
0.6954860902781944,0.32055358892822144
0.5072098558028839,0.503909921801564
0.046819063618727626,0.0631587368252635
0.6081078378432432,0.5874082518349634
0.12913741725165498,0.1141377172456551
0.8628427431451371,0.8516829663406732
0.8237235255294895,0.7289454210915782
0.45887082258354833,0.6118077638447231
0.20403591928161438,0.19121617567648647
0.8116837663246735,0.4863302733945321
0.8877822443551129,0.8557428851422972
0.8600427991440172,0.8613227735445291
0.75012499750005,0.9214615707685847
0.20857582848343034,0.2029159416811664
0.6642867142657147,0.5641287174256515
0.6188276234475311,0.5649287014259715
0.5700485990280194,0.6695866082678347
0.24615507689846203,0.33593328133437333
0.5734085318293635,0.5071898562028759
0.503509929801404,0.504829903401932
0.4170316593668127,0.3545329093418132
0.7633447331053379,0.6980860382792344
0.5275694486110278,0.3229135417291654
0.3994320113597728,0.3214335713285734
0.4759304813903722,0.31905361892762146
0.32041359172816547,0.21825563488730226
0.5824483510329793,0.6516869662606748
0.7760644787104258,0.9192216155676887
0.9651006979860404,0.9401411971760565
0.3081738365232695,0.3030339393212136
0.7407051858962821,0.6591868162636747
0.8318233635327293,0.7734245315093699
0.7357652846943061,0.7391652166956661
0.9488410231795364,0.9640807183856324
0.6143877122457551,0.6736465270694586
0.4570508589828204,0.3392332153356933
0.26879462410751787,0.3047339053218936
0.6700865982680346,0.6814663706725865
0.5871282574348513,0.6799864002719945
0.09417811643767125,0.12413751724965501
0.8101637967240656,0.8193036139277214
0.05219895602087959,0.047039059218815626
0.0761584768304634,0.19657606847863043
0.34709305813883723,0.31705365892682147
0.44571108577828444,0.5366692666146677
0.16837663246735066,0.1360772784544309
0.9224015519689607,0.9007419851602968
0.5238495230095398,0.6190276194476111
0.29761404771904565,0.39247215055698886
0.08389832203355933,0.12135757284854304
0.07457850842983141,0.06799864002719946
0.21599568008639827,0.20429591408171838
0.6454270914581709,0.6809663806723866
0.13297734045319093,0.15801683966320673
0.631887362252755,0.7150656986860263
0.45755084898302034,0.5361492770144597
0.9557008859822804,0.8678626427471451
0.25535489290214197,0.23347533049339014
0.7338853222935542,0.757464850702986
0.741085178296434,0.7817443651126977
0.5160496790064198,0.503189936201276
0.9871402571948561,0.9486210275794484
0.5629087418251635,0.741785164296714
0.1728365432691346,0.1761764764704706
0.499630007399852,0.32027359452810944
0.6152476950460991,0.6745865082698346
0.6654066918661627,0.5718685626287474
0.16815663686726265,0.15701685966280676
0.6159676806463871,0.8115437691246176
0.9152216955660887,0.8542829143417132
0.007899842003159937,0.005699886002279954
0.17177656446871062,0.125857482850343
0.06753864922701547,0.06685866282674346
0.2239555208895822,0.16621667566648668
0.5403691926161477,0.5512689746205076
0.9897802043959121,0.9898202035959281
0.635467290654187,0.5919881602367952
0.4575108497830044,0.4138317233655327
0.7220855582888343,0.6635867282654347
0.8680626387472251,0.8910621787564249
0.33491330173396533,0.2376552468950621
0.4992500149997,0.5675486490270195
0.9559008819823603,0.9402411951760965
0.3307533849323014,0.29763404731905363
0.3662126757464851,0.373852522949541
0.75212495750085,0.6088478230435391
0.6593468130637388,0.7607247855042899
0.8180036399272015,0.8206235875282495
0.6417071658566829,0.5764084718305634
0.6769864602707946,0.6931861362772744
0.9627207455850884,0.9617207655846883
0.3302333953320934,0.4477910441791164
0.7140657186856263,0.379172416551669
0.8514829703405932,0.8210035799284015
0.1399372012559749,0.09883802323953521
0.4865702685946281,0.5416091678166437
0.1638567228655427,0.16825663486730266
0.4921701565968681,0.7936641267174657
0.4274114517709646,0.4396112077758445
0.6471470570588589,0.6754064918701627
0.629107417851643,0.3665926681466371
0.20805583888322235,0.2863342733145337
0.5915081698366033,0.6822463550728985
0.6037479250414992,0.13309733805323895
0.9618607627847443,0.8698026039479211
0.18193636127277454,0.2114357712845743
0.051758964820703586,0.058098838023239535
0.2813543729125418,0.24547509049819005
0.7735245295094099,0.6615067698646028
0.17191656166876662,0.31065378692426154
0.36869262614747705,0.05259894802103958
0.8225035499290014,0.8581228375432491
0.5361892762144758,0.31913361732765344
0.21715565688686228,0.5738885222295554
0.8449431011379772,0.8302233955320893
0.20413591728165437,0.1755964880702386
0.5534489310213796,0.640247195056099
0.36051278974420514,0.33339333213335737
0.6109077818443631,0.6318273634527309
0.9252214955700886,0.8184236315273695
0.28463430731385375,0.29449411011779764
0.6724665506689866,0.7388052238955222
0.10383792324153518,0.1398772024559509
0.021099578008439833,0.022459550808983823
0.29631407371852564,0.19361612767744646
0.6413671726565469,0.6931461370772585
0.5952080958380832,0.5885082298354033
0.9816203675926481,0.9828403431931362
0.9139017219655607,0.9163016739665207
0.6066278674426512,0.40567188656226877
0.39375212495750084,0.3631527369452611
0.34141317173656527,0.11419771604567909
0.06653866922661547,0.06097878042439151
0.12625747485050298,0.1646367072658547
0.08971820563588728,0.18425631487370253
0.9127417451650968,0.9279214415711686
0.31821363572728545,0.34257314853702925
0.5429091418171637,0.6628067438651227
0.8471030579388412,0.2765144697106058
0.6103277934441311,0.6665266694666107
0.08003839923201536,0.13399732005359893
0.8664026719465611,0.8755224895502091
0.8291034179316414,0.7867042659146818
0.5209095818083639,0.38299234015319694
0.16879662406751866,0.1749565008699826
0.22159556808863823,0.13057738845223096
0.878122437551249,0.8574228515429692
0.8201035979280414,0.8347033059338813
0.5170296594068119,0.37171256574868505
0.0628587428251435,0.05925881482370353
0.6753064938701226,0.5164496710065799
0.2390552188956221,0.25343493130137396
0.1745565088698226,0.2129757404851903
0.13369732605347895,0.12347753044939101
0.9970600587988241,0.9946401071978561
0.23997520049599008,0.33465330693386136
0.40753184936301273,0.4543109137817244
0.6429071418571629,0.5195496090078199
0.9245415091698166,0.7970840583188337
0.3418931621367573,0.4432311353772925
0.9978400431991361,0.871802563948721
0.629047419051619,0.6480070398592028
0.8894822103557929,0.8977020459590809
0.9443411131777365,0.9901201975960481
0.6099278014439712,0.6978260434791305
0.5438091238175237,0.3218935621287574
0.6106677866442671,0.5373892522149557
0.1525969480610388,0.16367672646547068
0.1526569468610628,0.17955640887182256
0.9658806823863523,0.9739405211895762
0.33713325733485333,0.5607087858242835
0.9207615847683047,0.9173816523669527
0.8971420571588569,0.9194816103677926
0.5766484670306594,0.7234855302893942
0.9839603207935842,0.9815003699926002
0.1000579988400232,0.14671706565868683
0.1981960360792784,0.08259834803303934
0.28133437331253375,0.21999560008799826
0.2990340193196136,0.3173336533269335
0.09591808163836724,0.07873842523149538
0.28139437211255774,0.0625387492250155
0.8396032079358413,0.8905421891562169
0.9434611307773845,0.8302433951320974
0.019939601207975843,0.023759524809503812
0.6163676726465471,0.7330053398932022
0.7712845743085138,0.6562068758624827
0.1404171916561669,0.24969500609987802
0.19583608327833443,0.23287534249315014
0.9204415911681767,0.9134417311653767
0.11627767444651108,0.877122457550849
0.868942621147577,0.8654226915461691
0.08407831843363132,0.09031819363612728
0.5168296634067319,0.4634707305853883
0.4500309993800124,0.4799704005919882
0.7591248175036499,0.9603407931841363
0.6836863262734746,0.7466650666986661
0.34589308213835723,0.3450530989380213
0.24577508449831004,0.23577528449431012
0.5729685406291875,0.6045679086418272
0.28367432651346974,0.251714965700686
0.1523369532609348,0.20991580168396634
0.9738605227895443,0.9897002059958802
0.6818863622727546,0.6712465750684986
0.9520809583808324,0.9360212795744085
0.15543689126217478,0.22287554248915023
0.5117497650046999,0.5798884022319554
0.04651906961860763,0.3909721805563889
0.4738505229895402,0.5496290074198517
0.12407751844963101,0.0873182536349273
0.11645767084658307,0.14889702205955882
0.6448871022579549,0.7281254374912502
0.46845063098738027,0.4613907721845563
0.6952060958780825,0.5861682766344674
0.06889862202755945,0.21787564248715027
0.23159536809263814,0.253094938101238
0.8399432011359773,0.8179236415271695
0.11555768884622308,0.1127777444451111
0.8164036719265615,0.7662646747065059
0.8307033859322814,0.8642627147457052
0.0866182676346473,0.10311793764124717
0.8960020799584009,0.7147257054858903
0.6231275374492511,0.6436471270574589
0.5445891082178357,0.5777684446311074
0.7371452570948581,0.6020479590408192
0.1904761904761905,0.2012159756804864
0.8999620007599848,0.8983420331593368
0.8028439431211376,0.8164036719265615
0.3480730385392292,0.9985600287994241
0.9626607467850643,0.9504609907801844
0.8613427731445371,0.8833023339533209
0.31723365532689346,0.4521509569808604
0.2749745005099898,0.31311373772524553
0.8672426551468971,0.8561628767424652
0.4666106677866443,0.25767484650306993
0.21591568168636627,0.24165516689666208
0.74372512549749,0.7848843023139538
0.30863382732345357,0.40757184856302875
0.39665206695866084,0.3552728945421092
0.8875222495550089,0.9862802743945122
0.7955840883182337,0.8591428171436571
0.34329313413731727,0.09107817843643128
0.9243015139697206,0.9479210415791685
0.8177636447271055,0.7958240835183297
0.05779884402311954,0.06851862962740746
0.23185536289274214,0.30403391932161355
0.9431611367772645,0.9399412011759765
0.3606127877442451,0.3484930301393972
0.25817483650326994,0.45601087978240434
0.5677886442271155,0.5637887242255155
0.019799604007919844,0.027219455610887785
0.004019919601607968,0.0019399612007759846
0.8055638887222256,0.9197616047679047
0.07979840403191936,0.09413811723765525
0.8103437931241375,0.8532629347413052
0.32271354572908545,0.19753604927901441
0.07671846563068739,0.0503589928201436
0.2775344493110138,0.23413531729365414
0.4856302873942521,0.48887022259554813
0.17413651726965462,0.14379712405751885
0.44759104817903644,0.5584088318233635
0.19207615847683046,0.21099578008439832
0.9666606667866643,0.9141617167656647
0.9433411331773365,0.875762484750305
0.2758944821103578,0.20995580088398233
0.9941801163976721,0.9924801503969921
0.8584828303433931,0.7869642607147858
0.40829183416331677,0.503489930201396
0.5721285574288515,0.6091478170436592
0.633247335053299,0.7954640907181857
0.29099418011639766,0.2616147677046459
0.883922321553569,0.9166216675666486
0.20453590928181437,0.2234355312893742
0.38121237575248496,0.35039299214015723
0.04877902441951161,0.05389892202155957
0.5530889382212356,0.51034979300414
0.4099318013639727,0.37235255294894104
0.7450450990980181,0.7155456890862183
0.6757464850702987,0.6008679826403472
0.34211315773684525,0.3031339373212536
0.8648627027459451,0.8521829563408733
0.8063038739225216,0.39321213575728486
0.76282474350513,0.18637627247455052
0.6800863982720345,0.6524669506609868
0.7388452230955381,0.6812663746725066
0.10773784524309514,0.09951800963980721
0.015759684806303874,0.013219735605287894
0.7964040719185617,0.5228895422091558
0.7012259754804904,0.6796264074718505
0.15459690806183876,0.18423631527369452
0.4896702065958681,0.5445291094178116
0.1630167396652067,0.5347093058138838
0.40675186496270077,0.29773404531909364
0.09091818163636728,0.126077478450431
0.5671286574268515,0.5012499750005001
0.7206655866882663,0.9454410911781764
0.9323213535729286,0.9272614547709046
0.3391732165356693,0.12719745605087898
0.20517589648207035,0.4267914641707166
0.31867362652746944,0.4019319613607728
0.20961580768384633,0.22799544009119818
0.49699006019879605,0.25467490650186997
0.8243435131297374,0.8389032219355613
0.5492090158196836,0.48441031179376415
0.4785504289914202,0.39609207815843683
0.07917841643167137,0.10793784124317514
0.879362412751745,0.7190856182876343
0.8213835723285534,0.876402471950561
0.872162556748865,0.8950620987580249
0.17157656846863065,0.1363372732545349
0.8401431971360573,0.8531829363412732
0.7323053538929222,0.8362632747345053
0.30635387292254157,0.18333633327333454
0.44895102097958045,0.4110917781644367
0.34861302773944525,0.46263074738505233
0.4785104297914042,0.46119077618447635
0.3410931781364373,0.4774304513909722
0.8130037399252015,0.6984660306793864
0.8457230855382892,0.8339233215335694
0.4678706425871483,0.4595708085838283
0.6205075898482031,0.5100897982040359
0.5464890702185956,0.5470290594188116
0.8547629047419052,0.8606227875442491
0.5244095118097638,0.3863122737545249
0.28277434451310973,0.4144517109657807
0.45251094978100437,0.4506509869802604
0.3951920961580769,0.37955240895182096
0.34383312333753324,0.6206275874482511
0.9041819163616728,0.8519829603407932
0.6099678006439871,0.4551708965820684
0.28773424531509373,0.2610147797044059
0.009259814803703926,0.01771964560708786
0.5776284474310514,0.7312453750924982
0.36595268094638106,0.4149317013659727
0.13021739565208695,0.3416331673366533
0.2381952360952781,0.3674526509469811
0.33547329053418934,0.42153156936861264
0.10547789044219116,0.08599828003439931
0.2276754464910702,0.1635167296654067
0.44815103697926045,0.375852482950341
0.19325613487730245,0.24923501529969402
0.9410411791764165,0.9623607527849444
0.08035839283214335,0.021239575208495832
0.4875102497950041,0.46811063778724427
0.9646607067858644,0.9583208335833283
0.6758464830703386,0.757004859902802
0.28601427971440574,0.19823603527929443
0.4138517229655407,0.40607187856242877
0.6758664826703467,0.6508669826603468
0.8151036979260415,0.7840243195136097
0.16539669206615867,0.24351512969740607
0.9795004099918002,0.9798004039919201
0.7349253014939702,0.7374052518949621
0.15313693726125477,0.1768964620707586
0.5424491510169797,0.5567088658226835
0.3972520549589008,0.27823443531129377
0.9687406251874963,0.9719805603887922
0.45503089938201235,0.8266834663306735
0.29333413331733366,0.19477610447791044
0.4289314213715726,0.38265234695306094
0.4895702085958281,0.5621287574248516
0.40853182936341276,0.44563108737825247
0.6715265694686107,0.5640087198256035
0.7106057878842423,0.7026259474810505
0.1371972560548789,0.1391572168556629
0.39455210895782084,0.5915281694366112
0.6406071878562429,0.7657246855062899
0.1871562568748625,0.22273554528909423
0.8852422951540969,0.9256814863702726
0.6489470210595788,0.6642267154656907
0.3899322013559729,0.4690106197876043
0.30521389572208557,0.9489010219795604
0.5246095078098438,0.48121037579248416
0.5856882862342754,0.5373692526149477
0.49693006139877205,0.5400691986160276
0.44575108497830046,0.41169176616467673
0.003039939201215976,0.003019939601207976
0.7761244775104498,0.7889842203155937
0.0064598708025839485,0.0061398772024559515
0.056798864022719546,0.3020739585208296
0.99540009199816,0.9939601207975841
0.005159896802063959,0.004379912401751965
0.3877122457550849,0.9658806823863523
0.9411211775764485,0.5785284294314114
0.874882502349953,0.8597828043439132
0.08353832923341534,0.07075858482830344
0.8337833243335133,0.9233215335693287
0.1506169876602468,0.20295594088118238
0.13121737565248695,0.07073858522829543
0.9245815083698327,0.9191416171676566
0.7649847003059939,0.9868602627947441
0.23111537769244617,0.28545429091418173
0.502189956200876,0.6506669866602668
0.7505249895002101,0.6815863682726345
0.025839483210335794,0.03125937481250375
0.20909581808363834,0.371512569748605
0.5162896742065158,0.614847703045939
0.4380312393752125,0.47515049699006023
0.24443511129777407,0.5883282334353314
0.5580488390232196,0.502229955400892
0.28351432971340573,0.24051518969620608
0.7150256994860104,0.6834463310733786
0.5440491190176197,0.5107497850042999
0.025279494410111798,0.030739385212295755
0.8886622267554649,0.9180816383672327
0.6701665966680667,0.4933701325973481
0.1755564888702226,0.2771344573108538
0.08657826843463132,0.23643527129457412
0.5076698466030679,0.4546109077818444
0.9404811903761925,0.9582408351832964
0.627927441451171,0.639447211055779
0.23355532889342215,0.04135917281654367
0.501569968600628,0.47509049819003624
0.7048459030819384,0.7465050698986021
0.6338073238535229,0.5690286194276115
0.5620287594248116,0.8210235795284094
0.7405251894962102,0.6623667526649467
0.9455210895782085,0.8352432951340973
0.09533809323813525,0.08141837163256735
0.23203535929281416,0.21737565248695026
0.4026319473610528,0.507509849803004
0.48477030459390813,0.4792504149917002
0.8426631467370653,0.7433051338973221
0.5583688326233476,0.5348493030139397
0.4620307593848123,0.4865702685946281
0.8895022099558009,0.5975480490390193
0.17445651086978262,0.1869962600747985
0.8190636187276255,0.7029459410811784
0.10263794724105518,0.07367852642947141
0.16187676246475072,0.2039159216815664
0.37201255974880504,0.29065418691626166
0.25519489610207796,0.2899142017159657
0.9787404251914962,0.9617407651846963
0.02417951640967181,0.036059278814423716
0.872842543149137,0.8496030079398412
0.8001639967200657,0.8243435131297374
0.9482410351792965,0.9515809683806324
0.1140777184456311,0.752564948701026
0.5392692146157078,0.5186296274074519
0.7350452990940182,0.7353052938941221
0.1753764924701506,0.3146937061258775
0.7366252674946502,0.7897842043159137
0.34067318653626927,0.43713125737485253
0.08215835683286335,0.1760964780704386
0.4034319313613728,0.502829943401132
0.3508129837403252,0.20861582768344633
0.7840643187136258,0.6908461830763385
0.4273714525709486,0.3011539769204616
0.9828603427931442,0.9886602267954642
0.5533289334213316,0.6893462130757385
0.9288814223715526,0.8242035159296814
0.3402331953360933,0.3654726905461891
0.5917681646367073,0.6449071018579629
0.21827563448731027,0.18395632087358255
0.3023939521209576,0.25097498050039
0.6534669306613868,0.6411271774564509
0.8949621007579849,0.8885222295554089
0.2902541949161017,0.29853402931941364
0.40145197096058083,0.4200115997680047
0.8706825863482731,0.8914221715565689
0.8035239295214096,0.8030439391212176
0.21833563328733427,0.2656946861062779
0.4221115577688446,0.3179536409271815
0.04715905681886363,0.054578908421831565
0.5243295134097318,0.4766304673906522
0.50544989100218,0.4859302813943721
0.5784284314313713,0.5571288574228516
0.5323893522129558,0.379752404951901
0.048519029619407614,0.045399092018159636
0.17325653486930262,0.16743665126697466
0.3626727465450691,0.3571728565428692
0.08243835123297534,0.059938801223975526
0.7258454830903383,0.8266434671306574
0.7177456450870983,0.7474250514989701
0.23917521649567008,0.23189536209275816
0.48647027059458814,0.38623227535449295
0.5167496650066998,0.49607007859842805
0.48289034219315613,0.42025159496810066
0.012359752804943901,0.010359792804143918
0.8576028479430412,0.9051818963620728
0.5161296774064519,0.504129917401652
0.0025599488010239796,0.002119957600847983
0.45841083178336434,0.5667286654266915
0.7626247475050499,0.8086038279234415
0.3880522389552209,0.4920501589968201
0.9045419091618168,0.9003019939601208
0.41179176416471674,0.43079138417231655
0.5995080098398032,0.5899282014359714
0.7689846203075938,0.5631487370252595
0.7746445071098579,0.8254634907301854
0.6756864862702746,0.760104797904042
0.9079018419631608,0.75662486750265
0.6939661206775865,0.6904061918761625
0.9585208295834083,0.9520009599808004
0.1508369832603348,0.06815863682726346
0.6595668086638268,0.6409071818563629
0.4628707425851483,0.3372732545349093
0.49537009259814807,0.48411031779364416
0.28539429211415773,0.2753944921101578
0.08441831163376733,0.054558908821823564
0.3440731185376293,0.41001179976400476
0.4420911581768365,0.4735305293894122
0.34175316493670127,0.8285234295314094
0.32975340493190136,0.3564328713425732
0.6563668726625468,0.7015259694806104
0.5718885622287554,0.38303233935321296
0.3247335053298934,0.45681086378272434
0.3154736905261895,0.3312133757324854
0.7772644547109058,0.6584068318633628
0.40841183176336476,0.5142097158056839
0.6719065618687626,0.6701865962680746
0.22065558688826226,0.15939681206375872
0.11577768444631108,0.10303793924121518
0.9412411751764965,0.8945421091578168
0.4301713965720686,0.2613347733045339
0.8510229795404092,0.8911821763564729
0.5786084278314434,0.50094998100038
0.08123837523249536,0.09787804243915121
0.7294454110917782,0.5857682846343073
0.44925101497970044,0.46771064578708427
0.10609787804243916,0.20937581248375034
0.5813083738325233,0.6320673586528269
0.7925641487170257,0.8081638367232655
0.01733965320693586,0.0124997500049999
0.8235035299294015,0.8114237715245696
0.7693246135077298,0.9584408311833764
0.5664686706265875,0.49927001459970805
0.11775764484710306,0.1133377332453351
0.7180256394872103,0.753044939101218
0.7005859882802344,0.5925281494370113
0.252654946901062,0.19637607247855043
0.3363732725345493,0.2825543489130217
0.38297234055318896,0.3626127477450451
0.007059858802823944,0.006019879602407952
0.5437491250174997,0.6546469070618588
0.7587448251034979,0.6371272574548509
0.4616107677846443,0.4288714225715486
0.01635967280654387,0.05381892362152757
0.6969260614787705,0.6162476750464991
0.3397132057358853,0.35033299334013324
0.6702465950680987,0.40995180096398076
0.9281014379712406,0.9282814343713126
0.7888042239155217,0.6752664946701066
0.07657846843063139,0.09589808203835924
0.3431131377372453,0.3678526429471411
0.45559088818223636,0.43421131577368455
0.11385772284554309,0.25487490250195
0.6044679106417872,0.502729945401092
0.9812403751924962,0.9753804923901522
0.19055618887622247,0.10809783804323914
0.377772444551109,0.7014059718805624
0.4173316533669327,0.5955280894382112
0.2627147457050859,0.2278954420911582
0.37195256094878104,0.35593288134237316
0.743045139097218,0.6970860582788344
0.4564908701825964,0.5557688846223076
0.4543709125817484,0.3260334793304134
0.3350332993340133,0.3888322233555329
0.05393892122157557,0.43027139457210856
0.9083018339633208,0.5819683606327873
0.4616707665846683,0.6453870922581548
0.6671466570668587,0.6516669666606668
0.9759204815903683,0.9109617807643847
0.5294094118117638,0.4850102997940041
0.2230955380892382,0.18529629407411852
0.633947321053579,0.634407311853763
0.8466030679386413,0.880562388752225
0.9119617607647847,0.8680626387472251
0.7052258954820904,0.4856502869942601
0.3468730625387492,0.30837383252334954
0.17137657246855065,0.17981640367192656
0.883382332353353,0.8766624667506651
0.8163036739265215,0.7769244615107698
0.0504589908201836,0.17965640687186257
0.8733425331493371,0.9282014359712806
0.3421931561368773,0.13359732805343894
0.6192476150476991,0.4535109297814044
0.9163616727665447,0.8945821083578329
0.03037939241215176,0.05431891362172757
0.47423051538969224,0.4122917541649167
0.5946881062378753,0.4114117717645647
0.8699226015479691,0.9031019379612408
0.024779504409911803,0.022699546009079818
0.39957200855982883,0.376692466150677
0.7434051318973621,0.7321653566928662
0.8525229495410092,0.6338073238535229
0.8076238475230496,0.881942361152777
0.25485490290194196,0.3903721925561489
0.8231035379292414,0.4151916961660767
0.1614367712645747,0.16853662926741467
0.11921761564768706,0.11023779524409512
0.6359272814543709,0.6215675686486271
0.3883122337553249,0.39853202935941284
0.6495870082598348,0.501589968200636
0.06907861842763145,0.06925861482770344
0.6966860662786745,0.7190656186876263
0.3893922121557569,0.2406151876962461
0.033439331213375736,0.0380792384152317
0.8373032539349213,0.8567028659426812
0.2662546749065019,0.26951460970780583
0.37395252094958104,0.5264894702105958
0.30821383572328553,0.3127937441251175
0.25681486370272594,0.29381412371752563
0.5474090518189636,0.5385892282154358
0.3892922141557169,0.48405031899362017
0.2874342513149737,0.6773864522709546
0.9124617507649847,0.9048619027619448
0.9403011939761206,0.9347613047739045
0.1378972420551589,0.3890922181556369
0.15533689326213476,0.11657766844663107
0.9808203835923281,0.9853802923941521
0.3293934121317574,0.3157336853262935
0.22805543889122218,0.15423691526169478
0.9508009839803204,0.9544009119817604
0.10799784004319914,0.03315933681326374
0.23317533649327013,0.20691586168276635
0.8054238915221695,0.7774044519109619
0.9687006259874803,0.9647807043859123
0.5906681866362673,0.6193676126477471
0.6474070518589629,0.6858862822743546
0.028799424011519772,0.018359632807343852
0.45889082218355637,0.4405511889762205
0.45813083738325233,0.514689706205876
0.629247415051699,0.5665686686266275
0.5640487190256195,0.6225875482490351
0.9066618667626648,0.8546429071418572
0.06585868282634348,0.08105837883242335
0.17267654646907063,0.13353732925341494
0.7114257714845703,0.7145057098858023
0.42393152136957263,0.32043359132817345
0.9583608327833444,0.9346813063738726
0.3180736385272295,0.1624367512649747
0.9450010999780005,0.9351612967740646
0.6830263394732106,0.6110677786444272
0.7515649687006261,0.760744785104298
0.126577468450631,0.021859562808743824
0.27361452770944583,0.2818743625127498
0.23461530769384614,0.2632547349053019
0.6449671006579869,0.6382872342553149
0.7280454390912182,0.6951660966780665
0.043179136417271655,0.042979140417191655
0.4128917421651567,0.4408911821763565
0.6995660086798264,0.632367352652947
0.6036079278414432,0.5384292314153717
0.504209915801684,0.5136897262054759
0.9191216175676487,0.5733885322293555
0.7151456970860584,0.500809983800324
0.07733845323093538,0.016679666406671866
0.9313013739725206,0.9271814563708726
0.2768544629107418,0.38245235095298097
0.7316453670926581,0.7218855622887542
0.879562408751825,0.8333233335333293
0.509569808603828,0.5101497970040599
0.9101017979640408,0.9109217815643688
0.9893602127957442,0.9854002919941601
0.4244715105697886,0.3906121877562449
0.9684006319873603,0.9717605647887042
0.7226655466890662,0.7381052378952421
0.3475530489390212,0.2375552488950221
0.2643147137057259,0.22071558568828625
0.5409091818163637,0.50694986100278
0.6556468870622588,0.7311453770924582
0.04245915081698366,0.047239055218895626
0.5623287534249315,0.3419731605367893
0.43541129177416454,0.46091078178436434
0.20835583288334233,0.2630747385052299
0.9311813763724726,0.9619407611847763
0.8483430331393372,0.882562348753025
0.036539269214615706,0.03937921241575169
0.40019199616007683,0.46767064658706825
0.5386092278154437,0.5485490290194196
0.370032599348013,0.43781124377512454
0.7747645047099059,0.7106057878842423
0.6666266674666507,0.6340273194536109
0.3422531549369013,0.3473330533389332
0.7175256494870103,0.4649707005859883
0.7418651626967461,0.8065438691226176
0.8248435031299375,0.7692846143077139
0.881882362352753,0.9103617927641448
0.5368892622147557,0.621627567448651
0.8702225955480891,0.8542629147417052
0.012419751604967902,0.018279634407311854
0.4414911701765965,0.4157116857662847
0.9043019139617208,0.9093018139637208
0.0880782384352313,0.09705805883882322
0.513769724605508,0.33661326773464534
0.14095718085638287,0.5831483370332593
0.29887402251954964,0.35669286614267715
0.249115017699646,0.20531589368212635
0.8028239435211296,0.4529909401811964
0.7954640907181857,0.6587468250634988
0.07613847723045539,0.07387852242955141
0.6613267734645307,0.7225255494890103
0.23299534009319814,0.16855662886742265
0.44541109177816446,0.44753104937901245
0.5848683026339473,0.6445271094578109
0.7681246375072499,0.8377632447351053
0.4550108997820044,0.5659286814263715
0.16679666406671867,0.07213855722885543
0.35079298414031723,0.32249355012899744
0.6957060858782824,0.6961460770784584
0.75952480950381,0.753944921101578
0.8448431031379373,0.8578428431431372
0.5229295414091718,0.5981680366392672
0.4611707765844683,0.511469770604588
0.17099658006839863,0.2642947141057179
0.20401591968160637,0.33307333853322935
0.7644847103057939,0.7557848843023139
0.6134477310453791,0.5999880002399952
0.05211895762084758,0.03895922081558369
0.1137177256454871,0.11329773404531909
0.14419711605767885,0.2783944321113578
0.9023819523609529,0.7889442211155777
0.8722025559488811,0.880482390352193
0.5247095058098838,0.5602087958240836
0.9552008959820804,0.9007019859602808
0.4277114457710846,0.4565508689826204
0.8185436291274175,0.8596028079438411
0.0632787344253115,0.053378932421351576
0.997020059598808,0.997260054798904
0.49281014379712407,0.4614707705845883
0.8178836423271535,0.8613827723445532
0.2607147857042859,0.24101517969640607
0.9537809243815124,0.9630807383852323
0.887342253154937,0.8776824463510731
0.6902861942761145,0.6762664746705066
0.35753284934301316,0.2848943021139577
0.3623327533449331,0.4942101157976841
0.12919741605167898,0.127557448851023
0.09301813963720726,0.11063778724425512
0.5153896922061559,0.5436091278174436
0.43683126337473255,0.4354912901741965
0.48243035139297213,0.5187696246075079
0.5938081238375232,0.5575288494230115
0.33993320133597327,0.3112537749245015
0.33265334693306137,0.1897362052758945
0.5489690206195876,0.5842083158336834
0.30767384652306956,0.31157376852462954
0.3264134717305654,0.3275534489310214
0.7056258874822504,0.5814283714325714
0.2980940381192376,0.619887602247955
0.5310093798124038,0.5629487410251796
0.14035719285614287,0.1400171996560069
0.19009619807603848,0.16711665766684666
0.07607847843043139,0.09345813083738326
0.7240255194896102,0.7151456970860584
0.5110697786044279,0.7897442051158977
0.44765104697906044,0.5368092638147237
0.8366432671346573,0.6929261414771705
0.3655526889462211,0.3552928941421172
0.126877462450751,0.28933421331573367
0.0018199636007279855,0.0025599488010239796
0.7796844063118737,0.7634447311053779
0.3587128257434851,0.3482930341393172
0.48463030739385216,0.43311133777324456
0.6040879182416352,0.5439091218175637
0.5257894842103158,0.7157656846863063
0.5680086398272035,0.4268514629707406
0.7799844003119938,0.7697446051078979
0.22067558648827024,0.5471490570188596
0.5250494990100198,0.48681026379472414
0.6711865762684747,0.5818883622327554
0.39535209295814083,0.5086898262034759
0.6313673726525469,0.6298874022519549
0.35829283414331714,0.32225355492890145
0.7334653306933862,0.6342673146537069
0.5708685826283475,0.499370012599748
0.8873022539549209,0.8584828303433931
0.4037719245615088,0.4538109237815244
0.4750704985900282,0.42655146897062063
0.3420731585368293,0.6405671886562269
0.28269434611307775,0.2863942721145577
0.9786604267914643,0.9702405951880962
0.48231035379292414,0.1376372472550549
0.3273134537309254,0.3649527009459811
0.2292154156916862,0.34409311813763727
0.1376772464550709,0.15387692246155077
0.23183536329273416,0.10807783844323114
0.25353492930141397,0.24479510409791805
0.9374212515749686,0.9436811263774725
0.7712645747085058,0.7391252174956501
0.48299034019319614,0.4780304393912122
0.5838283234335313,0.4911501769964601
0.8363232735345293,0.8335833283334334
0.33331333373332533,0.32449351012979744
0.07717845643087139,0.11731765364692706
0.889082218355633,0.8204835903281935
0.7761644767104658,0.7965840683186337
0.8176436471270575,0.8199436011279775
0.7175056498870023,0.641047179056419
0.3274934501309974,0.3394332113357733
0.6421871562568748,0.5899082018359633
0.7138257234855303,0.7447251054978901
0.2885542289154217,0.23703525929481412
0.9717605647887042,0.9789204215915682
0.7416251674966501,0.7443451130977381
0.47245055098898026,0.4765904681906362
0.8413631727365453,0.8397432051358973
0.7222455550888982,0.7031459370812584
0.2785744285114298,0.20399592008159836
0.9731605367892643,0.9732205355892882
0.5718285634287315,0.618627627447451
0.2727345453090938,0.34331313373732525
0.10915781684366313,0.08345833083338333
0.13553728925421493,0.20135597288054238
0.03979920401591968,0.7859442811143778
0.4059318813623728,0.1372372552548949
0.39569208615827683,0.18247635047299055
0.5686886262274755,0.5761084778304434
0.7165056698866022,0.6310273794524109
0.20891582168356634,0.2152956940861183
0.7164056718865623,0.8185836283274335
0.6701465970680587,0.8944821103577929
0.752884942301154,0.4882702345953081
0.48469030619387615,0.42101157976840464
0.26819463610727784,0.29455410891782163
0.7233455330893382,0.7143657126857463
0.37887242255154896,0.4753304933901322
0.9073618527629448,0.8968820623587529
0.11547769044619108,0.08611827763444731
0.4166316673666527,0.32243355132897344
0.7049059018819623,0.6495870082598348
0.509189816203676,0.44211115777684445
0.8565428691426171,0.867442651146977
0.8881022379552409,0.875802483950321
0.8196636067278654,0.8484430311393772
0.10825783484330313,0.17315653686926263
0.002239955200895982,0.0034599308013839726
0.499130017399652,0.46303073938521233
0.10287794244115119,0.4384512309753805
0.49819003619927604,0.44587108257834845
0.048539029219415615,0.03273934521309574
0.633627327453451,0.617827643447131
0.9876602467950641,0.9871002579948401
0.8397232055358893,0.6694266114677707
0.6905661886762265,0.36331273374532513
0.9899002019959601,0.9875602487950241
0.7701045979080419,0.7386252274954501
0.32197356052878945,0.19171616567668648
0.46337073258534833,0.4288114237715246
0.7954840903181937,0.8349833003339934
0.5921881562368753,0.7080658386832264
0.19247615047699046,0.1649167016659667
0.497530049399012,0.507809843803124
0.8141637167256656,0.7455850882982341
0.5495290094198116,0.7025659486810264
0.8085838283234336,0.9706005879882402
0.4940501189976201,0.45799084018319636
0.5842483150336993,0.6910661786764265
0.04531909361812764,0.08609827803443931
0.23081538369232615,0.24651506969860604
0.377512449751005,0.5340093198136038
0.378232435351293,0.20763584728305434
0.7902841943161137,0.7329453410931782
0.1983960320793584,0.22311553768924622
0.1519369612607748,0.22133557328853423
0.9453810923781525,0.620547589048219
0.2898942021159577,0.24121517569648607
0.1357572848543029,0.13091738165236697
0.4640907181856363,0.4873502529949401
0.7276654466910663,0.8550428991420171
0.41821163576728465,0.4035519289614208
0.3874922501549969,0.36291274174516513
0.21129577408451833,0.17411651766964661
0.9868802623947521,0.9208215835683287
0.6588468230635387,0.7217055658886823
0.19669606607867843,0.19719605607887844
0.014479710405791884,0.011879762404751906
0.8194036119277615,0.8786024279514411
0.753744925101498,0.5708885822283555
0.5963080738385232,0.21803563928721426
0.9401611967760645,0.9154616907661847
0.5684886302273955,0.8921421571568569
0.5895882082358354,0.6658266834663307
0.09515809683806324,0.08083838323233536
0.1387572248555029,0.04729905401891962
0.18777624447511052,0.2974740505189896
0.04875902481950361,0.048239035219295616
0.36125277494450114,0.624447511049779
0.23639527209455813,0.06795864082718346
0.5151896962060759,0.35741285174296517
0.9065818683626328,0.9199416011679766
0.3493930121397572,0.33239335213295734
0.9579808403831924,0.9634207315853683
0.3918721625567489,0.06609867802643947
0.495530089398212,0.47033059338813227
0.886682266354673,0.872482550348993
0.40495190096198075,0.4007919841603168
0.503169936601268,0.6143877122457551
0.02387952240955181,0.11959760804783905
0.3365132697346053,0.30767384652306956
0.09609807803843924,0.0872782544349113
0.03509929801403972,0.016779664406711865
0.3083938321233575,0.3348733025339493
0.31631367372652547,0.2612147757044859
0.758904821903562,0.7036059278814424
0.7636847263054739,0.7635447291054179
0.1377172456550869,0.15915681686366273
0.9843403131937362,0.9849403011939761
0.6119877602447952,0.754584908301834
0.1757164856702866,0.15009699806003882
0.7322253554928901,0.7847643047139058
0.19589608207835843,0.08339833203335933
0.8478430431391373,0.8508029839403213
0.5176896462070759,0.5082298354032919
0.8150836983260336,0.9125217495650088
0.8950020999580008,0.9446611067778645
0.08903821923561529,0.09105817883642328
0.5304293914121718,0.373392532149357
0.7820443591128178,0.7278254434911302
0.9367412651746966,0.9312813743725126
0.11037779244415112,0.10951780964380713
0.22817543649127017,0.2260754784904302
0.5093698126037479,0.48317033659326813
0.4746505069898602,0.5254894902101959
0.9757004859902803,0.7961240775184497
0.44347113057738846,0.4628307433851323
0.8051838963220735,0.7790044199116017
0.3230335393292134,0.4057718845623088
0.9171816563668727,0.9394012119757605
0.8942221155576888,0.9253414931701366
0.24949501009979802,0.22805543889122218
0.4416711665766685,0.4814103717925642
0.013519729605407892,0.020679586408271836
0.9695606087878242,0.9705205895882083
0.06621867562648748,0.10707785844283114
0.22971540569188617,0.23095538089238216
0.4704905901881963,0.5486090278194437
0.8755224895502091,0.7764044719105618
0.6900061998760025,0.7052658946821064
0.7736245275094499,0.759364812703746
0.7818843623127538,0.8541629167416652
0.44851102977940444,0.4001519969600608
0.4945101097978041,0.2394952100957981
0.7279454410911782,0.6556868862622748
0.49087018259634807,0.5840883182336354
0.8919421611567769,0.8429831403371932
0.4269314613707726,0.8182236355272895
0.23571528569428613,0.3437331253374933
0.1897362052758945,0.2755144897102058
0.7908441831163378,0.75962480750385
0.9891002179956401,0.9759204815903683
0.5237295254094918,0.885322293554129
0.21153576928461432,0.12227755444891103
0.05591888162236756,0.39459210815783685
0.14929701405971882,0.15335693286134278
0.750164996700066,0.8602427951440972
0.6821863562728746,0.5871482570348593
0.25617487650246995,0.16725665486690267
0.870322593548129,0.8967620647587049
0.5121297574048519,0.7856042879142418
0.4264914701705966,0.45849083018339637
0.5347893042139158,0.49895002099958
0.8908021839563209,0.9018219635607289
0.014559708805823884,0.01491970160596788
0.12759744805103898,0.07745845083098338
0.04505909881802364,0.04223915521689566
0.4868502629947401,0.5805283894322114
0.07787844243115138,0.377852442951141
0.29047419051618967,0.25291494170116596
0.32127357452850946,0.3233135337293254
0.8113437731245375,0.8581628367432652
0.0125997480050399,0.126957460850783
0.5173696526069479,0.3897122057558849
0.4462510749785005,0.5421491570168597
0.6968460630787384,0.7155656886862263
0.6418871622567549,0.8032439351212975
0.39421211575768483,0.3252534949301014
0.19653606927861444,0.22063558728825425
0.753604927901442,0.6661066778664427
0.30671386572268555,0.3421931561368773
0.4349313013739725,0.36681266374672505
0.8303033939321214,0.8857822843543129
0.9866202675946482,0.7721645567088659
0.5953480930381393,0.5182296354072918
0.497990040199196,0.7724845503089939
0.25673486530269396,0.21481570368592628
0.8593828123437531,0.7827243455130898
0.47165056698866026,0.44171116577668446
0.2398152036959261,0.2856942861142777
0.25377492450150996,0.25519489610207796
0.04039919201615968,0.046619067618647626
0.43391132177356456,0.5608487830243395
0.7875642487150257,0.8315633687326254
0.9566608667826644,0.7631447371052579
0.6225875482490351,0.9731605367892643
0.9747005059898802,0.9835203295934082
0.9053618927621447,0.8953220935581289
0.0867182656346873,0.09303813923721525
0.5612887742245155,0.5727285454290915
0.47011059778804426,0.8032639347213056
0.4781704365912682,0.5557488850222996
0.3555728885422292,0.3594528109437811
0.49127017459650807,0.4867302653946921
0.4660106797864043,0.500309993800124
0.17067658646827064,0.13371732565348693
0.9075418491630167,0.9021019579608408
0.4365112697746045,0.45787084258314836
0.18039639207215857,0.12421751564968701
0.8305633887322253,0.7084658306833863
0.12265754684906302,0.11715765684686306
0.26721465570688585,0.2140157196856063
0.12355752884942302,0.11095778084438311
0.6916661666766665,0.6823863522729545
0.7709245815083698,0.7152256954860903
0.9672406551868963,0.9683206335873283
0.9916801663966721,0.997020059598808
0.5629287414251715,0.5609887802243956
0.03853922921541569,0.04879902401951961
0.5567488650226996,0.5399892002159957
0.9653406931861364,0.9643407131857363
0.7147257054858903,0.7033659326813464
0.20555588888222237,0.27257454850902985
0.8141437171256575,0.8173236535269295
0.1660366792664147,0.1785564288714226
0.5298294034119317,0.07865842683146337
0.9840403191936161,0.9845603087938242
0.5578088438231236,0.5506289874202516
0.9751004979900403,0.9745005099898002
0.24929501409971802,0.2674546509069819
0.9433611327773445,0.9253614927701447
0.33143337133257333,0.31655366892662146
0.025699486010279795,0.02901941961160777
0.05943881122377553,0.057498850022999544
0.7121857562848743,0.7944041119177617
0.6768864622707547,0.7115257694846103
0.25703485930281395,0.18677626447471052
0.6310273794524109,0.24511509769804604
0.02757944841103178,0.03037939241215176
0.0755984880302394,0.1870162596748065
0.4024119517609648,0.377432451350973
0.18271634567308653,0.23567528649427014
0.41019179616407675,0.34349313013739724
0.5530289394212116,0.6378672426551469
0.20439591208175836,0.35079298414031723
0.49059018819623607,0.51114977700446
0.20575588488230237,0.2230955380892382
0.33375332493350135,0.4559708805823884
0.8311033779324414,0.8450630987380253
0.873542529149417,0.885062298754025
0.5536689266214676,0.3665326693466131
0.24827503449931002,0.22193556128877423
0.9889002219955602,0.9885802283954321
0.7350252994940102,0.7349853002939941
0.879042419151617,0.5726485470290594
0.6139477210455792,0.5813683726325474
0.04079918401631968,0.03979920401591968
0.6493670126597468,0.39407211855762886
0.052058958820823585,0.04455910881782364
0.4230315393692126,0.4891102177956441
0.17201655966880663,0.2687746245075099
0.874002519949601,0.9610007799844004
0.6619467610647787,0.507269854602908
0.4122117557648847,0.44627107457850845
0.6420271594568109,0.6837663246735065
0.5287294254114918,0.5303893922121558
0.0884782304353913,0.08963820723585529
0.7831443371132578,0.8183236335273295
0.1766964660706786,0.15647687046259076
0.6582668346633067,0.8655626887462251
0.9501409971800564,0.9656006879862403
0.37847243055138896,0.6077878442431152
0.14601707965840682,0.1876562468750625
0.18433631327373454,0.10791784164316715
0.377872442551149,0.3521329573408532
0.08505829883402333,0.09421811563768726
0.4008719825603488,0.12951740965180697
0.12345753084938302,0.09073818523629527
0.7473450530989381,0.5921681566368673
0.35789284214315714,0.42397152056958864
0.7862242755144897,0.7617247655046899
0.5663286734265315,0.5823483530329394
0.2592748145037099,0.12955740885182296
0.5673486530269395,0.5897682046359073
0.06389872202555949,0.04273914521709566
0.4917701645967081,0.36921261574768505
0.4920901581968361,0.4611107777844443
0.4048519029619408,0.3590528189436211
0.16153676926461472,0.014139717205655888
0.40717185656286875,0.373352532949341
0.744285114297714,0.7285854282914342
0.18069638607227856,0.36789264214715706
0.3657926841463171,0.42099158016839666
0.9563808723825524,0.9590808183836323
0.7708245835083298,0.7377052458950821
0.26993460130797386,0.3516329673406532
0.9291214175716486,0.9052418951620967
0.20683586328273434,0.2146357072858543
0.8212235755284895,0.8352832943341133
0.7010859782804344,0.5795684086318273
0.5626687466250675,0.4255114897702046
0.626847463050739,0.6362072758544829
0.19205615887682248,0.15887682246355073
0.253794924101518,0.28721425571488574
0.8075038499230016,0.7749445011099778
0.6644067118657627,0.5421291574168516
0.5230895382092359,0.45873082538349236
0.0757984840303194,0.11085778284434311
0.866882662346753,0.9226415471690567
0.35931281374372515,0.4731705365892682
0.15495690086198277,0.0867182656346873
0.24895502089958202,0.14149717005659887
0.7914241715165697,0.7336453270934582
0.5837883242335153,0.5721685566288675
0.626587468250635,0.6050878982420351
0.3604327913441731,0.3467130657386852
0.03893922121557569,0.07277854442911141
0.5467290654186916,0.5982880342393152
0.8970220595588089,0.9282214355712886
0.876062478750425,0.8736625267494651
0.6867862642747146,0.5739885202295955
0.3630727385452291,0.43575128497430055
0.8920821583568329,0.8980220395592089
0.2771144577108458,0.2745545089098218
0.3295134097318054,0.4017719645607088
0.7389652206955861,0.634847303053939
0.6467670646587068,0.5836483270334594
0.6504469910601788,0.7067258654826903
0.879722405551889,0.9506409871802565
0.6963660726785464,0.6109077818443631
0.9846603067938642,0.9819803603927921
0.624907501849963,0.6702665946681067
0.39763204735905283,0.873622527549449
0.6652466950660987,0.6504669906601869
0.1646367072658547,0.16929661406771865
0.0996580068398632,0.0373992520149597
0.3046739065218696,0.35887282254354913
0.017279654406911864,0.021799564008719827
0.3115537689246215,0.29681406371872565
0.5954680906381873,0.8031839363212736
0.9575408491830164,0.6742065158696826
0.6044079118417632,0.7488050238995221
0.40887182256354876,0.35633287334253316
0.47005059898802026,0.4232715345693086
0.025639487210255794,0.028659426811463773
0.5356092878142438,0.4757904841903162
0.0750784984300314,0.06987860242795145
0.23613527729445413,0.38019239615207695
0.18475630487390252,0.1637567248655027
0.3095338093238135,0.1514169716605668
0.8166836663266734,0.8081038379232416
0.7102857942841143,0.43291134177316454
0.5439291214175717,0.8060038799224016
0.48023039539209217,0.45593088138237237
0.756264874702506,0.7806643867122658
0.29289414211715764,0.30575388492230154
0.4214315713685726,0.33205335893282134
0.7205855882882343,0.6746265074698506
0.8182236355272895,0.8286034279314414
0.7388252234955301,0.8132637347253056
0.22239555208895823,0.3366532669346613
0.5655686886262274,0.6018279634407312
0.8053238935221296,0.8363032739345213
0.8638827223455531,0.8946421071578569
0.5916481670366592,0.4864502709945801
0.18325633487330253,0.17839643207135858
0.30547389052218954,0.38281234375312495
0.6210675786484271,0.6172276554468911
0.21059578808423832,0.20415591688166237
0.06497870042599148,0.07899842003159938
0.76032479350413,0.7598848023039539
0.3386332273354533,0.41967160656786867
0.20483590328193438,0.39623207535849286
0.039359212815743685,0.03391932161356773
0.07155856882862344,0.08171836563268735
0.03647927041459171,0.18269634607307855
0.3295534089318214,0.2773144537109258
0.6731265374692507,0.6555668886622268
0.9898602027959441,0.503829923401532
0.7314053718925622,0.6848863022739545
0.8397632047359053,0.8606627867442651
0.9030019399612008,0.7234055318893622
0.5366692666146677,0.5405891882162357
0.8566828663426732,0.9411811763764725
0.04241915161696766,0.007079858402831944
0.028379432411351775,0.029779404411911764
0.042059158816823664,0.05805883882322354
0.6612467750644987,0.7213855722885543
0.2024559508809824,0.501029979400412
0.6769464610707786,0.5652486950260995
0.23545529089418213,0.25477490450191
0.7940241195176097,0.8041239175216496
0.7357052858942822,0.7465250694986101
0.18273634527309454,0.2247555048899022
0.15753684926301476,0.2595748085038299
0.18459630807383853,0.2013959720805584
0.2761544769104618,0.2739945201095978
0.6446871062578748,0.5624087518249635
0.3874522509549809,0.7229655406891863
0.8923221535569289,0.8648427031459371
0.36857262854742906,0.4734705305893882
0.9524809503809925,0.9053818923621528
0.7424251514969701,0.47075058498830025
0.3518129637407252,0.41175176496470073
0.3254734905301894,0.17175656486870264
0.1908761824763505,0.10833783324333514
0.19535609287814246,0.43239135217295654
0.6541469170616588,0.9158616827663447
0.25687486250274993,0.21911561768764626
0.29339413211735765,0.3137337253254935
0.21941561168776624,0.13551728965420692
0.07781844363112737,0.08239835203295934
0.43611127777444453,0.3908521829563409
0.41563168736625267,0.49481010379792406
0.6556668866622668,0.6024079518409632
0.6260074798504031,0.5588288234235316
0.06647867042659147,0.06873862522749545
0.7315853682926342,0.5219295614087719
0.09023819523609528,0.1380572388552229
0.10281794364112717,0.08537829243415132
0.7333853322933541,0.6886862262754745
0.06117877642447151,0.05975880482390353
0.24397512049759007,0.382152356952861
0.6812663746725066,0.6082678346433071
0.7347053058938822,0.8631227375452492
0.9195416091678167,0.9209415811683767
0.36183276334473313,0.4237115257694846
0.3973720525589488,0.6095678086438271
0.4665306693866123,0.639107217855643
0.09295814083718326,0.10295794084118318
0.8624627507449851,0.9166016679666407
0.9110217795644088,0.9287814243715126
0.3125137497250055,0.7709845803083939
0.5462090758184837,0.37127257454850904
0.8149437011259775,0.7968840623187536
0.2804343913121738,0.3238535229295414
0.35429291414171715,0.40911181776364475
0.6808463830723386,0.751164976700466
0.2129757404851903,0.18461630767384654
0.8187836243275135,0.8440231195376092
0.33111337773244537,0.5134097318053639
0.008579828403431931,0.009799804003919922
0.9889202215955681,0.9907401851962961
0.5779884402311954,0.6839863202735945
0.0881382372352553,0.08185836283274335
0.35849283014339717,0.3378932421351573
0.8306233875322494,0.7983040339193216
0.17951640967180657,0.12123757524849503
0.374332513349733,0.15129697406051879
0.08643827123457531,0.11977760444791105
0.6619867602647947,0.627207455850883
0.8476430471390572,0.7946841063178737
0.48397032059358813,0.5216095678086439
0.8508829823403532,0.7676046479070419
0.07377852442951141,0.04377912441751165
0.8517829643407132,0.869602607947841
0.1879562408751825,0.126777464450711
0.2763544729105418,0.11709765804683907
0.09173816523669527,0.0619987600247995
0.9883002339953201,0.9857602847943041
0.879382412351753,0.888262234755305
0.06857862842743145,0.07181856362872743
0.9267814643707126,0.9810403791924162
0.7913041739165217,0.7069658606827863
0.5178896422071558,0.7005659886802265
0.6837063258734826,0.629627407451851
0.4361712765744685,0.49979000419991604
0.8222235555288895,0.8108037839243215
0.9821003579928401,0.9809803803923922
0.05409891802163957,0.07587848243035139
0.7802243955120898,0.6773664526709466
0.34993300133997324,0.6713465730685386
0.17211655766884662,0.13911721765564689
0.14005719885602289,0.2264154716905662
0.2398752024959501,0.1872562548749025
0.749785004299914,0.7746445071098579
0.99530009399812,0.9941801163976721
0.9278214435711286,0.9270414591708166
0.5261694766104678,0.5407291854162917
0.2606547869042619,0.32421351572968543
0.11889762204755905,0.1373572528549429
0.500209995800084,0.5366292674146518
0.07441851162976741,0.2019359612807744
0.9366612667746645,0.881442371152577
0.1655766884662307,0.17967640647187058
0.48545029099418013,0.41931161376772463
0.7691446171076579,0.744065118697626
0.9885602287954242,0.8158836823263536
0.9112817743645127,0.8385632287354253
0.29637407251854964,0.32833343333133336
0.7088058238835223,0.2019959600807984
0.501709965800684,0.6385472290554189
0.9400411991760165,0.9458210835783285
0.32119357612847743,0.5957480850382992
0.619527609447811,0.5996680066398672
0.4506309873802524,0.4392312153756925
0.20699586008279836,0.622427551448971
0.7183456330873382,0.6912861742765145
0.5335093298134037,0.5344093118137637
0.5998080038399233,0.5279694406111878
0.9772604547909042,0.9787804243915122
0.4911101777964441,0.4401111977760445
0.023499530009399812,0.02015959680806384
0.5020499590008201,0.7649847003059939
0.506569868602628,0.4655306893862123
0.37319253614927705,0.3153136937261255
0.7276054478910422,0.6876662466750665
0.43403131937361256,0.16923661526769465
0.5931281374372512,0.6148877022459551
0.6200275994480111,0.6423271534569309
0.36965260694786106,0.39465210695786085
0.19593608127837445,0.23279534409311814
0.08295834083318333,0.0877582448351033
0.06963860722785545,0.011019779604407913
0.1877962440751185,0.17871642567148657
0.6967460650786984,0.6807063858722826
0.6507669846603068,0.6025279494410112
0.9202815943681126,0.9142217155656888
0.6397072058558829,0.6927861442771145
0.45881082378352434,0.4533909321813564
0.4009319813603728,0.38305233895322094
0.5473490530189397,0.6047479050418992
0.5972880542389153,0.624247515049699
0.6427271454570909,0.6144677106457871
0.5920881582368352,0.5465090698186037
0.19567608647827045,0.2260954780904382
0.9786404271914562,0.9818403631927362
0.23215535689286215,0.25005499890002203
0.9749805003899923,0.9654406911861763
0.8165436691266175,0.46245075098498034
0.09447811043779125,0.05485890282194356
0.2677546449071019,0.23235535289294215
0.4900501989960201,0.501969960600788
0.48419031619367614,0.5666686666266675
0.05475890482190356,0.06375872482550349
0.8108837823243535,0.6621667566648667
0.41945161096778066,0.5406291874162517
0.7411651766964661,0.6999260014799704
0.6228075438491231,0.5520689586208276
0.1915361692766145,0.40437191256174876
0.08965820683586329,0.06411871762564748
0.43655126897462054,0.376252474950501
0.43197136057278857,0.09719805603887922
0.5825883482330354,0.6425671486570269
0.3107337853242935,0.5036499270014599
0.6531669366612668,0.6558068838623228
0.6367672646547069,0.7894442111157777
0.024499510009799805,0.022999540009199817
0.0502989940201196,0.03921921561568769
0.47321053578928424,0.44903101937961243
0.7288854222915542,0.8552228955420892
0.3880922381552369,0.8240635187296255
0.13487730245395094,0.29683406331873363
0.40859182816343675,0.41707165856682865
0.8965820683586329,0.9131617367652647
0.11783764324713507,0.2101157976840463
0.6698066038679227,0.6497270054598908
0.6710665786684267,0.8582028359432812
0.7228255434891302,0.7729645407091859
0.1499170016599668,0.3260134797304054
0.30889382212355754,0.3140537189256215
0.40419191616167677,0.3237735245295094
0.25875482490350193,0.36149277014459713
0.24275514489710207,0.2887142257154857
0.6722065558688827,0.6794864102717946
0.09517809643807124,0.04829903401931961
0.08991820163596728,0.05155896882062359
0.09237815243695126,0.15609687806243874
0.3540929181416372,0.6634467310653788
0.9526409471810564,0.9132617347653047
0.9378012439751205,0.999880002399952
0.6075678486430272,0.6482070358592829
0.016779664406711865,0.01873962520749585
0.8030839383212336,0.21945561088778226
0.2609547809043819,0.25993480130397395
0.02781944361112778,0.5364292714145718
0.27125457490850186,0.2145757084858303
0.6405271894562109,0.6145877082458351
0.249335013299734,0.16733665326693467
0.8125837483250336,0.6662666746665067
0.7441451170976581,0.7359652806943862
0.8000839983200336,0.6953660926781464
0.19475610487790246,0.03685926281474371
0.625187496250075,0.620667586648267
0.4265314693706126,0.5465690686186276
0.9742205155896883,0.9788604227915442
0.499090018199636,0.4031319373612528
0.5599888002239956,0.6187676246475071
0.5787484250314994,0.6043679126417472
0.12397752044959101,0.24605507889842204
0.2768744625107498,0.31179376412471754
0.014099718005639889,0.012259754804903902
0.7234255314893703,0.7951640967180656
0.3138337233255335,0.8052038959220816
0.027499450010999783,0.02247955040899182
0.8734425311493771,0.8974620507589849
0.3069738605227896,0.3210335793284134
0.10747785044299114,0.15333693326133477
0.9285414291714166,0.9747405051898962
0.16551668966620667,0.3911321773564529
0.9901201975960481,0.9928201435971281
0.09439811203775925,0.11133777324453512
0.9093018139637208,0.8914421711565769
0.7714245715085698,0.75312493750125
0.34515309693806123,0.4102717945641087
0.2151156976860463,0.29813403731925364
0.15519689606207876,0.24271514569708608
0.6870462590748185,0.6006879862402752
0.1636567268654627,0.1623367532649347
0.9105817883642328,0.876102477950441
0.30935381292374153,0.372712545749085
0.8014639707205856,0.8315833683326334
0.3099338013239735,0.1875962480750385
0.4260314793704126,0.3531129377412452
0.9958400831983361,0.9951200975980481
0.09837803243935121,0.08585828283434331
0.09783804323913523,0.0752984940301194
0.5554688906221876,0.6137477250454991
0.8686626267474651,0.8303633927321454
0.19417611647767044,0.3090338193236135
0.5597488050238996,0.5342093158136837
0.625227495450091,0.7163856722865543
0.6424871502569949,0.5568288634227315
0.8349633007339854,0.8252434951300974
0.9853602927941442,0.998820023599528
0.5872082558348833,0.6112477750444991
0.6008879822403552,0.6657266854662907
0.7847443051138977,0.752744945101098
0.3265134697306054,0.22845543089138218
0.4404111917761645,0.4636307273854523
0.49499010019799605,0.5896482070358593
0.4031519369612608,0.4242515149697006
0.872142557148857,0.9050618987620248
0.29413411731765365,0.30865382692346155
0.4783304333913322,0.4259514809703806
0.16819663606727867,0.3001139977200456
0.7307453850922981,0.4400311993760125
0.33609327813443735,0.4244115117697646
0.497010059798804,0.42815143697126057
0.756644867102658,0.7979840403191937
0.5608887822243556,0.4859702805943881
0.13989720205595887,0.12363752724945501
0.4645507089858203,0.5424691506169876
0.058118837623247536,0.13465730685386293
0.868122637547249,0.9157616847663047
0.7440451190976181,0.9099618007639848
0.6055478890422191,0.6896662066758665
0.7392052158956821,0.6941661166776665
0.512529749405012,0.503869922601548
0.745905081898362,0.6984860302793945
0.40637187256254875,0.3406531869362613
0.4488310233795324,0.47001059978800425
0.9381612367752645,0.9310413791724166
0.1778764424711506,0.4627307453850923
0.5208295834083319,0.3556928861422772
0.381072378552429,0.4578508429831403
0.24333513329733406,0.6558268834623308
0.15893682126357472,0.3025539489210216
0.3321333573328534,0.34809303813923725
0.20461590768184637,0.03879922401551969
0.29329413411731764,0.10143797124057519
0.7780644387112258,0.7785044299114018
0.4504109917801644,0.49649007019859603
0.8450030999380013,0.8317833643327134
0.20767584648307036,0.5436691266174677
0.8952620947581049,0.878022439551209
0.7788444231115378,0.8318433631327373
0.027539449211015782,0.03525929481410372
0.7261854762904743,0.996540069198616
0.032099358012839745,0.04893902121957561
0.3365732685346293,0.375132497350053
0.9913201735965281,0.9917001659966801
0.9778604427911443,0.9801003979920402
0.36137277254454914,0.43125137497250055
0.9027419451610968,0.9162816743665128
0.2266754664906702,0.5211895762084758
0.43085138297234055,0.49167016659666807
0.1385172296554069,0.1983360332793344
0.8863822723545529,0.9304013919721605
0.36211275774484514,0.35615287694246117
0.34553308933821325,0.3285734285314294
0.875442491150177,0.9405411891762165
0.21227575448491032,0.17361652766944663
0.3679326413471731,0.5326293474130518
0.2906741865162697,0.5501489970200596
0.4320713585728286,0.2985540289194216
0.2387152256954861,0.28157436851262974
0.039239215215695684,0.03635927281454371
0.9065418691626168,0.9000819983600328
0.12993740125197498,0.13423731525369492
0.14335713285734286,0.249535009299814
0.6135077298454031,0.7746245075098498
0.4384312313753725,0.3508729825403492
0.8487830243395132,0.8029639407211856
0.6635067298654027,0.7310653786924262
0.7979840403191937,0.875342493150137
0.4128117437651247,0.6775664486710266
0.21055578888422233,0.18369632607347855
0.3850122997540049,0.23349533009339815
0.07955840883182337,0.2895942081158377
0.26825463490730184,0.25847483050338993
0.5135097298054039,0.5346493070138597
0.4379512409751805,0.44913101737965244
0.8216235675286494,0.8216635667286655
0.4809503809923802,0.48185036299274014
0.8377032459350813,0.8501229975400493
0.7467450650986981,0.627267454650907
0.47137057258854825,0.6633667326653467
0.3669926601467971,0.29047419051618967
0.052558948821023584,0.04665906681866363
0.43673126537469253,0.5277294454110918
0.0992980140397192,0.18053638927221458
0.9274614507709846,0.9293014139717206
0.9762004759904802,0.9843003139937202
0.7364252714945702,0.33145337093258137
0.8398832023359533,0.8895022099558009
0.3340733185336293,0.3095338093238135
0.629907401851963,0.624567508649827
0.9793404131917361,0.9796604067918642
0.6857462850742986,0.7490450190996181
0.16545669086618267,0.11941761164776706
0.3243535129297414,0.376372472550549
0.5495690086198276,0.1854162916741665
0.3924921501569969,0.4258914821703566
0.7027859442811144,0.30689386212275754
0.6456270874582508,0.9420011599768005
0.08475830483390333,0.16155676886462272
0.7898642027159457,0.7792644147117058
0.1530569388612228,0.13331733365332693
0.1506769864602708,0.13021739565208695
0.35611287774244516,0.380372392552149
0.6985660286794264,0.6949661006779865
0.001759964800703986,0.002019959600807984
0.8884422311553769,0.9088218235635288
0.9354612907741845,0.9229615407691847
0.45817083658326835,0.2814743705125898
0.7184056318873623,0.7215055698886023
0.017159656806863863,0.012079758404831904
0.9888202235955281,0.9904801903961921
0.6326273474530509,0.7697646047079059
0.22061558768824624,0.6533269334613307
0.5785084298314034,0.8740225195496091
0.050538989220215595,0.250754984900302
0.6241675166496671,0.46951060978780423
0.030019399612007763,0.03639927201455971
0.7388652226955461,0.6714265714685707
0.377632447351053,0.4406111877762445
0.49569008619827604,0.5298894022119558
0.9197016059678806,0.9082618347633048
0.7758644827103458,0.75902481950361
0.7133857322853543,0.7353452930941381
0.05169896602067959,0.07049859002819944
0.4169716605667887,0.4403511929761405
0.9906801863962721,0.9897202055958881
0.42121157576848467,0.37549249015019703
0.24835503289934202,0.252554948901022
0.8713025739485211,0.8625027499450011
0.03643927121457571,0.022939541209175816
0.4480110397792044,0.5729485410291795
0.8022239555208897,0.8663426731465371
0.7222655546889063,0.6898862022759545
0.8619027619447611,0.6540069198616028
0.5308493830123397,0.5423691526169476
0.48229035419291616,0.44873102537949244
0.125377492450151,0.10463790724185516
0.9589208215835684,0.9645007099858003
0.6322873542529149,0.5830283394332113
0.39683206335873283,0.2644947101057979
0.7325253494930102,0.7095658086838263
0.1493170136597268,0.07961840763184737
0.2271754564908702,0.21915561688766225
0.5658686826263475,0.4829503409931801
0.8416231675366493,0.8466830663386733
0.2242355152896942,0.5898482030359393
0.41791164176716467,0.250594988100238
0.9968400631987361,0.9988000239995201
0.9811803763924721,0.9836003279934402
0.4405111897762045,0.5129497410051799
0.1401371972560549,0.07769844603107938
0.1742165156696866,0.17103657926841465
0.9426811463770725,0.9163616727665447
0.7319653606927862,0.75502489950201
0.6562068758624827,0.6661866762664747
0.0503789924201516,0.04797904041919162
0.1477970440591188,0.14195716085678287
0.2386152276954461,0.23271534569308613
0.6931261374772505,0.7762844743105138
0.6150476990460191,0.6499870002599948
0.11703765924681507,0.11735765284694306
0.1993960120797584,0.3472130557388852
0.6727465450690986,0.7081058378832423
0.4468710625787484,0.44159116817663646
0.9625007499850003,0.9511609767804644
0.15751684966300675,0.127157456850863
0.8369432611347773,0.8228035439291215
0.9793204135917282,0.9779804403911923
0.9203015939681207,0.8888022239555209
0.9382612347753045,0.9042619147617048
0.3060538789224216,0.3139337213255735
0.8992020159596809,0.9019019619607608
0.6739065218695627,0.7959240815183697
0.7437651246975061,0.7643647127057459
0.4440711185776285,0.24387512249755006
0.20475590488190237,0.3648727025459491
0.03567928641427172,0.03637927241455171
0.5985880282394352,0.6117077658446831
0.5567888642227156,0.5308893822123558
0.618627627447451,0.5839083218335633
0.1751764964700706,0.23105537889242217
0.8029439411211776,0.7338253234935301
0.4686506269874603,0.5076498470030599
0.7359652806943862,0.4630507389852203
0.7423651526969461,0.7288654226915462
0.7242255154896903,0.6829463410731785
0.5233495330093398,0.5198096038079238
0.39197216055678885,0.2876342473150537
0.5651486970260595,0.5784484310313794
0.7650446991060179,0.8235635287294254
0.9050418991620168,0.8617427651446972
0.127957440851183,0.1390172196556069
0.3107537849243015,0.18591628167436652
0.49367012659746806,0.7660846783064339
0.1351572968540629,0.11905761884762305
0.2277554448911022,0.4377712445751085
0.33689326213475734,0.8726425471490571
0.3896122077558449,0.32461350772984543
0.3174336513269735,0.3863722725545489
0.8568828623427531,0.8448631027379453
0.5604287914241716,0.7278054438911222
0.15717685646287075,0.10801783964320714
0.37119257614847706,0.47041059178816425
0.27841443171136576,0.20715585688286234
0.124997500049999,0.14245715085698288
0.34435311293774123,0.3150536989260215
0.6638067238655228,0.46853062938741225
0.14837703245935083,0.13299734005319894
0.38393232135357297,0.3670126597468051
0.1402171956560869,0.08209835803283935
0.32151356972860545,0.29099418011639766
0.621707565848683,0.5425491490170197
0.8194636107277855,0.753364932701346
0.8694426111477771,0.9266814663706726
0.17645647087058258,0.22173556528869423
0.20377592448151038,0.20767584648307036
0.14099718005639889,0.09785804283914322
0.5002499950001,0.5395692086158277
0.5623487530249395,0.5249895002099958
0.7412251754964901,0.621007579848403
0.7019059618807624,0.7259654806903862
0.9272414551708966,0.9007219855602888
0.254494910101798,0.3004139917201656
0.5180896382072359,0.6898662026759466
0.8094038119237615,0.8357632847343054
0.4376712465750685,0.5291694166116678
0.7756844863102739,0.47281054378912424
0.7703445931081379,0.9547609047819043
0.9490010199796004,0.9550008999820004
0.4171916561668767,0.44079118417631646
0.5505689886202276,0.5628887422251555
0.2808943821123578,0.22927541449171018
0.9895802083958322,0.9898002039959202
0.10301793964120717,0.18465630687386253
0.2362152756944861,0.2826743465130698
0.744545109097818,0.7917241655166897
0.36865262694746104,0.39503209935801287
0.5299094018119638,0.27067458650826987
0.20727585448291036,0.33191336173276537
0.6704665906681867,0.754744905101898
0.9508809823803525,0.9594208115837684
0.8552028959420812,0.8492630147397052
0.7316053678926422,0.6893662126757465
0.7315653686926262,0.5784684306313874
0.3094738105237895,0.3021339573208536
0.08695826083478331,0.2745345093098138
0.8563628727425452,0.9100017999640008
0.5208095838083239,0.5235695286094278
0.09057818843623128,0.24731505369892604
0.4259114817703646,0.5932481350372992
0.043199136017279656,0.04897902041959161
0.4586508269834603,0.1664366712665747
0.5413691726165477,0.5785684286314274
0.9005219895602088,0.9559208815823684
0.8287434251314973,0.8211035779284415
0.00749985000299994,0.015519689606207877
0.9624207515849683,0.23121537569248615
0.74622507549849,0.6738865222695546
0.7890442191156177,0.7726845463090738
0.7240455190896182,0.7045259094818104
0.8554428911421772,0.878742425151497
0.9713605727885443,0.9731005379892402
0.11817763644727106,0.20555588888222237
0.513089738205236,0.3696326073478531
0.9319813603727926,0.9105817883642328
0.3631727365452691,0.31707365852682945
0.2263754724905502,0.24441511169776606
0.23173536529269415,0.14603707925841483
0.4911301773964521,0.500489990200196
0.6462270754584909,0.5275094498110038
0.9487810243795124,0.9588408231835364
0.032319353612927745,0.05453890922181556
0.7466250674986501,0.7319053618927621
0.2647747045059099,0.19455610887782246
0.0051998960020799585,0.5321693566128678
0.9128617427651448,0.9135817283654327
0.37423251534969304,0.7007859842803145
0.9280414391712166,0.9491010179796404
0.17255654886902264,0.16627667446651068
0.6060278794424112,0.7944841103177936
0.7743245135097299,0.5483890322193556
0.9082618347633048,0.9172216555668887
0.9581408371832564,0.9517409651806964
0.376392472150557,0.32061358772824544
0.3621327573448531,0.3564928701425972
0.9897402051958961,0.9899002019959601
0.5600087998240035,0.5913081738365233
0.9146417071658567,0.9200615987680246
0.3668926621467571,0.38373232535349294
0.3479730405391892,0.2854742905141897
0.626767464650707,0.5408691826163476
0.9720405591888163,0.9573608527829444
0.02403951920961581,0.020659586808263835
0.7245055098898022,0.7091458170836583
0.5861482770344594,0.6130677386452271
0.2860942781144377,0.251814963700726
0.3039339213215736,0.10273794524109518
0.33867322653546933,0.43273134537309255
0.880722385552289,0.8703425931481371
0.42615147697046063,0.5507089858202836
0.42179156416871666,0.4772304553908922
0.5630887382252355,0.5463290734185317
0.7144857102857943,0.5648487030259395
0.3402931941361173,0.29881402371952565
0.32033359332813344,0.31973360532789347
0.1756764864702706,0.25749485010299794
0.9560808783824324,0.9519609607807844
0.870082598348033,0.9208415831683366
0.17007659846803064,0.1479370412591748
0.7176656466870663,0.7569248615027699
0.7351252974940501,0.7466250674986501
0.4783904321913562,0.6401071978560429
0.5643287134257315,0.6163076738465231
0.7727245455090899,0.6797264054718906
0.09147817043659127,0.08001839963200737
0.43867122657546853,0.35653286934261313
0.6587468250634988,0.619427611447771
0.2403951920961581,0.25509489810203795
0.20665586688266235,0.7013259734805304
0.03877922441551169,0.014579708405831884
0.000999980000399992,0.0012199756004879904
0.3013339733205336,0.43331133377332454
0.020479590408191837,0.03295934081318374
0.25909481810363794,0.25771484570308595
0.7790444191116178,0.7941041179176417
0.38391232175356493,0.9632407351852963
0.7403851922961541,0.7367652646947062
0.9709605807883843,0.9705405891882163
0.4148517029659407,0.4023719525609488
0.8718425631487371,0.8664826703465931
0.4246315073698526,0.38099238015239695
0.3045739085218296,0.3605327893442131
0.4900101997960041,0.49687006259874805
0.8174636507269855,0.7997640047199056
0.5568888622227556,0.44931101377972443
0.07631847363052739,0.08923821523569529
0.9890402191956161,0.9904001919961601
0.45285094298114037,0.5595488090238195
0.39835203295934085,0.33363332733345336
0.6665466690666186,0.4924301513969721
0.6917861642767145,0.7282454350912982
0.746445071098578,0.7355252894942101
0.5171496570068599,0.47755044899102017
0.20373592528149437,0.18197636047279056
0.026759464810703786,0.032319353612927745
0.4367512649747005,0.43309133817323653
0.6762264754704906,0.6356072878542429
0.8495230095398092,0.8340633187336254
0.507909841803164,0.4231515369692606
0.09775804483910322,0.05461890762184757
0.009819803603927922,0.007199856002879943
0.5819483610327794,0.28675426491470174
0.2380352392952141,0.20977580448391034
0.6523269534609308,0.9098418031639367
0.47247055058898824,0.4279314413711726
0.4301913961720766,0.14829703405931882
0.2135357292854143,0.22337553248935021
0.9678606427871443,0.9612007759844804
0.44669106617867643,0.45753084938301236
0.7940441191176176,0.7987640247195056
0.5284494310113798,0.752364952700946
0.635427291454171,0.6749665006699866
0.6227875442491151,0.3409731805363893
0.6398072038559229,0.6997660046799065
0.24563508729825403,0.2280754384912302
0.9837803243935122,0.9828003439931202
0.8386432271354574,0.878382432351353
0.2826743465130698,0.26919461610767786
0.6066078678426432,0.3629927401451971
0.4789904201915962,0.4372512549749005
0.5361692766144678,0.35975280494390116
0.39591208175836484,0.4034719305613888
0.7716645667086659,0.7823243535129297
0.6873662526749466,0.6774064518709626
0.755544889102218,0.7939641207175857
0.7839243215135697,0.7649047019059619
0.48749025019499614,0.27217455650886985
0.7963440731185376,0.6747665046699066
0.7810643787124257,0.744545109097818
0.48457030859382816,0.5195096098078038
0.9706605867882643,0.9501809963800725
0.6595068098638027,0.7348653026939461
0.3917721645567089,0.4380512389752205
0.2011759764804704,0.14697706045879083
0.4111917761644767,0.5566288674226516
0.873162536749265,0.39343213135737287
0.9261814763704727,0.9154416911661767
0.4726505469890602,0.2618947621047579
0.009299814003719925,0.010339793204135918
0.4661306773864523,0.32883342333153337
0.9347813043739126,0.9566808663826724
0.9527209455810884,0.7183256334873303
0.7226855462890742,0.7135257294854103
0.06129877402451951,0.05561888762224756
0.6040079198416032,0.4520309593808124
0.13191736165276696,0.1394772104557909
0.29841403171936565,0.2774344513109738
0.6849863002739945,0.6443671126577468
0.06685866282674346,0.12805743885122298
0.6782464350712986,0.2753344933101338
0.9737605247895043,0.9656206875862483
0.38367232655346895,0.5998880022399552
0.508829823403532,0.7149057018859623
0.043059138817223654,0.8600827983440331
0.43483130337393255,0.35929281414371717
0.9477610447791045,0.9428611427771445
0.5266694666106678,0.5500689986200277
0.7706445871082579,0.4683106337873243
0.21533569328613428,0.4332713345733086
0.5087098258034839,0.4656306873862523
0.43461130777384455,0.4242315153696926
0.7279254414911702,0.5171896562068758
0.21149577008459833,0.37251254974900505
0.3659126817463651,0.41871162576748466
0.6091878162436751,0.49173016539669206
0.022859542809143818,0.026799464010719788
0.7992040159196816,0.6827063458730825
0.15871682566348674,0.14017719645607088
0.7767644647107058,0.6882462350752985
0.2879342413151737,0.21861562768744625
0.5429491410171797,0.42005159896802063
0.8582228355432892,0.8450030999380013
0.15625687486250275,0.22227555448891023
0.8284434311313774,0.8246635067298654
0.498230035399292,0.4534309313813724
0.7142057158856823,0.751964960700786
0.3370332593348133,0.31945361092778146
0.256314873702526,0.2108557828843423
0.18957620847583048,0.10895782084358313
0.7343853122937541,0.7374252514949702
0.754184916301674,0.499070018599628
0.39219215615687686,0.8908421831563369
0.5496890062198756,0.4404911901761965
0.9567808643827124,0.9439811203775925
0.2259354812903742,0.1901961960760785
0.7375652486950262,0.7919441611167777
0.4385512289754205,0.3474530509389812
0.0756584868302634,0.2714145717085658
0.20441591168176637,0.23351532969340613
0.14901701965960681,0.12833743325133498
0.9955000899982,0.995180096398072
0.06539869202615949,0.09709805803883922
0.8118437631247375,0.7099058018839624
0.9112217755644887,0.9023019539609208
0.6660266794664107,0.6778064438711227
0.879782404351913,0.7951440971180577
0.7841043179136418,0.7831043379132417
0.11103777924441512,0.10699786004279915
0.4766104677906442,0.40903181936361277
0.125957480850383,0.10423791524169516
0.5405891882162357,0.5389492210155797
0.620907581848363,0.628447431051379
0.36953260934781307,0.34153316933661326
0.0507789844203116,0.04271914561708766
0.9160016799664007,0.9296014079718405
0.8651226975460491,0.3487730245395092
0.5816083678326434,0.4181716365672687
0.44609107817843646,0.4489910201795964
0.49885002299954,0.5628087438251235
0.011059778804423912,0.012999740005199897
0.30819383612327755,0.5261094778104438
0.7423051538969221,0.7875242495150098
0.6470670586588269,0.35977280454390914
0.4657306853862923,0.3652326953460931
0.19915601687966242,0.3372932541349173
0.9723805523889523,0.753144937101258
0.9444411111777765,0.9278214435711286
0.6436271274574509,0.6165476690466191
0.09199816003679927,0.02369952600947981
0.9418011639767205,0.9278614427711446
0.5676886462270755,0.5759684806303874
0.6774464510709786,0.5815083698326033
0.016759664806703867,0.012319753604927902
0.9123417531649367,0.7900441991160178
0.0029199416011679766,0.005439891202175957
0.5411491770164597,0.9303813923721526
0.6551468970620588,0.8641627167456651
0.06039879202415952,0.06673866522669547
0.7465450690986181,0.7713245735085299
0.42239155216895663,0.4015519689606208
0.2156356872862543,0.4621907561848763
0.4063918721625568,0.4751104977900442
0.2803343933121338,0.1390972180556389
0.4930301393972121,0.36119277614447715
0.43153136937261255,0.1999160016799664
0.9544209115817684,0.9423811523769525
0.20357592848143038,0.4821503569928602
0.7984040319193616,0.7870842583148338
0.9327013459730805,0.9503609927801444
0.9821403571928562,0.9790604187916242
0.2880342393152137,0.4016319673606528
0.8024439511209777,0.7006859862802745
0.8647227055458891,0.8952820943581129
0.41317173656526873,0.39287214255714886
0.5593288134237315,0.41827163456730865
0.13349733005339895,0.13751724965500692
0.4786504269914602,0.5409091818163637
0.18703625927481451,0.5761884762304754
0.10967780644387112,0.08079838403231936
0.5299494010119797,0.4925701485970281
0.8486830263394732,0.8230035399292015
0.8036639267214656,0.7035659286814264
0.5773084538309234,0.5752084958300834
0.43409131817363655,0.4517309653806924
0.4637307253854923,0.628107437851243
0.49053018939621207,0.5427891442171157
0.5530089398212036,0.5259094818103638
0.39431211375772485,0.5062498750025
0.3027939441211176,0.29859402811943764
0.6538069238615228,0.08075838483230335
0.7356252874942502,0.4930101397972041
0.2236955260894782,0.24589508209835803
0.03161936761264775,0.023259534809303813
0.38619227615447693,0.29283414331713364
0.625247495050099,0.637967240655187
0.9799204015919682,0.9755004899902002
0.3990120197596048,0.46937061258774826
0.15785684286314275,0.05653886922261555
0.6717465650686987,0.7197456050878983
0.8351032979340414,0.7716445671086578
0.34215315693686127,0.22699546009079818
0.7517849643007141,0.7137457250854983
0.5086898262034759,0.4819303613927722
0.8493630127397452,0.8243835123297535
0.250554988900222,0.34519309613807725
0.7189856202875943,0.7886442271154577
0.626087478250435,0.6592068158636828
0.39271214575708485,0.4712305753884922
0.9023619527609448,0.8901821963560729
0.749445011099778,0.7896242075158497
0.5245495090098198,0.5293494130117398
0.11927761444771105,0.125037499250015
0.374672506549869,0.4130917381652367
0.4738705225895482,0.5903281934361313
0.8900821983560329,0.8721825563488731
0.9495210095798085,0.6019479610407792
0.5739085218295634,0.5798284034319314
0.9718005639887203,0.9535809283814324
0.9470610587788244,0.3983320333593328
0.45801083978320434,0.4026119477610448
0.506429871402572,0.4495510089798204
0.9464810703785924,0.9298214035719286
0.627287454250915,0.628387432251355
0.11661766764664708,0.09479810403791925
0.08375832483350333,0.1492570148597028
0.31123377532449353,0.36697266054678906
0.38203235935281293,0.40351192976140476
0.4654106917861643,0.01503969920601588
0.7397252054958902,0.7858042839143218
0.8354232915341694,0.8330433391332174
0.5158096838063239,0.5681886362272754
0.8569228615427692,0.5822883542329154
0.4578508429831403,0.6909861802763945
0.0749385012299754,0.07673846523069539
0.3011139777204456,0.25679486410271796
0.7418451630967381,0.7209655806883862
0.29509409811803766,0.5639487210255795
0.4741905161896762,0.5624487510249795
0.4142717145657087,0.4608307833843323
0.6720465590688186,0.6406471870562589
0.2796544069118618,0.25353492930141397
0.6476470470590588,0.5869282614347713
0.5328493430131398,0.6005279894402112
0.08073838523229536,0.09453810923781525
0.9908801823963521,0.9889002219955602
0.7819643607127857,0.7610647787044259
0.4494310113797724,0.874742505149897
0.9734805303893922,0.9690206195876083
0.6056878862422752,0.7065858682826344
0.5631687366252676,0.4271714565708686
0.38531229375412496,0.40621187576248474
0.6753664926701466,0.4534109317813644
0.1995160096798064,0.20535589288214237
0.9704805903881922,0.9733205335893282
0.6167676646467071,0.6190076198476031
0.7436651266974661,0.757944841103178
0.8639027219455612,0.885402291954161
0.4028519429611408,0.3608327833443331
0.7187656246875063,0.6350272994540109
0.6128277434451311,0.5470890582188357
0.3476130477390452,0.35479290414191716
0.7390652186956261,0.757144857102858
0.22947541049179018,0.3989120217595648
0.3264934701305974,0.4612907741845163
0.35555288894222115,0.10587788244235116
0.4778504429911402,0.4733505329893402
0.8869622607547849,0.8385832283354333
0.9936401271974561,0.9925601487970241
0.11787764244715106,0.09861802763944721
0.8554228915421692,0.8259634807303854
0.6058478830423392,0.621507569848603
0.7272454550908982,0.5995280094398112
0.9137817243655127,0.8649827003459931
0.7804843903121937,0.7275454490910183
0.4561308773824524,0.35907281854362916
0.6437471250574989,0.3595728085438291
0.377232455350893,0.2645547089058219
0.4823303533929322,0.0881582368352633
0.9477410451790964,0.9393212135757285
0.03407931841363173,0.31677366452670946
0.5124697506049879,0.49613007739845205
0.13461730765384694,0.1371372572548549
0.6053478930421392,0.5496890062198756
0.9042019159616808,0.8015439691206176
0.48337033259334816,0.4268114637707246
0.6230475390492191,0.6932661346773065
0.881862362752745,0.8469430611387773
0.9409811803763926,0.9404811903761925
0.5720485590288195,0.6777864442711146
0.6893662126757465,0.5834683306333873
0.5272894542109158,0.49743005139897206
0.06517869642607148,0.05481890362192756
0.07877842443151137,0.12961740765184696
0.3047539049219016,0.3122337553248935
0.9418211635767285,0.9348413031739365
0.7917241655166897,0.7698046039079218
0.4735705285894282,0.4249715005699886
0.9617807643847124,0.9668406631867363
0.7196656066878663,0.6672666546669067
0.22177556448871025,0.3593928121437571
0.09911801763964721,0.4515509689806204
0.5990280194396113,0.5262094758104838
0.7917641647167057,0.6945661086778264
0.36977260454790906,0.42455150896982063
0.20949581008379833,0.498890022199556
0.33325333493330134,0.2759944801103978
0.7043259134817303,0.6571468570628588
0.4505509889802204,0.4653906921861563
0.14513709725805485,0.13481730365392694
0.7353652926941462,0.7241855162896742
0.05187896242075159,0.06005879882402352
0.2883142337153257,0.2259154816903662
0.08481830363392732,0.05797884042319154
0.20395592088158238,0.15869682606347874
0.14849703005939882,0.18449631007379852
0.06719865602687947,0.08983820323593529
0.9779604407911842,0.9688406231875363
0.19379612407751845,0.08073838523229536
0.9519409611807764,0.888842223155537
0.6829863402731946,0.6875862482750346
0.5465890682186356,0.17285654286914262
0.7895442091158177,0.3186936261274775
0.8545229095418092,0.8312833743325134
0.011999760004799905,0.005399892002159957
0.8259834803303934,0.7400051998960021
0.4196116077678447,0.48091038179236417
0.5405491890162197,0.50464990700186
0.31919361612767744,0.30753384932301353
0.16481670366592668,0.14581708365832685
0.9223415531689366,0.8966620667586649
0.09479810403791925,0.0764584708305834
0.9608207835843283,0.9613607727845443
0.05265894682106358,0.058318833623327536
0.631307373852523,0.882422351552969
0.5231695366092678,0.30587388252234954
0.7830243395132097,0.627647447051059
0.5839883202335954,0.6976860462790745
0.1992760144797104,0.16467670646587068
0.6583268334633308,0.6897062058758825
0.1511769764604708,0.25777484450310995
0.08551828963420732,0.01849963000739985
0.36799264014719707,0.3983920321593568
0.626127477450451,0.4676306473870523
0.11105777884442311,0.16797664046719066
0.0383792324153517,0.0742985140297194
0.11145777084458311,0.19781604367912642
0.04425911481770365,0.06169876602467951
0.7603847923041539,0.7312653746925062
0.5241495170096598,0.4872502549949001
0.9111617767644647,0.8481230375392492
0.20917581648367034,0.19165616687666248
0.2390152196956061,0.3077738445231096
0.12467750644987101,0.18443631127377452
0.504669906601868,0.31735365292694145
0.19851602967940643,0.0745585088298234
0.9240615187696246,0.8990820183596329
0.002759944801103978,0.002139957200855983
0.7898242035159297,0.8216035679286414
0.3538529229415412,0.511389772204556
0.7223455530889382,0.4633307333853323
0.5190296194076118,0.623007539849203
0.892502149957001,0.8627627447451052
0.8329833403331933,0.887102257954841
0.42809143817123657,0.47145057098858023
0.15981680366392673,0.13447731045379094
0.012439751204975901,0.09843803123937521
0.18379632407351854,0.19387612247755046
0.7870242595148097,0.7898042039159217
0.3553928921421572,0.9892602147957041
0.5172896542069159,0.4131917361652767
0.6602267954640907,0.6168276634467311
0.7430651386972261,0.7432051358972821
0.7701445971080578,0.375272494550109
0.8108037839243215,0.8269234615307695
0.36617267654646907,0.40065198696026083
0.5850882982340353,0.507929841403172
0.7664046719065619,0.8373432531349373
0.5617887642247156,0.6464870702585949
0.10767784644307114,0.1362772744545109
0.32987340253194936,0.33425331493370136
0.10907781844363112,0.09041819163616728
0.48365032699346017,0.2760344793104138
0.2874742505149897,0.24647507049859005
0.8982620347593049,0.7982840343193136
0.12255754884902302,0.16671666566668666
0.5851482970340594,0.5644087118257635
0.32095358092838144,0.32273354532909343
0.3171936561268775,0.7042059158816824
0.8533029339413212,0.7701445971080578
0.41139177216455675,0.26991460170796583
0.05329893402131958,0.07849843003139938
0.8759824803503931,0.9128617427651448
0.6756064878702426,0.7342453150936982
0.9190416191676167,0.9488610227795444
0.6910661786764265,0.5794484110317794
0.15391692166156679,0.04727905441891162
0.627387452250955,0.6973460530789385
0.5492290154196916,0.5541889162216755
0.005699886002279954,0.005659886802263955
0.8538229235415292,0.6919861602767945
0.09921801563968721,0.10467790644187117
0.2693546129077419,0.2761344773104538
0.5710285794284115,0.5437691246175077
0.8032439351212975,0.4240715185696286
0.7733245335093298,0.7741045179096419
0.8222035559288815,0.7960840783184336
0.055658886822263554,0.09867802643947121
0.32843343133137337,0.40299194016119677
0.34261314773704526,0.4653306933861323
0.9012819743605128,0.9435411291774165
0.750784984300314,0.6689866202675947
0.752204955900882,0.7075858482830344
0.499430011399772,0.7816643667126658
0.25027499450011,0.2981540369192616
0.4025919481610368,0.42409151816963664
0.39453210935781285,0.40927181456370876
0.4833503329933401,0.5678886422271555
0.8466830663386733,0.6621267574648507
0.8064038719225616,0.8544429111417772
0.16129677406451873,0.16387672246555068
0.6451470970580588,0.879982400351993
0.7037059258814824,0.7133057338853224
0.5872882542349154,0.49305013899722006
0.8327033459330814,0.8042239155216896
0.8411831763364733,0.8249635007299855
0.7936641267174657,0.8124037519249615
0.6657866842663147,0.7188856222875543
0.7818443631127378,0.17885642287154258
0.0010799784004319915,0.000879982400351993
0.39201215975680487,0.4133717325653487
0.5169096618067639,0.504969900601988
0.2999340013199736,0.372992540149197
0.2160956780864383,0.18603627927441452
0.8945021099578009,0.878682426351473
0.15361692766144677,0.13357732845343093
0.5362092758144837,0.5361892762144758
0.8367232655346893,0.7867442651146977
0.9474610507789845,0.9487810243795124
0.3035939281214376,0.4313913721725566
0.877882442351153,0.8289434211315774
0.17943641127177457,0.19161616767664646
0.16613667726645467,0.06125877482450351
0.22519549609007822,0.2908541829163417
0.046719065618687626,0.13253734925301494
0.0505989880202396,0.0642787144257115
0.5483490330193397,0.44485110297794045
0.6097478050438991,0.6847463050738986
0.001979960400791984,0.003519929601407972
0.876102477950441,0.3992920141597168
0.3705525889482211,0.36899262014759704
0.6806263874722506,0.6501469970600589
0.25303493930121396,0.22771544569108618
0.4351512969740605,0.3498130037399252
0.883602327953441,0.8992020159596809
0.1872562548749025,0.17277654446911062
0.7828643427131458,0.8162036759264815
0.44635107297854043,0.37019259614807704
0.07897842043159137,0.08545829083418333
0.8622427551448971,0.30633387332253353
0.08531829363412732,0.06729865402691947
0.38163236735265293,0.378192436151277
0.7668246635067298,0.8502629947401052
0.15425691486170276,0.11127777444451112
0.4655506889862203,0.5293894122117558
0.7659046819063619,0.7942441151176977
0.17387652246955063,0.13231735365292693
0.3144937101257975,0.26833463330733387
0.3973520529589408,0.48631027379452413
0.42169156616867665,0.4008719825603488
0.9274814503709926,0.9138617227655447
0.2634947301053979,0.4929101417971641
0.378252434951301,0.38503229935401295
0.42345153096938065,0.2637947241055179
0.6421671566568669,0.7210255794884103
0.7891842163156737,0.754684906301874
0.6072278554428912,0.6165076698466031
0.05111897762044759,0.026039479210415793
0.4034719305613888,0.2646747065058699
0.6663866722665547,0.5768084638307234
0.044499110017799645,0.03285934281314374
0.5177096458070839,0.5122297554048919
0.8486230275394493,0.7966840663186736
0.2392152156956861,0.2756344873102538
0.4027719445611088,0.6552668946621067
0.9834803303933922,0.9813003739925202
0.20643587128257435,0.16835663286734265
0.5452890942181157,0.6182476350472991
0.02795944081118378,0.04343913121737565
0.7349453010939782,0.6773464530709387
0.9818203635927282,0.998040039199216
0.10725785484290315,0.0638787224255515
0.09399812003759925,0.08063838723225536
0.38423231535369295,0.44965100697986043
0.0747385052298954,0.47949041019179617
0.752044959100818,0.6867262654746905
0.24461510769784606,0.22897542049159017
0.35823283534329314,0.4287114257714846
0.7675646487070259,0.6951060978780425
0.5366892662146757,0.7196856062878743
0.8992420151596968,0.9161216775664487
0.8925821483570329,0.9262014759704806
0.9968200635987281,0.9783404331913362
0.43907121857562853,0.7016059678806424
0.12287754244915103,0.09025819483610328
0.022399552008959822,0.08317833643327134
0.4168716625667487,0.48579028419431614
0.3424331513369733,0.4049119017619648
0.5274494510109798,0.5794084118317634
0.6092278154436912,0.6120477590448191
0.7089058218835623,0.9926001479970401
0.9862402751944962,0.9856802863942722
0.24699506009879804,0.3016739665206696
0.754804903901922,0.8028239435211296
0.999760004799904,0.9998200035999281
0.38265234695306094,0.3516729665406692
0.34477310453790927,0.29589408211835766
0.26149477010459793,0.25607487850242994
0.3349933001339973,0.3427731445371093
0.11815763684726306,0.1495770084598308
0.48331033379332416,0.754864902701946
0.40705185896282076,0.3627127457450851
0.05243895122097558,0.09419811603767925
0.6157276854462911,0.6223475530489391
0.29539409211815765,0.28333433331333374
0.4396112077758445,0.5576088478230435
0.2389552208955821,0.14505709885802284
0.5545689086218276,0.880082398352033
0.2659346813063739,0.3555128897422052
0.5241295174096519,0.5215295694086118
0.14639707205855884,0.1515169696606068
0.8650226995460091,0.8223035539289214
0.8035439291214176,0.7951040979180417
0.6685866282674346,0.625847483050339
0.8430431391372173,0.8320433591328174
0.04667906641867163,0.0374992500149997
0.6046079078418432,0.752784944301114
0.883842323153537,0.882302353952921
0.21797564048719026,0.35389292214155715
0.5720685586288274,0.8052438951220976
0.3103937921241575,0.1658366832663347
0.1514569708605828,0.17773644527109458
0.023559528809423812,0.015299694006119878
0.628307433851323,0.24739505209895804
0.7158056838863223,0.6675666486670266
0.7296054078918421,0.8310433791324173
0.6582468350632987,0.629487410251795
0.5047499050019,0.254954900901982
0.0878382432351353,0.10891782164356713
0.26773464530709384,0.36869262614747705
0.2246755064898702,0.748285034299314
0.1394172116557669,0.19701605967880642
0.4439111217775645,0.5107097858042839
0.09659806803863923,0.10275794484110318
0.4779704405911882,0.4492710145797084
0.4292114157716846,0.2863742725145497
0.3893322133557329,0.34079318413631726
0.8031239375212496,0.7695846083078338
0.5740485190296194,0.7588648227035459
0.879222415551689,0.9131017379652407
0.04799904001919962,0.0627787444251115
0.31551368972620547,0.3562528749425012
0.9729005419891602,0.9571808563828724
0.6053678926421472,0.6678666426671467
0.9186616267674647,0.890322193556129
0.24575508489830206,0.17791644167116658
0.9718805623887523,0.9807803843923122
0.21037579248415034,0.19405611887762245
0.7955040899182017,0.7012859742805144
0.05119897602047959,0.024299514009719806
0.17139657206855863,0.16663666726665466
0.3899522009559809,0.33125337493250134
0.876702465950681,0.8160636787264255
0.8723025539489211,0.9177016459670807
0.14423711525769486,0.17929641407171856
0.6130277394452112,0.5827083458330834
0.8145037099258016,0.6915461690766185
0.7312653746925062,0.7827043459130818
0.7313653726925462,0.8039239215215696
0.2105157896842063,0.3187536249275015
0.5820483590328194,0.9133617327653447
0.7794044119117618,0.753404931901362
0.01005979880402392,0.011859762804743906
0.04911901761964761,0.06217875642487151
0.35885282294354115,0.5744285114297715
0.3262734745305094,0.36767264654706905
0.3449331013379733,0.18005639887202257
0.0380992380152397,0.03669926601467971
0.07843843123137538,0.07977840443191136
0.1902761944761105,0.21213575728485431
0.4271714565708686,0.37937241255174897
0.8268434631307374,0.8539629207415852
0.9032619347613048,0.8650026999460011
0.9307013859722806,0.9349013019739606
0.7956040879182417,0.7681846363072738
0.9521409571808565,0.9507609847803045
0.8063838723225536,0.8360232795344094
0.8563828723425532,0.9020619587608248
0.7386452270954581,0.7799844003119938
0.17899642007159858,0.05897882042359153
0.0752984940301194,0.08155836883262335
0.7481450370992581,0.7234455310893783
0.4154716905661887,0.4399112017759645
0.13897722045559088,0.12799744005119898
0.1402771944561109,0.4405311893762125
0.5553288934221315,0.7728845423091538
0.6031679366412672,0.6078678426431472
0.32219355612887746,0.15643687126257474
0.9079218415631688,0.8434231315373693
0.9936601267974641,0.7667446651066979
0.05473890522189556,0.03237935241295174
0.7995640087198256,0.8049039019219616
0.050638987220255595,0.06657866842663147
0.9269214615707686,0.6366072678546429
0.1498570028599428,0.18019639607207857
0.4108117837643247,0.35571288574228516
0.7700645987080259,0.7719645607087858
0.1646967060658787,0.14571708565828684
0.6715065698686027,0.749185016299674
0.7916441671166577,0.7656046879062419
0.24581508369832605,0.3930321393572129
0.8649027019459611,0.7840843183136338
0.44723105537889246,0.32867342653146936
0.9341213175736486,0.8164836703265935
0.9464610707785844,0.9621407571848564
0.40633187336253274,0.39219215615687686
0.630787384252315,0.7828843423131537
0.8617427651446972,0.8390832183356333
0.4114117717645647,0.3006339873202536
0.8383232335353293,0.5769884602307954
0.75622487550249,0.7608447831043379
0.3612327753444931,0.26893462130757384
0.5958680826383472,0.5140897182056359
0.876142477150457,0.6759464810703786
0.2395952080958381,0.24633507329853405
0.9132417351652967,0.9220015599688006
0.9055818883622327,0.7825443491130177
0.37269254614907704,0.3298334033319334
0.4612307753844923,0.47983040339193217
0.6829263414731706,0.621727565448691
0.18389632207355855,0.25303493930121396
0.1385972280554389,0.14817703645927083
0.18487630247395054,0.05349893002139958
0.028219435611287775,0.028179436411271776
0.18393632127357454,0.16995660086798264
0.1737765244695106,0.17009659806803865
0.5269694606107878,0.4726105477890442
0.6681466370672586,0.5758884822303554
0.11355772884542309,0.09145817083658327
0.5288694226115478,0.6149077018459631
0.49275014499710007,0.5536289274214516
0.3354532909341813,0.376652466950661
0.2881542369152617,0.27245455090898185
0.6719865602687947,0.7647447051058979
0.6125277494450111,0.5441891162176756
0.18265634687306254,0.4909701805963881
0.11575768484630308,0.16201675966480672
0.3270334593308134,0.4019519609607808
0.45405091898162037,0.4409111817763645
0.9422211555768885,0.9631407371852563
0.5651286974260515,0.5847683046339074
0.7691646167076659,0.8288434231315374
0.882542349153017,0.879702405951881
0.7151056978860423,0.7625647487050259
0.37187256254874906,0.47481050378992423
0.9059618807623848,0.8489830203395933
0.76132477350453,0.8579428411431772
0.2238955220895582,0.376532469350613
0.3541329173416532,0.5763084738305234
0.2855142897142057,0.12767744645107099
0.880382392352153,0.8962620747585048
0.44901101977960445,0.3609327813443731
0.9478010439791205,0.7896042079158417
0.5243095138097238,0.3865122697546049
0.7717445651086978,0.7694446111077778
0.75422491550169,0.753984920301594
0.3544329113417732,0.22831543369132618
0.8425631487370253,0.8364832703345934
0.3858122837543249,0.3994320113597728
0.44113117737645247,0.7683446331073379
0.873082538349233,0.6160276794464111
0.33449331013379735,0.27119457610847786
0.19651606967860644,0.1497970040599188
0.8661626767464651,0.8379432411351774
0.23365532689346213,0.19191616167676648
0.9873402531949361,0.9897602047959041
0.7798644027119458,0.3019139617207656
0.7712045759084819,0.5609087818243635
0.6825663486730266,0.9651206975860483
0.2725545489090218,0.48263034739305216
0.7871442571148577,0.744845103097938
0.6150876982460352,0.7847843043139138
0.5941881162376753,0.6097678046439071
0.9161616767664646,0.8382232355352893
0.7347453050938981,0.6083278334433312
0.3265534689306214,0.2001759964800704
0.45777084458310835,0.4097118057638847
0.4237715245695086,0.42073158536829264
0.15579688406231876,0.16009679806403873
0.8971820563588728,0.9255814883702326
0.8405431891362173,0.8512629747405053
0.2725945481090378,0.40905181896362075
0.7673246535069299,0.9104817903641927
0.39369212615747684,0.35685286294274116
0.3903921921561569,0.3873122537549249
0.7368052638947221,0.8656826863462731
0.8641227175456491,0.8609627807443851
0.19795604087918242,0.1521769564608708
0.6823263534729306,0.4649107017859643
0.5933881322373553,0.5976680466390673
0.5267294654106918,0.5617687646247075
0.9341613167736645,0.9428811423771525
0.9591208175836483,0.9529209415811684
0.8102837943241136,0.7095258094838104
0.12115757684846304,0.1377972440551189
0.5491490170196597,0.26703465930681386
0.7882242355152898,0.8254434911301775
0.5805683886322274,0.5656486870262595
0.9553608927821444,0.9518209635807284
0.6979860402791944,0.8225235495290094
0.6015079698406032,0.4409511809763805
0.7338053238935222,0.7596648067038659
0.8319433611327773,0.8153836923261535
0.2678146437071259,0.3158736825263495
0.21063578728425433,0.16407671846563068
0.2987340253194936,0.42393152136957263
0.24605507889842204,0.1009579808403832
0.01763964720705586,0.01999960000799984
0.4012719745605088,0.9188416231675367
0.9178016439671207,0.9178016439671207
0.6688666226675467,0.6495470090598189
0.1753364932701346,0.3409131817363653
0.36957260854782903,0.3386932261354773
0.6643867122657547,0.5962480750384993
0.9297814043719126,0.7609247815043699
0.507469850602988,0.4898502029959401
0.5164696706065879,0.6762464750704986
0.884622307553849,0.8989420211595769
0.5817483650326993,0.5114097718045639
0.09135817283654327,0.2138157236855263
0.9746805063898722,0.9770404591908162
0.02997940041199176,0.039559208815823685
0.14219715605687885,0.2160356792864143
0.13409731805363892,0.10537789244215116
0.00861982760344793,0.006479870402591948
0.44477110457790847,0.17239655206895863
0.7668846623067539,0.7661846763064739
0.621607567848643,0.5960480790384193
0.42091158176836463,0.41899162016759667
0.6464670706585869,0.6403271934561309
0.2748545029099418,0.3216135677286454
0.6574268514629708,0.624607507849843
0.001639967200655987,0.0010799784004319915
0.8010439791204176,0.7731645367092659
0.7198856022879543,0.6040079198416032
0.6134277314453711,0.5394492110157797
0.4070318593628128,0.34353312933741326
0.8348433031339374,0.8005839883202336
0.3698126037479251,0.27927441451170976
0.9767604647907042,0.9773204535909282
0.4395512089758205,0.37497250054998904
0.15451690966180676,0.16977660446791065
0.4175516489670207,0.4225115497690046
0.9347613047739045,0.9072618547629048
0.28405431891362176,0.250494990100198
0.7894242115157697,0.6713665726685466
0.4418311633767325,0.3993520129597408
0.22439551208975822,0.25661486770264597
0.09511809763804724,0.12923741525169496
0.5904081918361633,0.6515869682606348
0.8477830443391132,0.8366232675346493
0.9033819323613528,0.9332213355732886
0.6440071198576028,0.7436851262974741
0.45577088458230836,0.4025319493610128
0.7209455810883783,0.7797444051118978
0.34307313853722926,0.3512929741405172
0.17381652366952663,0.13957720845583088
0.08499830003399932,0.07945841083178337
0.5579288414231716,0.631327373452531
0.19621607567848642,0.08117837643247135
0.3926721465570689,0.4655906881862363
0.4272514549709006,0.4262114757704846
0.22275554488910224,0.21053578928421432
0.8536629267414652,0.9262814743705127
0.8544829103417932,0.6768464630707386
0.7259654806903862,0.4443711125777485
0.5181096378072438,0.5282494350112998
0.8347633047339054,0.8618427631447372
0.09545809083818324,0.16869662606747865
0.7316853662926742,0.75782484350313
0.7661246775064499,0.6854862902741945
0.4672906541869163,0.4141117177656447
0.7456050878982421,0.7289054218915622
0.2884142317153657,0.29161416771664567
0.2257554848903022,0.42421151576968463
0.4257714845703086,0.30901381972360553
0.4817503649927002,0.5429891402171957
0.05369892602147957,0.4893302133957321
0.505509889802204,0.5338093238135238
0.42259154816903666,0.19923601527969442
0.4652506949861003,0.45875082498350034
0.4054318913621728,0.47933041339173216
0.9319213615727686,0.2127757444851103
0.3680926381472371,0.5251894962100758
0.8893822123557529,0.8144437111257775
0.3871722565548689,0.377732445351093
0.7882842343153137,0.8082838343233135
0.5712685746285074,0.5218295634087319
0.6856062878742425,0.6441271174576508
0.4516709665806684,0.2626547469050619
0.30775384492310154,0.20813583728325435
0.4526309473810524,0.39415211695766084
0.2786544269114618,0.39329213415731684
0.4029319413611728,0.44513109737805245
0.10233795324093518,0.2807343853122938
0.14537709245815084,0.13263734725305495
0.4650506989860203,0.43297134057318853
0.9283814323713526,0.9445211095778084
0.031699366012679746,0.0631387372252555
0.42053158936821267,0.39447211055778886
0.7055458890822184,0.5752684946301074
0.9548809023819524,0.9409411811763765
0.5277894442111158,0.628707425851483
0.632027359452811,0.5456490870182596
0.05419891602167957,0.630187396252075
0.8433831323373533,0.9006019879602408
0.2992540149197016,0.17505649887002261
0.42099158016839666,0.15491690166196675
0.019839603207935843,0.0382792344153117
0.9324613507729845,0.9379012419751606
0.6489270214595708,0.5725685486290274
0.8403831923361533,0.8367432651346973
0.6941861162776745,0.5626487470250595
0.6181076378472431,0.7274254514909702
0.4293314133717326,0.2739745205095898
0.8634427311453772,0.7767644647107058
0.060818783624327515,0.07051858962820744
0.35953280934381315,0.38327233455330895
0.8124837503249935,0.748645027099458
0.9758604827903442,0.9818003639927202
0.38029239415211696,0.4643707125857483
0.18145637087258257,0.6554868902621948
0.880762384752305,0.874402511949761
0.7673646527069459,0.7854642907141858
0.3599128017439651,0.3663326733465331
0.3195536089278215,0.3476130477390452
0.5723085538289234,0.38687226255474894
0.8019039619207616,0.8202235955280894
0.6750464990700186,0.6788264234715305
0.16001679966400673,0.23369532609347815
0.32125357492850143,0.25925481490370195
0.1405371892562149,0.19717605647887043
0.622387552248955,0.6930461390772185
0.42049159016819665,0.4435111297774045
0.2764144717105658,0.23107537849243015
0.37063258734825305,0.4134317313653727
0.43319133617327654,0.5481890362192756
0.8606427871442571,0.8027239455210896
0.33385332293354136,0.2230355392892142
0.8129437411251775,0.8286634267314654
0.8312033759324814,0.8611027779444411
0.5374092518149637,0.04121917561648767
0.09597808043839123,0.10907781844363112
0.883722325553489,0.8275634487310254
0.9469010619787604,0.9380612387752245
0.9135017299654007,0.884282314353713
0.16737665246695066,0.19551608967820644
0.24441511169776606,0.3006739865202696
0.6646667066658667,0.8514629707405852
0.5195896082078358,0.5391492170156597
0.6613667726645467,0.7122857542849144
0.12927741445171098,0.1126577468450631
0.03377932441351173,0.03249935001299974
0.13135737285254295,0.17873642527149458
0.02895942081158377,0.023419531609367814
0.2636347273054539,0.09851802963940721
0.5802483950320994,0.5371492570148597
0.8490230195396092,0.877942441151177
0.5479290414191716,0.5828883422331553
0.29241415171696566,0.4293714125717486
0.20659586808263836,0.047099058018839624
0.5517689646207076,0.5450490990180197
0.751284974300514,0.7636447271054579
0.5692686146277075,0.5852882942341153
0.27417451650966984,0.5323293534129317
0.9194416111677767,0.9504009919801605
0.504369912601748,0.5303293934121318
0.7322053558928822,0.8474830503389933
0.02903941921161577,0.029399412011759767
0.7824443511129777,0.6678066438671226
0.5788084238315234,0.6014279714405713
0.013639727205455891,0.013119737605247896
0.13483730325393492,0.19779604407911844
0.2637947241055179,0.48435031299374015
0.20651586968260635,0.4371112577748445
0.8186036279274415,0.749105017899642
0.9615607687846244,0.497130057398852
0.6984460310793784,0.7833043339133218
0.5768884622307554,0.6439871202575949
0.4283914321713566,0.4513709725805484
0.629147417051659,0.6580268394632107
0.29727405451890965,0.3336733265334693
0.48617027659446815,0.6252074958500831
0.3280334393312134,0.2992940141197176
0.16771664566708666,0.12167756644867103
0.872722545549089,0.8337633247335053
0.875922481550369,0.9136817263654727
0.33781324373512533,0.5898882022359553
0.9724605507889843,0.9695806083878323
0.20597588048239035,0.19255614887702246
0.4024519509609808,0.7377652446951061
0.12229755404891902,0.12243755124897503
0.8109437811243776,0.7719845603087938
0.6490870182596349,0.7914041719165616
0.19333613327733445,0.20525589488210236
0.5227095458090838,0.5816483670326593
0.028539429211415772,0.024579508409831804
0.7265654686906262,0.5577088458230836
0.14989700205995882,0.1524569508609828
0.23353532929341414,0.15687686246275076
0.5870682586348274,0.6346873062538749
0.9794804103917922,0.9804603907921842
0.623407531849363,0.5684086318273635
0.506529869402612,0.6202875942481151
0.6386272274554509,0.39493210135797285
0.29705405891882164,0.5920281594368113
0.881182376352473,0.5499890002199956
0.05161896762064759,0.17625647487050258
0.8680026399472011,0.5261294774104518
0.6439071218575628,0.5875682486350273
0.4630107397852043,0.5309893802123957
0.8609627807443851,0.8604627907441852
0.9293614127717446,0.8918621627567449
0.24379512409751805,0.22757544849103017
0.7410451790964181,0.756764864702706
0.8278034439311214,0.8345033099338014
0.24651506969860604,0.248535029299414
0.9661206775864483,0.9515009699806004
0.23659526809463813,0.13383732325353492
0.6946461070778585,0.7193256134877303
0.020379592408151837,0.06043879122417552
0.5688086238275235,0.505269894602108
0.4928901421971561,0.5236495270094599
0.9503809923801524,0.9380812383752325
0.22013559728805424,0.34907301853962924
0.7798844023119538,0.7934641307173856
0.49191016179676406,0.6063478730425391
0.48359032819343617,0.501269974600508
0.43507129857402854,0.3857122857542849
0.7044459110817783,0.748605027899442
0.8174236515269695,0.6802663946721066
0.9474010519789604,0.9417011659766805
0.6683466330673387,0.746565068698626
0.28069438611227776,0.3009739805203896
0.21813563728725427,0.09585808283834324
0.7878642427151458,0.874302513949721
0.4731705365892682,0.3096538069238615
0.48155036899262016,0.33159336813263735
0.04925901481970361,0.06745865082698346
0.7692046159076819,0.7626447471050579
0.14599708005839884,0.27761444771104576
0.8138037239255215,0.8521229575408492
0.0010999780004399913,0.0013599728005439893
0.3108137837243255,0.2759544809103818
0.28199436011279777,0.2602547949041019
0.20421591568168637,0.16829663406731865
0.7033859322813544,0.7014259714805704
0.1869562608747825,0.21641567168656628
0.4528909421811564,0.4387112257754845
0.6725665486690267,0.6160476790464191
0.6657266854662907,0.6598468030639387
0.2752344953100938,0.30673386532269353
0.8059438811223776,0.7594448111037779
0.4399712005759885,0.4737505249895002
0.48487030259394814,0.26783464330713386
0.3990720185596288,0.5280894382112358
0.4896102077958441,0.47583048339033224
0.8835023299534009,0.9352212955740885
0.10363792724145518,0.4253314933701326
0.256654866902662,0.24371512569748605
0.9410211795764085,0.9104017919641607
0.0253394932101358,0.037459250814983705
0.8115237695246096,0.8757424851502971
0.43049139017219656,0.44759104817903644
0.43097138057238854,0.29887402251954964
0.4356712865742685,0.22779544409111818
0.39339213215735686,0.39509209815803686
0.19337613247735047,0.2630547389052219
0.8361032779344414,0.741085178296434
0.5911081778364433,0.44993100137997244
0.744085118297634,0.7631247375052499
0.7842043159136818,0.6927461450770985
0.9138417231655367,0.9277614447711046
0.24447511049779005,0.378672426551469
0.7905841883162337,0.8260234795304094
0.747645047099058,0.7188256234875303
0.4030319393612128,0.26993460130797386
0.9316613667726645,0.9214415711685766
0.7835843283134337,0.7987240255194896
0.30265394692106157,0.22255554888902224
0.5498490030199397,0.500029999400012
0.0888782224355513,0.13223735525289496
0.7244455110897783,0.6116677666446672
0.09163816723665527,0.04915901681966361
0.08849823003539929,0.17879642407151858
0.18259634807303854,0.14233715325693486
0.25655486890262197,0.29899402011959764
0.9448211035779285,0.9571608567828643
0.27423451530969384,0.19579608407831844
0.7927841443171136,0.7734445311093778
0.5167296654066919,0.4875302493950121
0.5265694686106278,0.35971280574388514
0.623207535849283,0.4142517149657007
0.9605607887842244,0.9696606067878643
0.9487010259794805,0.9477410451790964
0.7111857762844743,0.5655286894262115
0.05787884242315154,0.04441911161776765
0.2799744005119898,0.28681426371472574
0.6054078918421631,0.6240475190496191
0.0509789804203916,0.044579108417831644
0.04353912921741565,0.05169896602067959
0.1874362512749745,0.254554908901822
0.7790844183116338,0.4930301393972121
0.7389452210955781,0.7743845123097538
0.010979780404391912,0.008319833603327933
0.6606467870642587,0.8431431371372573
0.20639587208255836,0.02863942721145577
0.758564828703426,0.7268254634907302
0.7881642367152657,0.7680246395072099
0.48425031499370014,0.48209035819283613
0.6787864242715146,0.6557468850622987
0.09107817843643128,0.08247835043299134
0.995960080798384,0.9892402151956962
0.24519509609807805,0.18277634447311056
0.25057498850023,0.3016139677206456
0.32059358812823746,0.2281554368912622
0.3649127017459651,0.37069258614827705
0.7864242715145697,0.8303833923321534
0.5369492610147797,0.8195836083278335
0.4552908941821164,0.5736885262294754
0.4905501889962201,0.3053138937221256
0.8432231355372893,0.75642487150257
0.27983440331193377,0.37429251414971704
0.17353652926941462,0.24613507729845405
0.9931801363972721,0.9916801663966721
0.42213155736885266,0.44187116257674847
0.74982500349993,0.7127257454850904
0.43551128977420456,0.44399112017759645
0.13433731325373494,0.18215635687286255
0.6500269994600109,0.8737025259494811
0.9651206975860483,0.9703605927881442
0.4874702505949881,0.8088438231235375
0.24543509129817404,0.26177476450470993
0.40185196296074077,0.09493810123797525
0.33587328253434934,0.4532909341813164
0.2875142497150057,0.28103437931241376
0.9916601667966641,0.9871602567948642
0.34771304573908524,0.34549309013819723
0.630887382252355,0.5503889922201556
0.06437871242575148,0.07397852042959141
0.5400291994160117,0.2847743045139097
0.5846083078338433,0.6545869082618347
0.43263134737305253,0.9777604447911042
0.32919341613167735,0.3842123157536849
0.03687926241475171,0.04139917201655967
0.38355232895342095,0.5692286154276914
0.20255594888102238,0.3146137077258455
0.25127497450051,0.2589948201035979
0.1770164596708066,0.09793804123917522
0.7910841783164337,0.8260634787304254
0.9247015059698807,0.9231615367692646
0.7029859402811944,0.5962880742385153
0.251914961700766,0.2724345513089738
0.6821663566728665,0.7906041879162417
0.631627367452651,0.6992460150796984
0.8925621487570249,0.9125617487650247
0.2278154436911262,0.2786744265114698
0.4749905001899962,0.42135157296854064
0.25615487690246197,0.3021539569208616
0.16799664006719867,0.126617467650647
0.04737905241895162,0.04735905281894362
0.40795184096318077,0.3506929861402772
0.1756964860702786,0.3284534309313814
0.12329753404931902,0.2014759704805904
0.2856342873142537,0.37079258414831706
0.2915941681166377,0.22959540809183818
0.8024839503209936,0.8538029239415212
0.8911421771564569,0.8858222835543289
0.49351012979740405,0.5087898242035159
0.8654026919461612,0.880802383952321
0.05451890962180757,0.1003979920401592
0.2734745305093898,0.40753184936301273
0.9781804363912722,0.9720605587888242
0.7129057418851623,0.7417651646967061
0.14809703805923882,0.16067678646427072
0.24385512289754205,0.3125937481250375
0.41609167816643666,0.377392452150957
0.5762284754304914,0.5700885982280355
0.4881702365952681,0.4438511229775405
0.15029699406011882,0.1126377472450551
0.7188456230875383,0.7373852522949541
0.10615787684246315,0.02121957560848783
0.10457790844183117,0.08419831603367933
0.6763664726705466,0.6065478690426191
0.15657686846263075,0.11925761484770304
0.1010379792404152,0.09355812883742326
0.41001179976400476,0.3849523009539809
0.9648207035859283,0.9744805103897922
0.5902281954360913,0.5142897142057159
0.9487610247795044,0.9723605527889443
0.13105737885242297,0.16441671166576668
0.23293534129317414,0.24777504449911003
0.9740005199896002,0.9720205595888083
0.003539929201415972,0.003619927601447971
0.2281554368912622,0.17223655526889461
0.499870002599948,0.5168696626067479
0.40871182576348475,0.4115317693646127
0.0877582448351033,0.08573828523429532
0.3561928761424772,0.3253934921301574
0.5387092258154837,0.7457050858982821
0.9023219535609288,0.9331613367732645
0.3055338893222136,0.2682146357072859
0.022899542009159817,0.024619507609847803
0.5524289514209716,0.5113097738045239
0.8431631367372653,0.8100837983240335
0.21453570928581428,0.14025719485610288
0.15457690846183078,0.11571768564628708
0.31031379372412554,0.35783284334313314
0.887022259554809,0.8690226195476091
0.6631267374652507,0.761704765904682
0.3875722485550289,0.4391912161756765
0.3499730005399892,0.1129577408451831
0.0033599328013439733,0.0046999060018799626
0.3381532369352613,0.32169356612867744
0.6897662046759065,0.8487230255394892
0.5217895642087158,0.495990080198396
0.19747605047899042,0.23599528009439813
0.6959260814783704,0.6587868242635148
0.509089818203636,0.634427311453771
0.06671866562668746,0.15697686046279075
0.5905681886362273,0.752104957900842
0.38625227495450093,0.6638067238655228
0.3862722745545089,0.33467330653386934
0.09799804003919922,0.24411511769764604
0.8684026319473611,0.887602247955041
0.3904321913561729,0.15669686606267874
0.7736645267094658,0.7730045399092018
0.6815263694726106,0.6717465650686987
0.04259914801703966,0.11971760564788704
0.2770744585108298,0.09805803883922322
0.24697506049879003,0.20367592648147037
0.3412931741365173,0.4724305513889722
0.3524729505409892,0.39581208375832483
0.3054938901221976,0.35611287774244516
0.5599688006239876,0.5591888162236756
0.5117897642047159,0.4392512149757005
0.8906821863562729,0.8669626607467851
0.6011279774404512,0.5340893182136357
0.19903601927961442,0.3043539129217416
0.6456470870582589,0.6003679926401472
0.6171876562468751,0.41889162216755665
0.6969460610787784,0.7121657566848664
0.24801503969920602,0.16473670526589468
0.31911361772764546,0.32025359492810146
0.7703045939081219,0.7767244655106899
0.5899282014359714,0.6166076678466431
0.8057638847223055,0.7305053898922022
0.6960660786784264,0.752964940701186
0.2656946861062779,0.24955500889982202
0.5993080138397232,0.13345733085338293
0.22559548809023822,0.2142357152856943
0.35869282614347714,0.4300713985720286
0.7559048819023619,0.5787084258314834
0.5422491550168996,0.6023079538409232
0.127357452850943,0.13269734605307895
0.1755764884702306,0.14327713445731086
0.1529969400611988,0.05339893202135958
0.5638687226255475,0.4081718365632688
0.26863462730745385,0.20831583368332635
0.9882202355952882,0.9917801643967121
0.1747165056698866,0.18361632767344654
0.6497870042599149,0.5987880242395153
0.6909861802763945,0.6630267394652107
0.15359692806143876,0.2890342193156137
0.5931681366372673,0.6074878502429951
0.998240035199296,0.9984400311993761
0.6126677466450671,0.8059438811223776
0.5714885702285954,0.44671106577868447
0.7353452930941381,0.751204975900482
0.08949821003579929,0.07997840043199136
0.07097858042839143,0.09307813843723126
0.5636287274254516,0.75552488950221
0.10743785124297514,0.12045759084818304
0.6342273154536909,0.5907481850362993
0.4938701225975481,0.5678686426271474
0.5825283494330113,0.5805683886322274
0.3374932501349973,0.3505529889402212
0.8469830603387932,0.7624447511049779
0.6506269874602508,0.6628467430651387
0.9581208375832484,0.9485810283794325
0.20911581768364634,0.15831683366332674
0.3235935281294374,0.18469630607387852
0.3993120137597248,0.21193576128477432
0.8424031519369612,0.7586448271034579
0.9619407611847763,0.9135617287654247
0.7740445191096178,0.760184796304074
0.18837623247535049,0.251894962100758
0.26967460650786984,0.7976440471190577
0.7169256614867703,0.9114617707645848
0.7829243415131698,0.7695446091078179
0.05471890562188757,0.08981820363592728
0.9995000099998,0.999440011199776
0.2382952340953181,0.16865662686746266
0.2748345033099338,0.2401951960960781
0.5421491570168597,0.6627467450650987
0.7410651786964261,0.7214655706885863
0.18205635887282254,0.2148357032859343
0.21837563248735026,0.13205735885282294
0.5358292834143318,0.630707385852283
0.8650626987460251,0.8630027399452012
0.5571288574228516,0.635227295454091
0.46731065378692427,0.5242295154096919
0.31597368052638947,0.38699226015479693
0.4645707085858283,0.7785444291114177
0.10769784604307914,0.07301853962920742
0.4898102037959241,0.4625907481850363
0.750144997100058,0.7116457670846583
0.5141697166056679,0.4557908841823164
0.7568248635027299,0.8232635347293055
0.9563408731825364,0.9838203235935281
0.43557128857422855,0.39803203935921283
0.5950080998380033,0.8629027419451611
0.18545629087418253,0.20933581328373432
0.50214995700086,0.5504089918201636
0.24771504569908603,0.2761544769104618
0.19447611047779045,0.18191636167276656
0.6465870682586349,0.7202255954880903
0.24435511289774206,0.41809163816723666
0.7070858582828343,0.43489130217395655
0.3851322973540529,0.4912501749965001
0.8489230215395692,0.7925241495170097
0.6659866802663947,0.47079058418831626
0.5665086698266035,0.44375112497750047
0.20717585648287035,0.21979560408791826
0.5790484190316194,0.5550888982220356
0.15589688206235877,0.15525689486210276
0.8427831443371133,0.6885862282754345
0.15921681566368673,0.2257154856902862
0.24585508289834204,0.1757364852702946
0.4401511969760605,0.6613467730645387
0.5485690286194276,0.4222915541689166
0.9545809083818324,0.9592208155836883
0.9500809983800325,0.9634007319853604
0.9934001319973601,0.994820103597928
0.125217495650087,0.12245755084898302
0.9834003319933602,0.9849803003939922
0.3306933861322774,0.7858442831143377
0.7061258774824504,0.6169276614467711
0.43111137777244457,0.40693186136277276
0.38653226935461293,0.36725265494690107
0.7940041199176017,0.07207855842883143
0.7073658526829464,0.5847283054338913
0.7225855482890342,0.8184036319273614
0.04501909961800764,0.05221895562088758
0.3260734785304294,0.32081358372832547
0.8148837023259535,0.8554028919421612
0.377832443351133,0.4530909381812364
0.7708045839083218,0.7334453310933782
0.10161796764064719,0.10581788364232715
0.9657206855862883,0.9578408431831363
0.6621667566648667,0.6600067998640028
0.6798464030719386,0.500389992200156
0.3489330213395732,0.33329333413331735
0.08975820483590329,0.11891762164756706
0.3229135417291654,0.4108117837643247
0.22691546169076618,0.11081778364432712
0.5799284014319713,0.4479510409791804
0.2769744605107898,0.2582548349033019
0.24437511249775004,0.5591088178236435
0.30659386812263756,0.28035439291214176
0.2125357492850143,0.5479290414191716
0.880262394752105,0.8683026339473211
0.619307613847723,0.6523269534609308
0.6753264934701306,0.5788684226315474
0.6664866702665947,0.6785664286714266
0.7845443091138178,0.8423431531369373
0.24677506449871003,0.3668326633467331
0.7026059478810424,0.627167456650867
0.7097058058838823,0.7816443671126577
0.031779364412711744,0.021979560408791825
0.6117477650446991,0.6524069518609628
0.5158896822063559,0.7203255934881303
0.8966420671586569,0.9335213295734086
0.1759364812703746,0.18291634167316653
0.37481250374992503,0.39161216775664487
0.18611627767444652,0.22075558488830224
0.8597228055438891,0.8933421331573369
0.8560028799424012,0.7323453530929381
0.5431091378172437,0.5345893082138358
0.22133557328853423,0.5457290854182917
0.036939261214775705,0.024559508809823806
0.023199536009279816,0.02023959520809584
0.3897522049559009,0.5401491970160597
0.8956020879582408,0.9103817923641527
0.9837403251934962,0.9539009219815604
0.19527609447811045,0.18209635807283855
0.9216615667686646,0.9076018479630408
0.8023639527209456,0.8054638907221856
0.9624407511849763,0.9818803623927522
0.16969660606787865,0.20783584328313434
0.6091278174436512,0.41077178456430874
0.5100897982040359,0.4407511849763005
0.21525569488610227,0.4019119617607648
0.048019039619207615,0.04685906281874363
0.05815883682326354,0.08173836523269534
0.5587688246235075,0.5574888502229955
0.17135657286854264,0.17025659486810266
0.878702425951481,0.8238635227295454
0.19303613927721447,0.0504989900201996
0.043599128017439655,0.8979620407591848
0.5060498790024199,0.4372112557748845
0.6840063198736025,0.6939061218775625
0.9352812943741126,0.9299414011719765
0.9171016579668407,0.9259614807703846
0.6105677886442271,0.7233855322893542
0.5108897822043559,0.5197496050078999
0.9897602047959041,0.9887002259954801
0.8841023179536409,0.7077058458830824
0.5609487810243795,0.5594288114237715
0.7595448091038179,0.7051258974820503
0.9500009999800004,0.9525209495810084
0.6049279014419712,0.503129937401252
0.45291094178116437,0.45411091778164436
0.5493090138197236,0.5097098058038839
0.5556288874222516,0.6174476510469791
0.373532529349413,0.45657086858262835
0.5115697686046279,0.002379952400951981
0.31139377212455754,0.33471330573388536
0.2772744545109098,0.33225335493290137
0.1517169656606868,0.18081638367232655
0.9086618267634647,0.9139817203655927
0.2378952420951581,0.2845543089138217
0.5096298074038519,0.5282694346113078
0.6777264454710906,0.617587648247035
0.20763584728305434,0.3277734445311094
0.6478470430591389,0.5990880182396352
0.1141377172456551,0.11411771764564708
0.28159436811263777,0.30803383932321354
0.2982940341193176,0.4130117397652047
0.19613607727845445,0.20397592048159038
0.01749965000699986,0.009359812803743926
0.3968520629587408,0.5555288894222116
0.29417411651766967,0.29871402571948563
0.759044819103618,0.7695046099078019
0.7678046439071219,0.7096258074838504
0.4359512809743805,0.3546129077418452
0.8189436211275775,0.8125237495250095
0.762044759104818,0.8648027039459211
0.883542329153417,0.8891422171556569
0.2255354892902142,0.1128577428451431
0.5266494670106598,0.31129377412451753
0.6004679906401872,0.7997440051198976
0.21825563488730226,0.17903641927161457
0.4665906681866363,0.4103917921641567
0.23193536129277414,0.28087438251234975
0.9525809483810325,0.9590208195836084
0.7156656866862663,0.6769664606707866
0.10517789644207116,0.16699666006679867
0.7202055958880823,0.8668426631467371
0.24529509409811803,0.2738545229095418
0.9112017759644807,0.9239415211695766
0.8969220615587689,0.8366032679346413
0.5264294714105718,0.6157476850462991
0.11531769364612708,0.17433651326973462
0.22993540129197418,0.4528709425811484
0.7203055938881222,0.758164836703266
0.004799904001919961,0.07623847523049539
0.7898442031159377,0.8452030959380813
0.48219035619287615,0.38607227855442894
0.27955440891182176,0.19571608567828644
0.8729825403491931,0.7975240495190097
0.24045519089618209,0.2665346693066139
0.09831803363932722,0.10497790044199116
0.4259914801703966,0.1624567508649827
0.880982380352393,0.8634027319453611
0.009579808403831923,0.008359832803343934
0.8245835083298334,0.7996040079198417
0.5417291654166917,0.5696486070278595
0.6131477370452592,0.43107137857242855
0.3991520169596608,0.33033339333213335
0.43993120137597247,0.4376312473750525
0.881022379552409,0.8107437851242976
0.9203415931681367,0.8214835703285934
0.7813443731125378,0.7961440771184577
0.24143517129657407,0.4059918801623968
0.44529109417811646,0.4512309753804924
0.05853882922341554,0.08095838083238335
0.8223635527289455,0.8419231615367693
0.9982000359992801,0.8511029779404412
0.34593308133837325,0.20317593648127039
0.8556228875422491,0.8991820163596729
0.8459430811383772,0.6701665966680667
0.3236135277294454,0.2282754344913102
0.5768684626307474,0.5859282814343714
0.0741385172296554,0.05269894602107958
0.501609967800644,0.5851282974340514
0.765004699906002,0.9337613247735046
0.47149057018859625,0.42261154776904464
0.75812483750325,0.7910841783164337
0.9852002959940801,0.9857202855942881
0.4199516009679807,0.45607087858242834
0.16487670246595068,0.4424911501769965
0.510689786204276,0.50964980700386
0.9507809843803124,0.9506009879802404
0.5965280694386113,0.7956840863182737
0.4033719325613488,0.32001359972800547
0.1404771904561909,0.11627767444651108
0.8526429471410573,0.8876222475550489
0.5658886822263555,0.5248895022099558
0.30829383412331757,0.3549329013419732
0.11665766684666307,0.12223755524889503
0.7248255034899302,0.5718885622287554
0.4158116837663247,0.6156076878462431
0.5193696126077478,0.5594488110237795
0.6599668006639867,0.6424671506569869
0.8611427771444572,0.8004239915201696
0.6894062118757625,0.6600267994640108
0.4472710545789084,0.5560488790224196
0.6555268894622108,0.5202895942081158
0.16173676526469472,0.1512369752604948
0.13429731405371892,0.09863802723945521
0.029919401611967763,0.028419431611367774
0.6754864902701946,0.5479490410191796
0.18553628927421453,0.37961240775184496
0.9108017839643208,0.9024219515609688
0.13001739965200695,0.2668346633067339
0.5490690186196276,0.5680486390272195
0.748845023099538,0.6389672206555869
0.9628007439851203,0.9746005079898402
0.05833883322333554,0.0621987560248795
0.6805463890722185,0.7150456990860183
0.07171856562868743,0.055578888422231555
0.9654206915861683,0.9722605547889043
0.3982320353592928,0.40677186456270875
0.998040039199216,0.3220135597288054
0.377312453750925,0.33695326093478134
0.3049739005219896,0.38773224535509293
0.24209515809683807,0.14339713205735885
0.7016659666806664,0.7137857242855143
0.6113877722445551,0.6522269554608908
0.7720045599088019,0.7644847103057939
0.6917661646767065,0.635907281854363
0.6173276534469311,0.5334093318133637
0.0378592428151437,0.049759004819903606
0.4247315053698926,0.4012919741605168
0.17753644927101458,0.16187676246475072
0.33123337533249336,0.29837403251934963
0.5478490430191396,0.4004319913601728
0.3050938981220376,0.624987500249995
0.7719645607087858,0.5895482090358193
0.8216835663286735,0.8473430531389372
0.3634927301453971,0.44805103897922044
0.20427591448171037,0.2777944441111178
0.8652226955460891,0.884002319953601
0.2970740585188296,0.37789244215115697
0.9544409111817764,0.9710005799884003
0.35863282734345314,0.5720885582288354
0.7442651146977061,0.36155276894462113
0.9239415211695766,0.9211015779684406
0.9157616847663047,0.8930821383572329
0.21909561808763825,0.2803343933121338
0.6467870642587148,0.632107357852843
0.3657526849463011,0.41071178576428474
0.32107357852842944,0.33009339813203736
0.2371952560948781,0.38161236775264495
0.5003299934001321,0.6180876382472351
0.873622527549449,0.9123017539649207
0.11729765404691907,0.10679786404271915
0.4775704485910282,0.49133017339653207
0.7189056218875622,0.6875062498750025
0.8381832363352734,0.8397232055358893
0.4761304773904522,0.5260294794104118
0.5102697946041079,0.4861502769944601
0.758804823903522,0.6969860602787944
0.2735145297094058,0.7746645067098659
0.2006759864802704,0.20149597008059839
0.8629627407451851,0.8586428271434572
0.9162616747665047,0.9484610307793845
0.9721205575888483,0.8703825923481531
0.3383732325353493,0.3489530209395812
0.39493210135797285,0.3072538549229015
0.12057758844823104,0.1139377212455751
0.37033259334813307,0.34661306773864525
0.17285654286914262,0.1874562508749825
0.3350532989340213,0.41947161056778864
0.1612567748645027,0.21775564488710228
0.6367472650546989,0.6063878722425552
0.4231515369692606,0.40487190256194877
0.5678086438271235,0.5171496570068599
0.3009539809203816,0.4000519989600208
0.44239115217695646,0.374152516949661
0.4548709025819484,0.4488310233795324
0.3272334553308934,0.3302333953320934
0.6464470710585789,0.6616267674646508
0.6820663586728266,0.2753144937101258
0.8488030239395212,0.8125637487250256
0.7893842123157537,0.7435851282974341
0.8468630627387452,0.8571428571428572
0.8006439871202576,0.8877622447551049
0.6434271314573708,0.5307293854122918
0.7269854602907942,0.7136057278854423
0.5603687926241475,0.4046119077618448
0.030679386412271754,0.09721805563888723
0.24283514329713407,0.19439611207775845
0.36813263734725304,0.629867402651947
0.15671686566268675,0.39813203735925284
0.5189696206075879,0.3948521029579409
0.508169836603268,0.4044119117617648
0.878582428351433,0.7964440711185776
0.3429331413371733,0.4373112537749245
0.16731665366692666,0.12945741085178297
0.7128457430851384,0.2761144777104458
0.6597068058638828,0.6457470850582988
0.19559608807823844,0.05945881082378353
0.49533009339813205,0.43005139897202055
0.9696806063878722,0.2745145097098058
0.633027339453211,0.6388272234555309
0.10477790444191117,0.17063658726825465
0.3349733005339893,0.45929081418371637
0.7958440831183377,0.8215035699286014
0.9471810563788725,0.9494210115797684
0.48505029899402013,0.6957060858782824
0.24353512929741405,0.4798704025919482
0.8896822063558729,0.7388852222955541
0.6702865942681147,0.8513029739405212
0.3127537449251015,0.5484890302193957
0.6850862982740346,0.6181476370472591
0.09371812563748726,0.08391832163356733
0.7959240815183697,0.6066678666426671
0.24507509849803005,0.2255554888902222
0.9035019299614008,0.9175816483670327
0.19655606887862243,0.17047659046819064
0.2155756884862303,0.35869282614347714
0.2657946841063179,0.31967360652786947
0.7636447271054579,0.7170656586868263
0.6600267994640108,0.6645067098658027
0.1606567868642627,0.1485970280594388
0.7982640347193056,0.7824443511129777
0.5627087458250836,0.34637307253854926
0.867782644347113,0.881282374352513
0.4664506709865803,0.5583688326233476
0.18283634327313456,0.30517389652206955
0.5507089858202836,0.33385332293354136
0.9744205115897683,0.9793804123917522
0.21657566848663026,0.21931561368772626
0.41129177416451673,0.5873082538349234
0.8649627007459851,0.8126437471250575
0.30809383812323754,0.5097498050039
0.19875602487950242,0.17079658406831863
0.20295594088118238,0.20329593408131838
0.4540309193816124,0.3608127837443251
0.885622287554249,0.7625247495050099
0.6180076398472031,0.6215275694486111
0.3888922221555569,0.376132477350453
0.8360032799344014,0.8076638467230656
0.18263634727305456,0.18949621007579848
0.8527029459410812,0.8342633147337054
0.09835803283934322,0.08181836363272735
0.748645027099458,0.5376692466150678
0.7998440031199376,0.8904221915561689
0.33621327573448534,0.4056518869622608
0.9607207855842883,0.9584608307833844
0.3297334053318934,0.3476730465390692
0.8137637247255055,0.6136477270454591
0.7886442271154577,0.8337433251334974
0.5195296094078119,0.5404091918161636
0.9928001439971201,0.9933001339973201
0.378432431351373,0.32133357332853346
0.5293694126117477,0.5396692066158677
0.2947341053178937,0.2688946221075579
0.2683746325073499,0.23923521529569408
0.1630567388652227,0.11879762404751905
0.16493670126597468,0.12859742805143898
0.4713505729885403,0.44827103457930845
0.2919341613167737,0.0876782464350713
0.059398812023759524,0.07185856282874342
0.887922241555169,0.869162616747665
0.7239255214895702,0.7254454910901782
0.25835483290334194,0.22405551888962222
0.39401211975760486,0.3111537769244615
0.5572288554228916,0.6749465010699787
0.6415471690566189,0.9153016939661207
0.7931441371172577,0.8356832863342734
0.5891082178356433,0.22069558608827824
0.1640967180656387,0.15747685046299076
0.06445871082578349,0.09911801763964721
0.4776504469910602,0.50344993100138
0.6418271634567309,0.5312693746125078
0.06587868242635148,0.0497190056198876
0.6957460850782985,0.7068058638827224
0.8511229775404492,0.870642587148257
0.17913641727165458,0.31991360172796546
0.8184036319273614,0.878962420751585
0.8438431231375373,0.9296814063718726
0.373632527349453,0.26879462410751787
0.14785704285914283,0.17393652126957462
0.5416891662166757,0.49595008099838006
0.9255614887702246,0.9232415351692966
0.4111317773644527,0.30563388732225355
0.5779084418311634,0.501069978600428
0.7698646027079459,0.7823443531129378
0.7812243755124898,0.7399252014959701
0.16957660846783065,0.1504169916601668
0.8084438311233776,0.7442251154976901
0.28545429091418173,0.23243535129297416
0.8432831343373133,0.8027439451210976
0.16115677686446273,0.15995680086398273
0.632467350652987,0.6915661686766265
0.34667306653866925,0.5450890982180356
0.2127357452850943,0.32003359932801345
0.5508889822203556,0.6512269754604908
0.3110737785244295,0.35331293374132516
0.013359732805343893,0.019219615607687847
0.6935261294774104,0.6653466930661387
0.5321093578128437,0.3623127537449251
0.3909721805563889,0.26005479890402194
0.4761504769904602,0.7786044279114418
0.04435911281774365,0.11043779124417512
0.09177816443671127,0.09625807483850324
0.4145717085658287,0.3997120057598848
0.38167236655266895,0.7985640287194257
0.3909521809563809,0.3670726585468291
0.8873222535549289,0.8664626707465851
0.027059458810823785,0.0249395012099758
0.6768264634707306,0.7578448431031379
0.3842723145537089,0.370032599348013
0.7312453750924982,0.8184436311273775
0.5312893742125158,0.8176836463270735
0.08055838883222335,0.022899542009159817
0.5671486570268595,0.3057738845223096
0.4793504129917402,0.378452430951381
0.6805263894722106,0.6592668146637067
0.4385912281754365,0.75402491950161
0.17351652966940662,0.2644147117057659
0.0768584628307434,0.08653826923461531
0.1882762344753105,0.18301633967320655
0.8559028819423612,0.8220635587288254
0.33071338573228537,0.2910141797164057
0.12651746965060698,0.1754564908701826
0.8246235075298495,0.8223235535289295
0.8322833543329133,0.7912241755164897
0.46953060938781227,0.6609067818643627
0.16985660286794266,0.18179636407271854
0.760884782304354,0.6868262634747305
0.47107057858842827,0.6947061058778825
0.7844643107137858,0.8686826263474731
0.9272614547709046,0.8616427671446572
0.2669546609067819,0.3203535929281415
0.4801503969920602,0.4498310033799324
0.6583468330633387,0.6408471830563389
0.3249735005299894,0.4956500869982601
0.9007019859602808,0.882342353152937
0.632547349053019,0.5842883142337153
0.29373412531749366,0.09849803003939922
0.22751544969100618,0.13137737245255096
0.6030279394412112,0.6587268254634907
0.7006459870802584,0.5133697326053479
0.5273694526109478,0.5275294494110118
0.13509729805403892,0.10575788484230315
0.5573288534229316,0.4247515049699006
0.7971640567188657,0.7751244975100499
0.7786444271114578,0.7781444371112578
0.626747465050699,0.6373472530549389
0.04467910641787164,0.04355912881742365
0.4014919701605968,0.45839083218335636
0.6059678806423872,0.8066238675226496
0.4169116617667647,0.17931641367172657
0.3123337533249335,0.21629567408651829
0.28927421451570967,0.15405691886162276
0.6618067638647227,0.6496870062598749
0.874762504749905,0.8746025079498411
0.25867482650346996,0.2260354792904142
0.7062458750824984,0.7993840123197536
0.4162116757664847,0.4486910261794764
0.7669846603067939,0.7956640867182657
0.34503309933801324,0.34325313493730125
0.1006379872402552,0.11375772484550309
0.7481250374992501,0.7282854342913142
0.9907001859962801,0.9608807823843524
0.2256354872902542,0.20811583768324635
0.1382772344553109,0.03899922001559969
0.8158436831263375,0.7988040239195217
0.501269974600508,0.5488090238195237
0.9069018619627608,0.8311633767324654
0.21655566888662228,0.23353532929341414
0.10723785524289514,0.0992980140397192
0.4188116237675247,0.40185196296074077
0.2920541589168217,0.30809383812323754
0.9733405331893362,0.9374812503749925
0.12175756484870304,0.44039119217615647
0.32889342213155737,0.17211655766884662
0.9138617227655447,0.9452610947781045
0.6577468450630988,0.6064278714425712
0.1752764944701106,0.1875362492750145
0.4097118057638847,0.5351692966140678
0.16587668246635068,0.2402151956960861
0.2630947381052379,0.379872402551949
0.4119517609647807,0.39535209295814083
0.43107137857242855,0.4670706585868283
0.026779464410711787,0.22837543249135017
0.23255534889302215,0.22719545609087818
0.9932601347973041,0.9999400011999761
0.4254714905701886,0.4677906441871163
0.9381812363752725,0.9685206295874083
0.882082358352833,0.8894422111557769
0.5524089518209636,0.5466690666186677
0.8003639927201456,0.8630427391452171
0.48853022939541213,0.4527109457810844
0.6444671106577868,0.15805683886322275
0.6567868642627148,0.7194456110877783
0.8921821563568729,0.9037419251614968
0.2389952200955981,0.7999240015199697
0.1389572208555829,0.21653566928661427
0.9681406371872563,0.9579208415831684
0.8516429671406572,0.8935621287574249
0.8554628907421852,0.7192656146877062
0.6896462070758586,0.6380272394552109
0.4635707285854283,0.44697106057878844
0.27263454730905384,0.2911341773164537
0.5452490950180997,0.5399492010159797
0.6803863922721546,0.8143237135257295
0.33627327453450934,0.6598068038639228
0.2116557668846623,0.17105657886842263
0.5815883682326354,0.6071678566428672
0.20851582968340635,0.15851682966340674
0.7907841843163137,0.7181856362872743
0.7896042079158417,0.7364852702945941
0.8949821003579929,0.8421031579368413
0.3392532149357013,0.4515109697806044
0.5258094838103238,0.4897502049959001
0.6896862062758745,0.8178836423271535
0.8690826183476331,0.8679426411471771
0.5249495010099798,0.43531129377412453
0.7936041279174417,0.8004639907201856
0.13311733765324693,0.14739705205895884
0.5200095998080039,0.35617287654246915
0.6344473110537789,0.5623687526249476
0.8868222635547289,0.7702245955080899
0.7273254534909303,0.7659046819063619
0.19125617487650248,0.16247675046499072
0.6869662606747865,0.8379032419351613
0.3526929461410772,0.39345213095738085
0.8384032319353614,0.8128437431251375
0.019599608007839844,0.02005959880802384
0.04421911561768765,0.03207935841283174
0.2235555288894222,0.28457430851382975
0.5201695966080678,0.5362492750144997
0.06975860482790344,0.4127317453650927
0.8598428031439371,0.9414011719765605
0.6505069898602028,0.6558868822623548
0.6981460370792585,0.6483270334593308
0.6907461850762985,0.7344853102937942
0.06597868042639148,0.07061858762824744
0.6600467990640188,0.7392652146957062
0.6630067398652028,0.6968460630787384
0.5796684066318674,0.6109677806443872
0.9473210535789285,0.9695406091878163
0.003019939601207976,0.002299954000919982
0.9779404411911762,0.9866602667946641
0.05657886842263155,0.053598928021439576
0.41853162936741267,0.12995740085198296
0.254994900101998,0.13135737285254295
0.24977500449991,0.19029619407611847
0.013279734405311895,0.019059618807623847
0.5857882842343153,0.5266894662106758
0.24857502849943003,0.29453410931781365
0.5170096598068039,0.6869062618747626
0.16769664606707865,0.24473510529789405
0.5537689246215076,0.31563368732625346
0.7657246855062899,0.6665866682666347
0.9790004199916003,0.9896202075958481
0.8499630007399852,0.6490270194596108
0.7096258074838504,0.6609667806643867
0.6668066638667227,0.8598828023439532
0.11489770204595909,0.16195676086478272
0.05845883082338353,0.06299874002519949
0.9095418091638168,0.9287414251714966
0.8359632807343853,0.9263614727705446
0.7248855022899542,0.6396072078558429
0.8648227035459292,0.8975420491590168
0.50804983900322,0.36891262174756506
0.4799704005919882,0.4624707505849883
0.1653766924661507,0.1144777104457911
0.8598228035439291,0.8905221895562089
0.8872022559548809,0.9061818763624728
0.47355052898942024,0.501129977400452
0.4497510049799004,0.34771304573908524
0.014059718805623888,0.013939721205575888
0.754144917101658,0.8846423071538569
0.1741765164696706,0.19917601647967043
0.5388692226155477,0.4044519109617808
0.19577608447831044,0.29927401451970964
0.6135277294454111,0.5593288134237315
0.18989620207595848,0.1128777424451511
0.7579848403031939,0.6955460890782185
0.8681026379472411,0.7415851682966341
0.37801243975120496,0.4469910601787964
0.5411891762164757,0.5761684766304674
0.26035479290414193,0.14531709365812684
0.8976420471590568,0.8617027659446811
0.6674066518669627,0.47241055178896424
0.6868662626747465,0.7918641627167456
0.34501309973800526,0.38487230255394894
0.9042419151616968,0.7348853022939541
0.42517149657006864,0.4355512889742205
0.5302493950120998,0.5671486570268595
0.127617447651047,0.1384172316553669
0.9526009479810404,0.9221415571688567
0.5258694826103478,0.50564988700226
0.7332853342933141,0.5470690586188276
0.14713705725885481,0.11515769684606308
0.13227735445291094,0.376012479750405
0.17079658406831863,0.26159476810463794
0.9255814883702326,0.6969660606787864
0.2943341133177337,0.40431191376172476
0.4864502709945801,0.5992480150396993
0.6375272494550109,0.6938861222775544
0.8688026239475211,0.8689626207475851
0.5596888062238755,0.620127597448051
0.3340133197336053,0.2608147837043259
0.500009999800004,0.632907341853163
0.03009939801203976,0.03127937441251175
0.3304733905321894,0.24385512289754205
0.14731705365892683,0.19519609607807845
0.5504889902201956,0.5773484530309394
0.17371652566948662,0.20539589208215836
0.4415711685766285,0.4248515029699406
0.5865082698346034,0.5723685526289475
0.19891602167956643,0.18153636927261455
0.4489310213795724,0.34695306093878125
0.9367212655746885,0.9106817863642728
0.30667386652266954,0.23525529489410213
0.3524929501409972,0.3658126837463251
0.6798264034719306,0.7958640827183456
0.997720045599088,0.9975400491990161
0.4072518549629008,0.5128897422051559
0.5458690826183477,0.5352492950140998
0.8142437151256975,0.7952040959180817
0.6858862822743546,0.6830263394732106
0.8386032279354413,0.8176636467270655
0.08273834523309534,0.06915861682766344
0.48071038579228415,0.7269454610907782
0.3998320033599328,0.45829083418331634
0.23977520449591008,0.17311653766924662
0.5844683106337873,0.5866082678346434
0.9473010539789205,0.8660626787464251
0.505909881802364,0.44477110457790847
0.8980220395592089,0.8967420651586968
0.4393912121757565,0.3867122657546849
0.2745945081098378,0.28533429331413374
0.5224695506089878,0.3982720345593088
0.748605027899442,0.7980840383192337
0.9887002259954801,0.99460010799784
0.5274894502109958,0.7332453350932981
0.7450650986980261,0.8964020719585608
0.632947341053179,0.622487550248995
0.7299654006919862,0.5679486410271795
0.22837543249135017,0.378732425351493
0.17981640367192656,0.21975560488790225
0.6161476770464591,0.125477490450191
0.8245635087298254,0.7878242435151297
0.49545009099818005,0.619747605047899
0.5971680566388673,0.5822483550328994
0.8071238575228495,0.8545629087418252
0.22853542929141418,0.3034139317213656
0.2996340073198536,0.2885342293154137
0.1501569968600628,0.15597688046239075
0.7609647807043859,0.7794844103117938
0.8562628747425052,0.8146837063258735
0.7889042219155618,0.7256854862902742
0.062158756824863506,0.05853882922341554
0.4523709525809484,0.3858722825543489
0.9920001599968001,0.9855602887942242
0.03367932641347173,0.07197856042879143
0.6847663046739065,0.6179676406471871
0.04879902401951961,0.06527869442611148
0.015899682006359873,0.015559688806223876
0.7158456830863383,0.7443251134977301
0.6634867302653947,0.631687366252675
0.5822683546329074,0.5338293234135317
0.6399272014559709,0.49455010899782004
0.9906201875962481,0.9922801543969121
0.9427811443771125,0.9504209915801685
0.9477010459790804,0.9429211415771684
0.9870402591948161,0.9764004719905602
0.04005919881602368,0.05275894482110358
0.5646487070258595,0.43461130777384455
0.4177716445671087,0.3894122117557649
0.2630147397052059,0.25873482530349395
0.9113817723645528,0.9145017099658007
0.01981960360792784,0.15539689206215876
0.46755064898702026,0.5231695366092678
0.8568428631427372,0.8991220175596488
0.22963540729185417,0.18573628527429453
0.9736005279894402,0.9728805423891522
0.2966740665186696,0.4111917761644767
0.41701165976680465,0.5394692106157877
0.3628127437451251,0.3902521949561009
0.31745365092698147,0.249715005699886
0.06355872882542349,0.06627867442651147
0.00627987440251195,0.005219895602087958
0.8286234275314494,0.7681046379072419
0.8343433131337373,0.8717425651486971
0.4894502109957801,0.31133377332453355
0.9399212015759685,0.9648207035859283
0.7030259394812104,0.7360852782944342
0.5326293474130518,0.4679106417871643
0.7229455410891782,0.748545029099418
0.2939341213175737,0.39825203495930084
0.26027479450410995,0.14445711085778284
0.4255314893702126,0.5908481830363393
0.618167636647267,0.6733665326693467
0.5163896722065558,0.4593908121837563
0.5493890122197557,0.6606467870642587
0.6970060598788025,0.6946661066778664
0.24667506649867005,0.2238355232895342
0.3912921741565169,0.019879602407951842
0.9044419111617767,0.9266414671706567
0.752164956700866,0.7174856502869943
0.7307053858922822,0.24903501929961402
0.40587188256234874,0.6995460090798185
0.502129957400852,0.08293834123317534
0.8171036579268415,0.7850442991140177
0.24533509329813405,0.16827663446731067
0.5088898222035559,0.6114277714445712
0.09265814683706326,0.06591868162636748
0.48841023179536414,0.4258514829703406
0.34561308773824523,0.37869242615147697
0.008359832803343934,0.01787964240715186
0.9469410611787764,0.9601607967840644
0.6530269394612108,0.6637467250654987
0.22977540449191017,0.3311533769324614
0.25211495770084597,0.30757384852302955
0.6567468650626987,0.6588468230635387
0.18163636727265456,0.38047239055218895
0.11841763164736706,0.17209655806883864
0.3191536169276615,0.4166716665666687
0.33221335573288535,0.22361552768944623
0.7905041899162017,0.7220055598888022
0.24295514089718206,0.18441631167376654
0.3644127117457651,0.4799104017919642
0.8238035239295214,0.8629227415451691
0.14501709965800685,0.1368972620547589
0.44523109537809247,0.3886722265554689
0.3130937381252375,0.3280734385312294
0.2621947561048779,0.08097838043239136
0.9575008499830003,0.878862422751545
0.5463490730185396,0.5455290894182117
0.7268454630907382,0.7283454330913381
0.3324133517329654,0.30981380372392553
0.6619067618647627,0.6413871722565548
0.4376112477750445,0.34193316133677326
0.0629787404251915,0.052038959220815584
0.5510489790204196,0.36807263854722905
0.2259154816903662,0.6449271014579708
0.7395852082958341,0.765804683906322
0.09761804763904722,0.06981860362792744
0.3962120757584848,0.3662526749465011
0.8072438551228975,0.7990640187196256
0.1658366832663347,0.1659766804663907
0.2118957620847583,0.18037639247215057
0.2907341853162937,0.3126737465250695
0.496270074598508,0.48419031619367614
0.38465230695386093,0.4687706245875083
0.3183536329273415,0.3981520369592608
0.9915601687966241,0.994040119197616
0.14163716725665487,0.45853082938341233
0.9984400311993761,0.9982200355992881
0.625987480250395,0.6112677746445071
0.6043479130417392,0.6639667206655867
0.5876682466350673,0.6124677506449872
0.22433551328973422,0.39253214935701286
0.8603227935441291,0.8700225995480091
0.1774964500709986,0.250014999700006
0.5791284174316513,0.12853742925141498
0.8893222135557289,0.873482530349393
0.6226675466490671,0.8231835363292734
0.32431351372972544,0.1771764564708706
0.5600887982240356,0.3027939441211176
0.9620807583848323,0.9666806663866723
0.6937461250774984,0.8064638707225856
0.8131837363252735,0.7902841943161137
0.248535029299414,0.2242355152896942
0.5487490250194996,0.4743905121897562
0.8703425931481371,0.8910821783564329
0.3104137917241655,0.30219395612087757
0.7473050538989221,0.8506629867402652
0.07225855482890342,0.09115817683646327
0.14071718565628688,0.12401751964960701
0.8327233455330894,0.8664426711465771
0.7742045159096819,0.8071038579228416
0.4856502869942601,0.5483090338193236
0.15515689686206277,0.1394572108557829
0.8914421711565769,0.8533029339413212
0.8695826083478331,0.9173616527669447
0.5557488850222996,0.4298314033719326
0.6892062158756825,0.6697266054678906
0.2733345333093338,0.2254354912901742
0.6763464730705386,0.6463070738585228
0.1866762664746705,0.2747345053098938
0.5938681226375473,0.5409491810163797
0.5842083158336834,0.6087078258434832
0.620227595448091,0.6113277734445312
0.44251114977700445,0.5358692826143477
0.2114357712845743,0.19841603167936642
0.15281694366112678,0.1881162376752465
0.6580268394632107,0.7223855522889543
0.9457210855782885,0.9313613727725446
0.22257554848903022,0.20957580848383034
0.4485310293794124,0.4380112397752045
0.5752084958300834,0.4790104197916042
0.02771944561108778,0.02259954800903982
0.9509809803803925,0.9591408171836564
0.7057858842823144,0.34483310333793327
0.7116857662846743,0.6767064658706826
0.6351472970540589,0.747485050298994
0.20757584848303035,0.2829543409131817
0.637147257054859,0.5964680706385872
0.4019519609607808,0.3989720205595888
0.5230095398092038,0.5553088938221236
0.7304653906921862,0.7316053678926422
0.1368172636547269,0.11597768044639108
0.9730205395892082,0.9533609327813444
0.28145437091258174,0.2656746865062699
0.7841243175136497,0.8672626547469051
0.35463290734185315,0.19423611527769447
0.748745025099498,0.7717845643087139
0.7497250054998901,0.7393252134957301
0.15997680046399074,0.12973740525189498
0.47101057978840427,0.4884502309953801
0.009799804003919922,0.039579208415831686
0.41793164136717265,0.5957280854382913
0.21611567768644627,0.19611607767844644
0.5206095878082438,0.6591068178636428
0.07049859002819944,0.08571828563428732
0.02253954920901582,0.3896522069558609
0.8235835283294335,0.7776444471110578
0.5954880902381953,0.6173276534469311
0.1511169776604468,0.15343693126137478
0.1633367332653347,0.17351652966940662
0.1628967420651587,0.17217655646887062
0.30379392412151757,0.3136137277254455
0.2962740745185096,0.39315213695726087
0.630207395852083,0.6214475710485791
0.03267934641307174,0.02885942281154377
0.5962080758384832,0.6064478710425791
0.027439451210975782,0.03469930601387972
0.4634107317853643,0.506189876202476
0.8964620707585849,0.8416031679366412
0.0626987460250795,0.128217435651287
0.8294034119317614,0.8407231855362893
0.7784844303113938,0.7788244235115298
0.0253994920101598,0.03269934601307974
0.44941101177976445,0.4431711365772685
0.7050458990820184,0.6620467590648187
0.37155256894862104,0.5206895862082759
0.23387532249355014,0.4109117817643647
0.6197076058478831,0.6009679806403873
0.22539549209015822,0.1768164636707266
0.3630527389452211,0.39561208775824486
0.8257234855302894,0.8386032279354413
0.6346073078538429,0.5425891482170356
0.5778884422311554,0.4046319073618528
0.22945541089178217,0.4826103477930442
0.8518029639407212,0.9728005439891203
0.39695206095878083,0.33137337253254934
0.6493070138597228,0.9142817143657127
0.9819203615927682,0.9927401451970961
0.008879822403551929,0.012219755604887902
0.5785284294314114,0.41145177096458074
0.8207435851282975,0.8710225795484091
0.9537409251814964,0.9493410131797364
0.47961040779184416,0.17265654686906262
0.6928261434771305,0.6677066458670827
0.46967060658786824,0.4283314333713326
0.5090498190036199,0.4153716925661487
0.29397412051758964,0.03867922641547169
0.8082038359232816,0.8144037119257616
0.508729825403492,0.500709985800284
0.8120437591248175,0.8005239895202096
0.8496630067398653,0.8978820423591528
0.5067498650026999,0.6894262114757705
0.1511369772604548,0.13103737925241496
0.3279734405311894,0.20967580648387033
0.5395292094158117,0.49219015619687606
0.629947401051979,0.6607667846643067
0.8430631387372253,0.8331033379332413
0.7727845443091138,0.7769844603107938
0.12095758084838304,0.12099758004839904
0.4873502529949401,0.3908921821563569
0.4852302953940921,0.5322093558128838
0.9892602147957041,0.9886802263954722
0.08091838163236735,0.12461750764984701
0.5242095158096838,0.46863062738745226
0.22757544849103017,0.23969520609587808
0.2033159336813264,0.22031559368812625
0.4198916021679567,0.3331533369332613
0.6986660266794664,0.8224435511289775
0.3015339693206136,0.07739845203095938
0.7796444071118578,0.6961260774784505
0.04397912041759165,0.04531909361812764
0.18299634007319854,0.16447671046579068
0.8067238655226896,0.8556828863422732
0.18087638247235055,0.4512709745805084
0.02393952120957581,0.024399512009759806
0.7338253234935301,0.6699866002679946
0.5925481490370192,0.5137297254054919
0.0744585108297834,0.12053758924821505
0.8076838463230736,0.8211635767284654
0.2608347833043339,0.22335553288934223
0.8970820583588328,0.9214015719685607
0.5344693106137878,0.3934721305573889
0.09003819923601528,0.5808283834323313
0.9094218115637688,0.7950040999180017
0.30455390892182155,0.45693086138277234
0.03297934041319174,0.6164276714465711
0.9790204195916082,0.9810003799924002
0.5577288454230915,0.15825683486330275
0.6984260314793704,0.7293854122917542
0.5344493110137798,0.4558508829823404
0.43277134457310856,0.46731065378692427
0.45011099778004443,0.38659226815463693
0.09603807923841523,0.09071818563628728
0.002379952400951981,0.0020799584008319833
0.9470410591788164,0.9492810143797125
0.03941921161576769,0.0381792364152717
0.4150116997660047,0.49179016419671606
0.7584048319033619,0.6753264934701306
0.3367732645347093,0.38505229895402093
0.17925641487170257,0.3160736785264295
0.6368472630547389,0.7025859482810344
0.9529409411811764,0.9592008159836803
0.2111157776844463,0.2629947401051979
0.34827303453930925,0.35553288934221317
0.1366972660546789,0.044599108017839645
0.1509769804603908,0.14045719085618288
0.26045479090418194,0.2397552048959021
0.33101337973240536,0.3339533209335813
0.13201735965280695,0.1378972420551589
0.7063258734825304,0.7349653006939861
0.5869482610347794,0.6414471710565789
0.08509829803403932,0.11593768124637507
0.7384852302953941,0.8330833383332333
0.4893502129957401,0.49459010819783605
0.8972420551588969,0.8952420951580968
0.11509769804603909,0.11511769764604708
0.45605087898242036,0.41793164136717265
0.10783784324313514,0.10157796844063119
0.8008039839203216,0.7641647167056659
0.5727885442291154,0.5533489330213396
0.01125977480450391,0.009819803603927922
0.4544309113817724,0.4789904201915962
0.1732965340693186,0.9090418191636167
0.5856082878342433,0.5965080698386033
0.9673406531869363,0.9351812963740725
0.8359832803343933,0.8238035239295214
0.7042259154816904,0.7403251934961301
0.9565408691826164,0.9667606647867043
0.8135637287254255,0.8670026599468011
0.2378152436951261,0.1529169416611668
0.15481690366192677,0.24967500649987
0.45451090978180436,0.6393672126557469
0.7892242155156897,0.7718445631087378
0.3838723225535489,0.35561288774224514
0.2015959680806384,0.256714865702686
0.3253934921301574,0.27995440091198176
0.9326213475730486,0.9708605827883443
0.18129637407251856,0.17341653166936663
0.19155616887662247,0.3623527529449411
0.7711845763084738,0.875922481550369
0.7951640967180656,0.5928481430371393
0.07129857402851943,0.015999680006399872
0.5794484110317794,0.506369872602548
0.33027339453210935,0.6098078038439232
0.376332473350533,0.41649167016659666
0.7066458670826584,0.9559608807823844
0.018619627607447852,0.020579588408231837
0.10231795364092719,0.10621787564248715
0.27087458250834984,0.3015939681206376
0.6673266534669307,0.6951260974780504
0.8456430871382573,0.8434831303373933
0.13441731165376694,0.10017799644007121
0.7881042379152418,0.7136257274854503
0.011099778004439911,0.009619807603847924
0.09113817723645527,0.11581768364632708
0.1734365312693746,0.19339613207735845
0.8350432991340173,0.8424631507369853
0.507609847803044,0.48057038859222817
0.1016979660406792,0.09773804523909523
0.9351012979740405,0.9119417611647768
0.9467010659786804,0.8618227635447291
0.248135037299254,0.06325873482530349
0.6464270714585708,0.5780084398312034
0.5150896982060359,0.5930881382372353
0.5966480670386592,0.5768284634307314
0.13281734365312695,0.14703705925881483
0.5458490830183397,0.6454070918581628
0.8123637527249455,0.6033479330413392
0.9215215695686086,0.9233015339693207
0.5789484210315794,0.5852682946341073
0.3017339653206936,0.32157356852862945
0.40729185416291674,0.7776844463110738
0.9408411831763365,0.9381012379752405
0.15367692646147077,0.18077638447231056
0.18577628447431052,0.18435631287374254
0.6381072378552429,0.5817483650326993
0.8619627607447852,0.7376052478950421
0.8292234155316894,0.8645827083458331
0.9752804943901122,0.9662006759864803
0.8232035359292814,0.8481830363392733
0.10879782404351913,0.09629807403851923
0.43421131577368455,0.5205495890082199
0.755804883902322,0.7152456950860983
0.5203295934081319,0.6103677926441471
0.2787944241115178,0.19641607167856642
0.5737885242295154,0.5875082498350033
0.6666066678666427,0.871782564348713
0.9500609987800245,0.880342393152137
0.45967080658386833,0.5256894862102758
0.7049259014819704,0.6846863062738745
0.7843643127137457,0.2663146737065259
0.9633807323853524,0.9662206755864883
0.19955600887982242,0.1860762784744305
0.878722425551489,0.8142837143257136
0.052478950420991585,0.05781884362312754
0.01521969560608788,0.01377972440551189
0.31975360492790145,0.2911941761164777
0.5540689186216275,0.5839483210335793
0.12063758724825505,0.12803743925121497
0.13209735805283895,0.10567788644227116
0.5339293214135717,0.5149497010059799
0.9355212895742085,0.6619267614647707
0.10971780564388713,0.06647867042659147
0.8484830303393932,0.7339853202935942
0.997480050398992,0.996660066798664
0.47463050738985224,0.28121437571248575
0.2259554808903822,0.5324893502129957
0.2016359672806544,0.2264954700905982
0.6615867682646347,0.7112857742845143
0.9226815463690726,0.9242015159696806
0.6784664306713866,0.7097058058838823
0.7563648727025459,0.7130057398852023
0.3522329553408932,0.3267334653306934
0.7025859482810344,0.7211055778884422
0.12859742805143898,0.10403791924161516
0.9018419631607368,0.870062598748025
0.6938861222775544,0.7089858202835944
0.016159676806463873,0.014379712405751886
0.3239935201295974,0.499310013799724
0.45747085058298836,0.374372512549749
0.1638167236655267,0.15215695686086278
0.9260214795704086,0.8878822423551529
0.21773564528709427,0.16487670246595068
0.9858402831943361,0.9764804703905923
0.3040139197216056,0.26933461330773384
0.9613807723845523,0.9571208575828484
0.28149437011259776,0.3146737065258695
0.36045279094418115,0.17231655366892662
0.1985960280794384,0.22131557368852622
0.30511389772204556,0.9281414371712566
0.2928541429171417,0.3465330693386132
0.2145157096858063,0.19363612727745447
0.8758624827503451,0.875542489150217
0.20437591248175038,0.15409691806163878
0.39783204335913286,0.29385412291754165
0.5203495930081399,0.3422931541369173
0.9891602167956641,0.9729005419891602
0.6763264734705307,0.6139277214455711
0.15115697686046278,0.24445511089778205
0.3234935301293974,0.33135337293254136
0.48041039179216416,0.39653206935861285
0.07903841923161536,0.09249815003699927
0.5880082398352033,0.5224495510089798
0.19193616127677446,0.33719325613487733
0.4643507129857403,0.3405331893362133
0.29449411011779764,0.39693206135877285
0.7246455070898582,0.6355072898542029
0.23241535169296615,0.250514989700206
0.8522429551408972,0.7590048199036019
0.13159736805263894,0.2655746885062299
0.9394612107757845,0.9399012019759605
0.5145497090058199,0.39517209655806884
0.1659766804663907,0.29613407731845365
0.3112537749245015,0.2985140297194056
0.38161236775264495,0.4040119197616048
0.41979160416791667,0.3150136997260055
0.1356172876542469,0.08157836843263135
0.010379792404151917,0.04039919201615968
0.38025239495210095,0.30339393212135757
0.013939721205575888,0.01989960200795984
0.5806883862322754,0.6400271994560109
0.5255494890102198,0.4546509069818604
0.4747105057898842,0.5917281654366913
0.8455030899382012,0.8591028179436412
0.9131617367652647,0.9308613827723445
0.07611847763044739,0.07683846323073538
0.40981180376392473,0.43385132297354057
0.6905061898762025,0.7062058758824824
0.6466070678586429,0.6670466590668187
0.42431151376972465,0.379512409751805
0.04335913281734365,0.048339033219335616
0.4195516089678207,0.6055878882422352
0.04867902641947161,0.07909841803163938
0.9670206595868083,0.9639007219855603
0.6140077198456031,0.623447531049379
0.29441411171776566,0.34821303573928525
0.5234495310093799,0.49819003619927604
0.05727885442291154,0.04627907441851163
0.4655106897862043,0.3034739305213896
0.4515309693806124,0.12849743005139896
0.3635927281454371,0.35897282054358914
0.6545269094618108,0.5241095178096439
0.049219015619687605,0.03575928481430372
0.6718465630687387,0.7137057258854823
0.867562648747025,0.8445831083378332
0.10199796004079918,0.11587768244635108
0.6632067358652827,0.751044979100418
0.9178616427671447,0.9021419571608568
0.8594228115437692,0.6901661966760665
0.25605487890242196,0.24065518689626209
0.753304933901322,0.7135857282854343
0.7010259794804105,0.745765084698306
0.13315733685326295,0.12119757604847904
0.6538469230615388,0.7173256534869303
0.9345613087738246,0.9456810863782724
0.8625627487450251,0.8277434451310974
0.9153616927661448,0.8908821823563529
0.8580228395432091,0.8654826903461931
0.44565108697826045,0.4634507309853803
0.1855562888742225,0.2002359952800944
0.5972280554388912,0.640127197456051
0.6558668826623468,0.5673886522269554
0.8513029739405212,0.44631107377852447
0.7768644627107458,0.7259054818903622
0.9049619007619848,0.8953820923581529
0.8002839943201137,0.745645087098258
0.6945061098778025,0.5549489010219796
0.22043559128817425,0.21367572648547029
0.33433331333373334,0.3268534629307414
0.35827283454330916,0.7052058958820824
0.17989640207195856,0.21533569328613428
0.6783664326713466,0.7370452590948181
0.0741985160296794,0.10637787244255115
0.5617687646247075,0.5469890602187957
0.7641047179056419,0.7682646347073059
0.0751184976300474,0.07043859122817545
0.3368132637347253,0.3013339733205336
0.9641807163856723,0.9369612607747846
0.8560428791424172,0.876342473150537
0.9576808463830724,0.9499210015799684
0.15857682846343074,0.1525369492610148
0.5770484590308194,0.4916901661966761
0.2905741885162297,0.5381092378152437
0.2908941821163577,0.37065258694826103
0.4918701625967481,0.5271494570108598
0.8107837843243135,0.8892822143557129
0.2999740005199896,0.29465410691786165
0.09423811523769525,0.6639067218655628
0.126017479650407,0.0880382392352153
0.10673786524269514,0.09569808603827924
0.6606267874642507,0.6557068858622828
0.49685006299874,0.45719085618287636
0.8578628427431452,0.8446231075378493
0.34759304813903724,0.5758084838303235
0.5306693866122678,0.5823283534329313
0.7132657346853063,0.7760444791104179
0.2748945021099578,0.21665566688666227
0.13573728525429493,0.15873682526349472
0.40995180096398076,0.42283154336913265
0.056098878022439555,0.04285914281714366
0.6485670286594268,0.5382492350152998
0.18291634167316653,0.126237475250495
0.12243755124897503,0.16079678406431872
0.2747145057098858,0.19293614127717446
0.4902901941961161,0.376432471350573
0.6635867282654347,0.6482870342593149
0.7366452670946582,0.8903821923561529
0.7340653186936261,0.7098258034839303
0.9250414991700167,0.9122617547649048
0.7326653466930662,0.626467470650587
0.501869962600748,0.48145037099258015
0.7179256414871703,0.7142457150856983
0.011499770004599908,0.6555868882622348
0.17827643447131059,0.1384372312553749
0.12881742365152699,0.2014559708805824
0.124657506849863,0.0998580028399432
0.7997640047199056,0.7464250714985701
0.28209435811283773,0.3015339693206136
0.8365032699346013,0.8373032539349213
0.8587628247435052,0.8706225875482491
0.5124497510049799,0.3663126737465251
0.06045879082418352,0.12095758084838304
0.2600347993040139,0.2143757124857503
0.3141137177256455,0.28125437491250177
0.7982840343193136,0.8072238555228896
0.003559928801423972,0.0033199336013279737
0.25993480130397395,0.1902161956760865
0.2643947121057579,0.2627147457050859
0.5883282334353314,0.6786664266714666
0.9549609007819844,0.9646407071858563
0.3427531449371013,0.3686726265474691
0.9495010099798005,0.9415011699766005
0.018139637207255855,0.026919461610767786
0.757104857902842,0.6894062118757625
0.31895362092758145,0.19837603247935043
0.2244355112897742,0.2638147237055259
0.9810803783924322,0.9734805303893922
0.994480110397792,0.9928601427971441
0.25633487330253396,0.3619727605447891
0.2394752104957901,0.2662146757064859
0.49575008499830003,0.8920621587568249
0.3547729045419092,0.4036119277614448
0.5479690406191876,0.5613087738245235
0.1764764704705906,0.17939641207175858
0.8569028619427612,0.874522509549809
0.03027939441211176,0.4896102077958441
0.498910021799564,0.4475510489790204
0.7728045439091219,0.8229835403291934
0.9513209735805285,0.884022319553609
0.42997140057198857,0.6152876942461151
0.8849023019539609,0.9342413151736966
0.7816043679126418,0.7769044619107618
0.7051458970820584,0.6923661526769465
0.4997500049999,0.4420711585768285
0.6803463930721386,0.07973840523189536
0.40831183376332475,0.6009079818403632
0.9958000839983201,0.9973200535989281
0.2244955100897982,0.256834863302734
0.6163076738465231,0.7082658346833064
0.34457310853782924,0.29619407611847764
0.3538129237415252,0.13453730925381494
0.7853842923141537,0.6985660286794264
0.04789904201915962,0.09325813483730326
0.8115437691246176,0.8316033679326413
0.6638267234655307,0.7278854422911541
0.03249935001299974,0.24367512649747006
0.46137077258454834,0.44971100577988443
0.5645887082258355,0.6572068558628827
0.6827463450730986,0.4876502469950601
0.051058978820423595,0.041279174416511674
0.17297654046919061,0.07137857242855143
0.871462570748585,0.8485430291394173
0.5990080198396033,0.6531469370612588
0.125397492050159,0.10371792564148717
0.6994060118797625,0.7298854022919542
0.5379892402151957,0.46841063178736425
0.22859542809143818,0.7365452690946181
0.9716405671886562,0.7126057478850423
0.6037279254414912,0.6214075718485631
0.9093818123637527,0.7006659866802665
0.6116477670446592,0.4260714785704286
0.12279754404911902,0.10369792604147918
0.8393832123357533,0.753204935901282
0.3244135117297654,0.2859342813143737
0.5092498150036999,0.5504889902201956
0.42919141617167655,0.5317693646127077
0.6010479790404192,0.9176816463670727
0.42013159736805267,0.3537529249415012
0.6741065178696426,0.49663006739865206
0.31243375132497353,0.3019539609207816
0.18817623647527051,0.08137837243255135
0.504829903401932,0.6496470070598588
0.2898542029159417,0.2700945981080379
0.43529129417411655,0.38025239495210095
0.9275214495710086,0.9377812443751126
0.6106877862442751,0.5817683646327073
0.6515669686606268,0.6818663626727466
0.43505129897402056,0.4325313493730126
0.6341073178536429,0.03555928881422372
0.8907621847563049,0.9318013639727206
0.31825363492730147,0.2770544589108218
0.5154896902061958,0.504169916601668
0.6909661806763865,0.8313433731325374
0.17299654006919862,0.16427671446571068
0.8861422771544569,0.8606827863442732
0.6744465110697786,0.6480670386592269
0.2116357672846543,0.2268354632907342
0.8999820003599929,0.880122397552049
0.016799664006719867,0.03223935521289574
0.7332653346933061,0.7726445471090578
0.04015919681606368,0.04031919361612768
0.19395612087758246,0.13545729085418293
0.9234215315693687,0.9317213655726886
0.4169316613667727,0.4402911941761165
0.9299814003719926,0.9688806223875522
0.7777444451110979,0.8077638447231056
0.9277614447711046,0.886802263954721
0.5987880242395153,0.5046899062018759
0.5861882762344753,0.5780284394312114
0.44657106857862844,0.43285134297314054
0.012839743205135899,0.14969700605987882
0.8121237575248496,0.8528829423411532
0.9377412451750965,0.9428411431771365
0.8308233835323294,0.748765024699506
0.20221595568088638,0.18201635967280655
0.6409271814563708,0.6900661986760265
0.5373692526149477,0.4289914201715966
0.5206295874082518,0.4656706865862683
0.881422371552569,0.8677226455470891
0.13091738165236697,0.18149637007259856
0.7910041799164017,0.760304793904122
0.5784884302313954,0.7788444231115378
0.7840843183136338,0.7263454730905382
0.8508229835403293,0.876722465550689
0.008639827203455932,0.0018599628007439852
0.4906101877962441,0.47979040419191615
0.22897542049159017,0.11847763044739106
0.5988880222395553,0.5928681426371473
0.37017259654806906,0.7943441131177377
0.7511049779004421,0.7910041799164017
0.22165556688866223,0.2747145057098858
0.6144877102457951,0.5734085318293635
0.500369992600148,0.505629887402252
0.5049099018019639,0.5289694206115878
0.874302513949721,0.8900621987560249
0.8237835243295134,0.8549829003419932
0.2734545309093818,0.3114937701245975
0.6099878002439951,0.5359492810143798
0.07703845923081538,0.0628387432251355
0.058178836423271534,0.10505789884202316
0.7176856462870743,0.7023459530809384
0.9051018979620408,0.9009019819603609
0.18387632247355054,0.2760544789104218
0.6449071018579629,0.6478070438591228
0.2250954980900382,0.24305513889722205
0.9279814403711926,0.9077018459630808
0.6038479230415392,0.28241435171296575
0.41185176296474074,0.4398312033759325
0.13377732445351093,0.14335713285734286
0.9253814923701527,0.9478210435791284
0.6454070918581628,0.6626467470650588
0.49663006739865206,0.5779684406311874
0.6215675686486271,0.6341273174536509
0.2106557868842623,0.19619607607847844
0.9385412291754165,0.9409211815763685
0.25863482730345394,0.20979580408391832
0.755244895102098,0.8150636987260255
0.636467270654587,0.5785484290314193
0.3890322193556129,0.3039539209215816
0.3632927341453171,0.39543209135817287
0.35531289374212516,0.4760504789904202
0.016399672006559868,0.017179656406871864
0.42351152976940465,0.40637187256254875
0.30793384132317353,0.36097278054438914
0.47251054978900425,0.39269214615707687
0.10425791484170317,0.09003819923601528
0.628027439451211,0.9690406191876163
0.3012539749205016,0.2376152476950461
0.8884222315553689,0.8923821523569528
0.09111817763644728,0.0874182516349673
0.6878262434751305,0.6970660586788264
0.06481870362592748,0.09053818923621527
0.3259534809303814,0.28429431411371775
0.618067638647227,0.5189496210075799
0.7223255534889302,0.7918841623167537
0.7803043939121218,0.8389432211355773
0.7254054918901622,0.7379852402951941
0.6077078458430831,0.622407551848963
0.8377832443351133,0.7473050538989221
0.4257914841703166,0.14079718405631889
0.5475690486190277,0.8946221075578489
0.8079038419231616,0.8489030219395612
0.876262474750505,0.8628227435451291
0.9077418451630967,0.623187536249275
0.8324833503329934,0.3387932241355173
0.0500789984200316,0.03939921201575969
0.40613187736245276,0.46103077938441234
0.9309813803723925,0.5615887682246355
0.748445031099378,0.7320253594928102
0.8412831743365133,0.9061618767624647
0.25581488370232597,0.2597948041039179
0.49495010099798004,0.5330293394132117
0.8577228455430892,0.8255834883302334
0.1997160056798864,0.19783604327913443
0.1740165196696066,0.10415791684166317
0.1747765044699106,0.21885562288754226
0.46979060418791624,0.5325493490130198
0.3930121397572049,0.36189276214475713
0.9253214935701286,0.9243415131697367
0.9394212115757685,0.9932601347973041
0.9246815063698727,0.878422431551369
0.6990260194796104,0.6999460010799784
0.253734925301494,0.5671686566268674
0.23435531289374215,0.23277534449311016
0.8169236615267695,0.8393832123357533
0.050338993220135596,0.14135717285654287
0.7080858382832343,0.748445031099378
0.7664246715065699,0.4823303533929322
0.46057078858422834,0.4364712705745885
0.7336453270934582,0.6741065178696426
0.08015839683206336,0.09623807523849523
0.629987400251995,0.9118017639647208
0.28401431971360575,0.1354172916541669
0.9468210635787284,0.9327013459730805
0.02265954680906382,0.03291934161316774
0.875222495550089,0.9108017839643208
0.5191896162076759,0.5145497090058199
0.3496730065398692,0.36743265134697306
0.11973760524789505,0.14377712445751084
0.5542689146217076,0.08423831523369534
0.3472130557388852,0.23239535209295814
0.9036019279614408,0.9234215315693687
0.9429611407771845,0.9378212435751285
0.9478610427791444,0.9480610387792244
0.2862542749145017,0.2726745465090698
0.26867462650746987,0.3661926761464771
0.10957780844383112,0.1732965340693186
0.5286094278114438,0.4892102157956841
0.45847083058338833,0.373412531749365
0.5527689446211076,0.6153876922461551
0.879762404751905,0.8573828523429532
0.5311893762124758,0.5798684026319474
0.3375932481350373,0.30471390572188556
0.6020679586408272,0.7228255434891302
0.24191516169676608,0.22235555288894224
0.034319313613727725,0.025919481610367792
0.5519489610207796,0.5286694266114678
0.6802063958720825,0.7332853342933141
0.4125917481650367,0.4530309393812124
0.743265134697306,0.7748645027099458
0.42427151456970863,0.35085298294034123
0.07117857642847143,0.1007579848403032
0.03263934721305574,0.033199336013279734
0.28297434051318976,0.509569808603828
0.7448051038979221,0.7717245655086898
0.6983860322793545,0.6137277254454911
0.9658406831863363,0.9435011299774004
0.8642427151456972,0.8951220975580488
0.126757464850703,0.10565788684226315
0.3003539929201416,0.27125457490850186
0.6679466410671787,0.7797644047119058
0.6494870102597948,0.6685866282674346
0.9179616407671847,0.6761264774704506
0.22259554808903823,0.15303693926121478
0.614847703045939,0.5959080818383633
0.5884282314353713,0.6365272694546109
0.37807243855122896,0.33021339573208536
0.9780204395912082,0.9852402951940962
0.998360032799344,0.9986800263994721
0.5733285334293314,0.38887222255554893
0.5313693726125478,0.34485310293794125
0.24313513729725406,0.2283554328913422
0.7946641067178657,0.7818043639127218
0.14313713725725485,0.09285814283714326
0.5243895122097558,0.4107517849643007
0.6971660566788664,0.627907441851163
0.9395812083758325,0.7989240215195696
0.4134717305653887,0.378952420951581
0.5125497490050199,0.6538869222615548
0.19431611367772644,0.24319513609727805
0.30477390452190956,0.46885062298754027
0.9282614347713046,0.9416011679766405
0.6212875742485151,0.6378272434551309
0.8936021279574409,0.9001019979600409
0.508529829403412,0.6887662246755065
0.8126037479250415,0.8574628507429851
0.6890662186756266,0.7697046059078819
0.7413051738965221,0.5663286734265315
0.14881702365952681,0.15955680886382273
0.3919921601567969,0.5461090778184436
0.887482250354993,0.9058818823623528
0.9870802583948322,0.998580028399432
0.17705645887082258,0.15267694646107077
0.07205855882882342,0.125717485650287
0.8410231795364093,0.8480830383392333
0.16195676086478272,0.15659686806263876
0.9265614687706246,0.873382532349353
0.3467530649387012,0.31575368492630146
0.253234935301294,0.16521669566608668
0.21853562928741427,0.2135157296854063
0.8963220735585289,0.8184836303273935
0.9523409531809364,0.9449611007779845
0.18243635127297456,0.2390752184956301
0.623667526649467,0.5547689046219075
0.04443911121777565,0.29595408091838166
0.5541089178216436,0.5729285414291715
0.2848543029139417,0.5590488190236196
0.4896502069958601,0.500509989800204
0.25827483450330996,0.373112537749245
0.9660406791864163,0.9622207555848883
0.18415631687366255,0.19651606967860644
0.47189056218875625,0.9663206735865283
0.7933641327173456,0.8225635487290255
0.5526089478210436,0.6383872322553549
0.7454050918981621,0.8708025839483211
0.9367612647747046,0.9318413631727366
0.3379132417351653,0.3373332533349333
0.376512469750605,0.3856922861542769
0.7369852602947942,0.7399852002959941
0.9539209215815684,0.9456410871782565
0.3153936921261575,0.5374292514149717
0.3296134077318454,0.26863462730745385
0.4041519169616608,0.6640867182656347
0.4757704845903082,0.4514709705805884
0.5407691846163077,0.6098478030439392
0.7294254114917702,0.6898062038759225
0.7150856982860343,0.7049459010819784
0.7985640287194257,0.8051838963220735
0.6503669926601469,0.6472470550588988
0.2707145857082858,0.3003939921201576
0.1002179956400872,0.11663766724665507
0.5993480130397393,0.6817863642727146
0.5945681086378273,0.371812563748725
0.7403051938961221,0.7032259354812904
0.17947641047179058,0.10995780084398313
0.5391492170156597,0.3316733665326694
0.3914121717565649,0.5235495290094199
0.09537809243815124,0.12125757484850304
0.03261934761304774,0.0883382332353353
0.6193676126477471,0.45765084698306036
0.376992460150797,0.4236715265694686
0.09187816243675127,0.18617627647447052
0.4878902421951561,0.6830063398732026
0.2020559588808224,0.2758344833103338
0.40715185696286077,0.47413051738965223
0.18381632367352654,0.21173576528469432
0.5696486070278595,0.635787284254315
0.8948621027579449,0.9024819503609928
0.5414291714165717,0.8513829723405533
0.9211615767684647,0.9137417251654967
0.9628807423851523,0.9677206455870883
0.7157856842863143,0.755004899902002
0.6618667626647468,0.7744645107097858
0.20901581968360633,0.20975580488390233
0.7326853462930741,0.7196656066878663
0.378372432551349,0.38853222935541293
0.5421891562168757,0.4898702025959481
0.7101457970840583,0.7613047739045219
0.005399892002159957,0.00375992480150397
0.8519429611407772,0.8482230355392892
0.5091498170036599,0.4263114737705246
0.8106637867242655,0.5769484610307795
0.3385532289354213,0.5665486690266195
0.0881182376352473,0.09533809323813525
0.4373912521749565,0.7458650826983461
0.5788684226315474,0.6069478610427792
0.37755244895102097,0.2739145217095658
0.9719605607887842,0.9586808263834724
0.9713805723885522,0.9839803203935922
0.3530529389412212,0.21961560768784624
0.37977240455190897,0.6944861102777945
0.2595148097038059,0.17857642847143057
0.07147857042859143,0.2847943041139177
0.623807523849523,0.5556088878222436
0.6084878302433951,0.6376872462550749
0.4744305113897722,0.6072478550428991
0.46913061738765227,0.4770304593908122
0.19607607847843045,0.14175716485670287
0.6494470110597789,0.2699746005079898
0.8198636027279455,0.8073838523229536
0.5207495850082998,0.5536689266214676
0.9369012619747605,0.9430411391772164
0.15443691126177478,0.16849663006739865
0.1126177476450471,0.13483730325393492
0.1633567328653427,0.22737545249095018
0.040959180816383674,0.0500989980200396
0.749765004699906,0.8252234955300894
0.24109517809643807,0.4203515929681407
0.9251414971700567,0.9502809943801124
0.12837743245135097,0.15709685806283874
0.3921721565568689,0.33477330453390935
0.34529309413811726,0.35667286654266916
0.4868902621947561,0.32099358012839746
0.12143757124857503,0.18429631407371852
0.8506229875402492,0.8079438411231775
0.626027479450411,0.7222055558888822
0.2622147557048859,0.3151936961260775
0.9663006739865203,0.9040419191616168
0.49875002499950005,0.38293234135317294
0.20999580008399832,0.18213635727285454
0.7901041979160417,0.7948241035179296
0.31007379852402955,0.8569428611427772
0.1746165076698466,0.03265934681306374
0.38357232855342893,0.502009959800804
0.9802203955920882,0.9827803443931121
0.45927081458370833,0.5347293054138917
0.9009619807603848,0.9252814943701126
0.6050078998420032,0.8468030639387213
0.874522509549809,0.8283034339313214
0.9580408391832164,0.9554008919821604
0.33163336733265336,0.2755344893102138
0.7891042179156417,0.8232835343293134
0.1360172796544069,0.020599588008239834
0.9147017059658807,0.9167216655666887
0.6767064658706826,0.5247495050098998
0.6404071918561629,0.5632287354252915
0.9771404571908562,0.9717005659886803
0.7862042759144817,0.8266234675306494
0.7212655746885063,0.7908641827163457
0.06605867882642347,0.12979740405191897
0.16413671726565468,0.10203795924081518
0.7267054658906822,0.7355652886942261
0.9657606847863043,0.9664406711865763
0.5525889482210355,0.32181356372872544
0.30541389172216554,0.22119557608847823
0.6580868382632348,0.6122677546449071
0.49481010379792406,0.44405111897762045
0.8024639507209856,0.8158636827263455
0.3943321133577329,0.41179176416471674
0.44483110337793247,0.46537069258614827
0.7247055058898823,0.6524269514609708
0.9302213955720886,0.9335413291734166
0.883662326753465,0.9015419691606168
0.7972840543189137,0.8156436871262575
0.2888542229155417,0.5461890762184757
0.9956600867982641,0.996080078398432
0.9587008259834804,0.9685406291874162
0.23125537489250217,0.0874382512349753
0.39813203735925284,0.2897142057158857
0.9918201635967281,0.993340133197336
0.4166916661666767,0.5929681406371873
0.40799184016319673,0.4272314553708926
0.8404831903361933,0.8278234435311294
0.20843583128337434,0.2746545069098618
0.3556328873422532,0.3511329773404532
0.4033519329613408,0.6760864782704347
0.8287234255314894,0.6831063378732426
0.38721225575488494,0.38359232815343697
0.0504189916201676,0.1009379812403752
0.9829603407931842,0.5267494650106999
0.2901541969160617,0.6967060658786824
0.7169456610867783,0.621927561448771
0.994720105597888,0.8599428011439771
0.02633947321053579,0.05353892922141557
0.10293794124117518,0.10963780724385512
0.23021539569208616,0.21553568928621428
0.14439711205775885,0.12983740325193496
0.12867742645147098,0.11509769804603909
0.251454970900582,0.39477210455790884
0.8710225795484091,0.8632427351452971
0.7295054098918022,0.8483830323393532
0.9553808923821524,0.9887402251954961
0.9965200695986081,0.9964000719985601
0.752804943901122,0.8343833123337534
0.5627687446251075,0.5628487430251395
0.249395012099758,0.18345633087338253
0.6885862282754345,0.4525309493810124
0.5130497390052199,0.5916881662366753
0.1130977380452391,0.1521369572608548
0.1735765284694306,0.886122277554449
0.3943921121577569,0.4349313013739725
0.12785744285114298,0.16777664446711066
0.012059758804823904,0.02277954440911182
0.9567608647827044,0.9694806103877923
0.38111237775244494,0.39577208455830887
0.7252254954900902,0.7668846623067539
0.9833603327933441,0.9778404431911362
0.4882302353952921,0.3697526049479011
0.18657626847463052,0.21019579608407832
0.3898122037559249,0.4157916841663167
0.20303593928121438,0.253414931701366
0.6111077778444431,0.753844923101538
0.8935021299574009,0.9204415911681767
0.17971640567188657,0.18757624847503052
0.7228655426891463,0.7647047059058819
0.8235635287294254,0.8498830023399532
0.8635227295454091,0.9136617267654648
0.18391632167356653,0.20971580568388634
0.7061658766824663,0.7302053958920822
0.26899462010759784,0.22251554968900622
0.751184976300474,0.6127077458450831
0.07721845563088739,0.044379112417751644
0.8500029999400013,0.9000019999600009
0.7679646407071858,0.7810043799124018
0.5244895102097958,0.47085058298834026
0.5612687746245075,0.5791884162316754
0.9206215875682486,0.9075418491630167
0.6814063718725626,0.5984280314393713
0.22905541889162218,0.3674726505469891
0.873742525149497,0.888942221155577
0.884922301553969,0.8561428771424572
0.4937701245975081,0.500229995400092
0.3883322333553329,0.4433911321773565
0.25491490170196596,0.3641527169456611
0.6684266314673707,0.751684966300674
0.6888862222755545,0.6822263554728906
0.06781864362712746,0.16727665446691067
0.508269834603308,0.51514969700606
0.8678226435471291,0.8295234095318094
0.3280134397312054,0.20561588768224637
0.375532489350213,0.2623747525049499
0.14673706525869484,0.18085638287234257
0.7739045219095618,0.7911841763164738
0.19131617367652648,0.29641407171856565
0.08017839643207136,0.08093838123237536
0.8155036899262015,0.8213635727285454
0.6483070338593229,0.7910441791164177
0.883442331153377,0.8506229875402492
0.6633467330653388,0.5935081298374033
0.06545869082618348,0.06699866002679947
0.9563008739825204,0.9383012339753205
0.5570888582228356,0.4439711205775885
0.05919881602367953,0.06409871802563949
0.16149677006459873,0.23383532329353413
0.7979240415191696,0.017759644807103857
0.125797484050319,0.12319753604927902
0.498210035799284,0.6392072158556829
0.7298654026919462,0.7443851122977541
0.3132137357252855,0.4375512489750205
0.04101917961640767,0.04353912921741565
0.11007779844403112,0.10309793804123918
0.5376892462150757,0.5968880622387552
0.7307253854922902,0.7297454050918982
0.4912901741965161,0.5661886762264755
0.749745005099898,0.7335053298934021
0.15733685326293476,0.12269754604907902
0.3644927101457971,0.33151336973260537
0.04675906481870363,0.04225915481690366
0.5453690926181477,0.5749485010299794
0.8286634267314654,0.7415651686966261
0.9077018459630808,0.8359032819343614
0.3005739885202296,0.3142937141257175
0.624487510249795,0.6483070338593229
0.4070918581628368,0.5124897502049959
0.6967660646787065,0.6738465230695386
0.7751044979100419,0.7383452330953382
0.4608307833843323,0.4146117077658447
0.8127637447251055,0.8169436611267775
0.6642067158656827,0.8249435011299774
0.3137937241255175,0.40907181856362873
0.749305013899722,0.6895262094758106
0.35861282774344516,0.6660866782664346
0.8184236315273695,0.8283834323313534
0.29225415491690165,0.3415131697366053
0.45903081938361234,0.6107477850442992
0.12081758364832704,0.011099778004439911
0.09853802923941521,0.24231515369692608
0.23097538049239016,0.49625007499850005
0.3044139117217656,0.23223535529289416
0.17193656126877463,0.20363592728145438
0.4341313173736525,0.37795244095118097
0.3372532549349013,0.2996340073198536
0.08207835843283134,0.08623827523449532
0.50744985100298,0.5374692506149877
0.29173416531669366,0.28179436411271774
0.5971480570388592,0.629527409451811
0.9316813663726726,0.9240615187696246
0.5738685226295475,0.6058878822423551
0.4147117057658847,0.370432591348173
0.7651846963060739,0.7651446971060579
0.36949261014779705,0.2992540149197016
0.4757904841903162,0.3120537589248215
0.9136217275654487,0.8921821563568729
0.9364612707745845,0.9420811583768325
0.5738485230295395,0.5832483350332993
0.20641587168256637,0.1757764844703106
0.14319713605727885,0.20827583448331033
0.025939481210375794,0.0251794964100718
0.5826083478330434,0.5380492390152197
0.4625507489850203,0.44925101497970044
0.9871602567948642,0.9831403371932562
0.14091718165636688,0.09857802843943121
0.3097138057238855,0.31729365412691746
0.9538609227815444,0.9661206775864483
0.7894442111157777,0.7151856962860743
0.2902941941161177,0.4145317093658127
0.4814103717925642,0.5242495150096999
0.39807203855922885,0.49477010459790804
0.9295414091718166,0.8282634347313054
0.9143617127657447,0.9000619987600248
0.6520469590608188,0.6595068098638027
0.27377452450950984,0.28169436611267773
0.7293254134917302,0.6437471250574989
0.6928061438771225,0.5451290974180517
0.061038779224415515,0.09087818243635128
0.35835283294334114,0.256434871302574
0.6975660486790265,0.5692086158276835
0.0749985000299994,0.08159836803263935
0.14683706325873483,0.18579628407431853
0.4298314033719326,0.38263234735305296
0.8513229735405292,0.7798444031119378
0.15575688486230277,0.1622367552648947
0.5174696506069879,0.5719885602287954
0.16227675446491072,0.06777864442711146
0.867102657946841,0.9811803763924721
0.7223655526889462,0.6181876362472751
0.8342033159336814,0.8440631187376253
0.3881922361552769,0.33569328613427735
0.1994560108797824,0.28001439971200576
0.1740365192696146,0.17027659446811064
0.3288534229315414,0.2861142777144457
0.6775864482710346,0.7276454470910582
0.8152836943261135,0.7996640067198656
0.29831403371932563,0.1905961880762385
0.44067118657626847,0.4014919701605968
0.044899102017959644,0.04023919521609568
0.5652886942261155,0.760884782304354
0.2768944621107578,0.3420331593368133
0.5323293534129317,0.5327893442131157
0.18025639487210257,0.3036939261214776
0.7394852102957941,0.5690886182276355
0.22957540849183017,0.19685606287874244
0.883142337153257,0.8887022259554809
0.5349693006139877,0.35835283294334114
0.5779484410311794,0.5140297194056119
0.1999360012799744,0.4093118137637247
0.6373472530549389,0.5718285634287315
0.25897482050358994,0.24545509089818204
0.8069238615227696,0.8009839803203936
0.3186336273274535,0.32179356412871746
0.10781784364312715,0.0376192476150477
0.873262534749305,0.8563428731425372
0.4423111537769245,0.41821163576728465
0.8387432251354974,0.752284954300914
0.5262894742105159,0.5610087798244036
0.876722465550689,0.8216235675286494
0.3914321713565729,0.3647727045459091
0.007999840003199936,0.010719785604287914
0.11609767804643907,0.07435851282974341
0.5704285914281715,0.6748865022699546
0.8955820883582328,0.9119817603647927
0.9027219455610888,0.8925821483570329
0.3427731445371093,0.36817263654726906
0.0758184836303274,0.12165756684866304
0.9488810223795524,0.9606607867842644
0.4500109997800044,0.40671186576268475
0.39733205335893285,0.4922301553968921
0.022319553608927824,0.02029959400811984
0.19167616647667046,0.1889562208755825
0.05777884442311154,0.019739605207895843
0.8635827283454331,0.874542509149817
0.761464770704586,0.8034839303213936
0.377572448551029,0.3994920101597968
0.1521969560608788,0.19963600727985442
0.6889662206755865,0.4649907001859963
0.6597668046639067,0.5629287414251715
0.0623987520249595,0.1010579788404232
0.23121537569248615,0.1783564328713426
0.869842603147937,0.7609647807043859
0.3532929341413172,0.38567228655426894
0.11695766084678307,0.14897702045959083
0.8445031099378013,0.875722485550289
0.8566028679426412,0.8546629067418652
0.8234435311293774,0.7935241295174097
0.6383672326553469,0.6867662646747066
0.9758804823903522,0.9742005159896803
0.35725285494290115,0.25331493370132596
0.6545469090618188,0.7683246335073299
0.37515249695006103,0.3998120037599248
0.7061058778824424,0.758264834703306
0.12963740725185496,0.19561608767824645
0.7678246435071299,0.9177616447671046
0.624207515849683,0.7117657646847063
0.8088038239235216,0.886322273554529
0.31793364132717344,0.3030939381212376
0.10871782564348713,0.13285734285314293
0.23019539609207817,0.19591608167836644
0.23577528449431012,0.250134997300054
0.24601507969840605,0.14473710525789485
0.38207235855282895,0.28687426251474973
0.9640007199856003,0.8422831543369133
0.18071638567228657,0.18307633847323054
0.33437331253374936,0.3906721865562689
0.11865762684746306,0.0624187516249675
0.06027879442411152,0.04149917001659967
0.0872382552348953,0.125837483250335
0.7136057278854423,0.7829443411131778
0.1868962620747585,0.2015759684806304
0.02369952600947981,0.025899482010359794
0.33141337173256535,0.3974720505589888
0.5867482650346993,0.621227575448491
0.3232135357292854,0.23293534129317414
0.20871582568348634,0.38103237935241296
0.7370652586948261,0.7978440431191376
0.37167256654866904,0.2757144857102858
0.053878922421551574,0.04009919801603968
0.5937881242375153,0.6526469470610587
0.31225375492490154,0.3913521729565409
0.7387652246955061,0.7392252154956901
0.6158476830463391,0.6717065658686826
0.5547489050218996,0.4220115597688046
0.8213435731285375,0.8294834103317934
0.5671086578268435,0.5901281974360513
0.8748225035499291,0.8938021239575209
0.10667786644267115,0.10595788084238315
0.19707605847883042,0.1997160056798864
0.6249675006499871,0.6545269094618108
0.7779044419111618,0.7895242095158097
0.5475890482190356,0.5535089298214035
0.9695406091878163,0.9536009279814404
0.5548689026219475,0.5627287454250915
0.5844883102337953,0.6713265734685306
0.249655006899862,0.28537429251414975
0.1487370252594948,0.14453710925781485
0.2417351652966941,0.17963640727185456
0.5632687346253075,0.6855062898742026
0.8938221235575289,0.8290434191316174
0.8981820363592729,0.8727825443491131
0.28263434731305376,0.2693546129077419
0.3147937041259175,0.3129537409251815
0.8400831983360333,0.8377232455350894
0.3407131857362853,0.4901101977960441
0.3637527249455011,0.3416931661366773
0.22867542649147019,0.19559608807823844
0.0636187276254475,0.06919861602767945
0.8136037279254416,0.9014819703605929
0.16615667686646268,0.0753984920301594
0.9226215475690487,0.9205015899682006
0.04147917041659167,0.027199456010879784
0.763984720305594,0.8339033219335613
0.9870602587948242,0.9838603227935442
0.2867342653146937,0.3184736305273895
0.5754484910301794,0.18917621647567048
0.1781564368712626,0.15297694046119079
0.3130537389252215,0.6363072738545229
0.23401531969360614,0.34119317613647726
0.7076458470830583,0.374312513749725
0.2272154556908862,0.42861142777144456
0.21801563968720628,0.2772544549109018
0.6419071618567629,0.3567128657426852
0.6537069258614828,0.507029859402812
0.2983940321193576,0.26931461370772586
0.8991020179596408,0.7314853702925942
0.6551068978620428,0.6080478390432191
0.00501989960200796,0.004759904801903962
0.23603527929441412,0.16075678486430273
0.36997260054798903,0.32095358092838144
0.8928621427571449,0.7707245855082898
0.13957720845583088,0.1486770264594708
0.2138357232855343,0.2758944821103578
0.5147497050058999,0.4894702105957881
0.05969880602387952,0.07923841523169536
0.8817023659526809,0.7091658166836664
0.9119217615647688,0.8384232315353694
0.252494950100998,0.22263554728905421
0.5572688546229075,0.2124557508849823
0.8075438491230176,0.878702425951481
0.9461410771784564,0.9512609747805044
0.9568808623827524,0.9367412651746966
0.9098418031639367,0.8317233655326893
0.36041279174416513,0.7285454290914182
0.8624227515449692,0.991860162796744
0.879282414351713,0.6578668426631468
0.2861542769144617,0.2597548049039019
0.1375372492550149,0.1770364592708146
0.7018659626807464,0.15363692726145478
0.4240115197696046,0.3284134317313654
0.634847303053939,0.5650686986260275
0.3004339913201736,0.21607567848643028
0.07953840923181536,0.08091838163236735
0.6328873422531549,0.505169896602068
0.998980020399592,0.998860022799544
0.5875682486350273,0.41799164016719664
0.252134957300854,0.24887502249955
0.045579088418231634,0.05877882442351153
0.5715085698286034,0.25941481170376596
0.20751584968300635,0.18267634647307054
0.7404651906961861,0.8082438351232976
0.8679626407471851,0.9198016039679207
0.885542289154217,0.8079838403231936
0.38133237335253295,0.27863442731145377
0.6706065878682427,0.5517489650206996
0.8326833463330734,0.8572428551428972
0.17399652006959862,0.2638547229055419
0.5166496670066599,0.622387552248955
0.40677186456270875,0.8106837863242735
0.39669206615867686,0.3537329253414932
0.35937281254374914,0.3670526589468211
0.4599108017839643,0.4259914801703966
0.621227575448491,0.7821043579128417
0.23605527889442213,0.28139437211255774
0.8169036619267614,0.6643067138657227
0.2829543409131817,0.3381532369352613
0.254034919301614,0.16055678886422273
0.8145837083258335,0.8214235715285695
0.7155056898862023,0.639907201855963
0.24823503529929403,0.2252954940901182
0.6675066498670027,0.6737465250694986
0.5763684726305474,0.5554288914221716
0.49727005459890805,0.9305413891722166
0.4433311333773325,0.44703105937881243
0.43285134297314054,0.4224715505689886
0.622067558648827,0.6328873422531549
0.5523289534209316,0.34365312693746125
0.875322493550129,0.8748225035499291
0.7987440251194976,0.7985040299194016
0.5755684886302275,0.45405091898162037
0.5966680666386672,0.3268134637307254
0.2652146957060859,0.377292454150917
0.7902641947161057,0.7300853982920342
0.76202475950481,0.7059458810823783
0.48145037099258015,0.3874322513549729
0.03307933841323173,0.032299354012919744
0.6392672146557069,0.5651086978260434
0.23261534769304615,0.28099438011239775
0.02155956880862383,0.29537409251814967
0.6148677026459471,0.46309073818523633
0.26931461370772586,0.04203915921681566
0.5656486870262595,0.4400911981760365
0.7151256974860503,0.7204655906881863
0.254834903301934,0.2617547649047019
0.35647287054258914,0.4667306653866923
0.7080058398832023,0.75952480950381
0.6481870362592749,0.6475870482590348
0.7108657826843463,0.6485070298594028
0.01637967240655187,0.015779684406311875
0.5941281174376513,0.6458470830583388
0.9171216575668487,0.8651826963460731
0.2817543649127018,0.44629107417851643
0.16021679566408673,0.12321753564928702
0.3130737385252295,0.24763504729905403
0.7911841763164738,0.7053258934821304
0.7102457950840984,0.6674666506669867
0.9785204295914082,0.9808803823923522
0.1625767484650307,0.19935601287974242
0.7003859922801544,0.2253754924901502
0.7392252154956901,0.6399872002559949
0.8073638527229455,0.8050238995220096
0.02883942321153577,0.018399632007359855
0.14707705845883082,0.08411831763364733
0.5385492290154197,0.17149657006859864
0.2570548589028219,0.636227275454491
0.24593508129837405,0.23575528489430211
0.753844923101538,0.5820483590328194
0.3517329653406932,0.15921681566368673
0.8544629107417852,0.5032499350013
0.49557008859822804,0.5463890722185556
0.28357432851342973,0.25407491850163
0.8896222075558489,0.871362572748545
0.3868322633547329,0.3902121957560849
0.8553828923421531,0.7107457850842983
0.7738045239095218,0.6606867862642747
0.6336473270534589,0.5970880582388353
0.6591068178636428,0.7008659826803464
0.6457070858582828,0.28767424651506973
0.6538669226615468,0.5979680406391872
0.5102897942041159,0.7165256694866103
0.6077678446431072,0.6209875802483951
0.1998160036799264,0.19647607047859045
0.47635047299054023,0.4285314293714126
0.1616367672646547,0.15719685606287875
0.3046339073218536,0.29059418811623766
0.7995240095198096,0.8233635327293455
0.8050038999220016,0.7813043739125217
0.4245715085698286,0.4003519929601408
0.9898802023959521,0.9899602007959841
0.34403311933761327,0.3160536789264215
0.32089358212835745,0.33245335093298134
0.3157936841263175,0.4378912421751565
0.04793904121917562,0.4327513449731005
0.5183096338073239,0.7167456650866982
0.09157816843663127,0.07855842883142337
0.879242415151697,0.8859022819543609
0.09289814203715926,0.04267914641707166
0.6934061318773624,0.627087458250835
0.2261154776904462,0.1885162296754065
0.1001579968400632,0.09615807683846324
0.509429811403772,0.3891522169556609
0.35451290974180516,0.36589268214635706
0.23177536449271016,0.24783504329913403
0.9476610467790645,0.9626407471850563
0.8487430251394973,0.8867022659546809
0.498390032199356,0.47133057338853224
0.6098678026439471,0.6070478590428192
0.11821763564728706,0.16687666246675067
0.39139217215655686,0.4053718925621488
0.8223835523289534,0.9005819883602328
0.5953680926381473,0.625067498650027
0.17085658286834263,0.16861662766744664
0.16155676886462272,0.1496170076598468
0.5510689786204276,0.377672446551069
0.2007359852802944,0.17113657726845463
0.6490270194596108,0.7903041939161217
0.15611687766244675,0.3362932741345173
0.6505869882602349,0.502769944601108
0.33233335333293335,0.45547089058218837
0.30991380172396554,0.3246335073298534
0.9975000499990001,0.9847403051938961
0.023659526809463812,0.07177856442871143
0.6154476910461791,0.5474290514189717
0.06895862082758344,0.0635187296254075
0.2780344393112138,0.27371452570948585
0.49419011619767605,0.6113677726445471
0.10001799964000721,0.10691786164276715
0.33165336693266134,0.19731605367892643
0.7026459470810584,0.7394452110957781
0.25977480450390994,0.378132437351253
0.1788164236715266,0.16807663846723067
0.5543289134217316,0.5973280534389313
0.6636867262654748,0.6493070138597228
0.4794504109917802,0.5291894162116758
0.9225215495690087,0.9207415851682966
0.251714965700686,0.26977460450790985
0.08085838283234335,0.08541829163416732
0.8929621407571849,0.9183416331673366
0.8494830103397932,0.9060018799624008
0.7925041499170017,0.8169236615267695
0.8230035399292015,0.8405031899362013
0.26765464690706187,0.2866542669146617
0.09575808483830324,0.11679766404671907
0.21761564768704628,0.2411351772964541
0.883362332753345,0.881482370352593
0.6419471610567788,0.8088638227235455
0.010519789604207916,0.008259834803303934
0.9497810043799124,0.9553408931821364
0.2989540209195816,0.2885542289154217
0.15009699806003882,0.1634567308653827
0.618047639047219,0.47259054818903623
0.7447251054978901,0.38813223735525293
0.7289454210915782,0.5983280334393313
0.4715705685886282,0.5225295494090119
0.23705525889482212,0.2384352312953741
0.3981720365592688,0.5464090718185637
0.8524429511409772,0.8699426011479771
0.30675386492270157,0.23249535009299815
0.8861822763544729,0.9041019179616407
0.9289014219715606,0.9081018379632407
0.5473890522189556,0.2017759644807104
0.6730665386692266,0.3225135497290054
0.631227375452491,0.633027339453211
0.45853082938341233,0.6651866962660747
0.9040019199616008,0.8951820963580729
0.9375612487750246,0.9465810683786324
0.7066058678826423,0.27115457690846184
0.9628607427851443,0.9603007939841204
0.8409431811363773,0.878082438351233
0.8254634907301854,0.6862662746745065
0.48393032139357217,0.4143717125657487
0.5798084038319233,0.6068478630427392
0.5988480230395392,0.44695106097878046
0.9127017459650807,0.8154236915261696
0.29757404851902963,0.31901361972760545
0.42067158656826864,0.3897522049559009
0.8382232355352893,0.8044639107217856
0.9647607047859044,0.9466810663786724
0.8013439731205376,0.7661246775064499
0.09137817243655127,0.039459210815783685
0.0373792524149517,0.034219315613687726
0.9781604367912642,0.9187616247675047
0.9774204515909682,0.9626807463850723
0.2637547249055019,0.3883922321553569
0.6958060838783224,0.7125657486850263
0.20341593168136637,0.39469210615787687
0.638987220255595,0.8672426551468971
0.2799944001119978,0.2639747205055899
0.7915841683166337,0.7949641007179856
0.15583688326233475,0.11205775884482311
0.6184476310473791,0.615767684646307
0.26137477250454993,0.1870962580748385
0.4135517289654207,0.48293034139317215
0.7403251934961301,0.7898842023159537
0.9391012179756405,0.9045619087618247
0.4261314773704526,0.44663106737865244
0.15491690166196675,0.18327633447331054
0.5242495150096999,0.3164736705265895
0.09165816683666327,0.07253854922901543
0.24391512169756605,0.12031759364812704
0.17187656246875063,0.20905581888362235
0.9359812803743925,0.9560608787824244
0.13313733725325494,0.16433671326573468
0.9130417391652167,0.8327833443331134
0.7897842043159137,0.7882842343153137
0.7341853162936741,0.7895042099158017
0.6440471190576189,0.7308053838923222
0.36947261054778907,0.24929501409971802
0.7994640107197857,0.7676846463070739
0.6874062518749625,0.6918661626767465
0.4050118997620048,0.31283374332513353
0.5708885822283555,0.5574288514229716
0.4103917921641567,0.5199096018079639
0.021739565208695827,0.032019359612807746
0.7840243195136097,0.9386812263754726
0.3153336933261335,0.41219175616487674
0.5287494250114998,0.6891662166756665
0.04685906281874363,0.03435931281374373
0.6575068498630028,0.620887582248355
0.9633207335853283,0.9857002859942802
0.08021839563208737,0.053478930421391575
0.47125057498850026,0.504869902601948
0.2395552088958221,0.5283694326113478
0.2763744725105498,0.31803363932721346
0.7884442311153778,0.8349233015339693
0.5877682446351074,0.43095138097238056
0.7792044159116818,0.6388872222555549
0.7860042799144017,0.8873222535549289
0.5489290214195717,0.5950480990380193
0.6999660006799864,0.614967700645987
0.7171456570868583,0.6890662186756266
0.2164356712865743,0.13611727765444692
0.2275554488910222,0.33473330533389334
0.8523829523409532,0.8413631727365453
0.021699566008679828,0.015679686406271875
0.4538709225815484,0.4496710065798684
0.2852342953140937,0.2765944681106378
0.32213355732885346,0.35921281574368513
0.9330413391732165,0.9507809843803124
0.7118257634847304,0.9714605707885843
0.12059758804823904,0.376672466550669
0.6435071298574029,0.627807443851123
0.8494030119397612,0.8051638967220656
0.9111817763644727,0.9125017499650008
0.4627307453850923,0.5675286494270115
0.40913181736365273,0.44291114177716445
0.0641787164256715,0.10607787844243116
0.9909001819963601,0.8645627087458251
0.7851042979140418,0.5648087038259235
0.8933221335573289,0.6720265594688106
0.4107517849643007,0.6954660906781864
0.020719585608287835,0.009479810403791925
0.07311853762924742,0.04153916921661567
0.8420631587368252,0.8931021379572409
0.7892842143157137,0.7213455730885383
0.8904221915561689,0.8472230555388892
0.33291334173316534,0.3505929881402372
0.3484130317393652,0.15999680006399872
0.6115877682446351,0.6225675486490271
0.511129777404452,0.765344693106138
0.01003979920401592,0.7879242415151697
0.4711705765884682,0.5781684366312674
0.8996020079598408,0.8268234635307294
0.0885782284354313,0.11521769564608708
0.3498130037399252,0.7677646447071059
0.4430511389772205,0.33371332573348533
0.5948481030379392,0.630087398252035
0.884702305953881,0.9599208015839683
0.5275094498110038,0.6092678146437072
0.5967480650386993,0.8836223275534489
0.504809903801924,0.4374312513749725
0.37463250734985304,0.2773544529109418
0.8585828283434331,0.8332633347333054
0.9008419831603368,0.8686226275474491
0.875342493150137,0.7179256414871703
0.27847443051138976,0.2678546429071419
0.9463810723785525,0.9633607327853443
0.42299154016919666,0.42311153776924465
0.15705685886282275,0.15989680206395873
0.4647507049859003,0.5303093938121238
0.3509529809403812,0.3925521489570209
0.74542509149817,0.5496490070198596
0.7810243795124098,0.7458250834983301
0.616327673446531,0.6859062818743625
0.6693666126677467,0.6763264734705307
0.2122357552848943,0.15673686526269476
0.6720065598688026,0.6613667726645467
0.6478670426591469,0.618947621047579
0.8408231835363293,0.7803243935121298
0.633067338653227,0.16851662966740666
0.5569288614227715,0.6584668306633867
0.08063838723225536,0.08057838843223136
0.3152736945261095,0.3453330933381332
0.9380012399752006,0.9442611147777045
0.06843863122737545,0.0868182636347273
0.8671226575468491,0.8847623047539049
0.8229635407291854,0.883602327953441
0.4642907141857163,0.4229115417691646
0.7321653566928662,0.9022019559608808
0.8275634487310254,0.8312233755324894
0.14449711005779886,0.10499790004199916
0.07009859802803944,0.07557848843023139
0.5224895502089958,0.5422491550168996
0.633487330253395,0.5996880062398752
0.6833463330733386,0.6907061858762825
0.014259714805703887,0.029359412811743767
0.46629067418651626,0.5831283374332513
0.014159716805663887,0.012799744005119898
0.6377872442551149,0.4831303373932522
0.8667226655466891,0.872242555148897
0.24247515049699006,0.3490330193396132
0.03589928201435971,0.879622407551849
0.5869882602347953,0.5839283214335713
0.756744865102698,0.618967620647587
0.10597788044239116,0.12013759724805505
0.06793864122717545,0.11013779724405512
0.12231755364892703,0.18263634727305456
0.5850682986340273,0.5714685706285875
0.2369352612947741,0.2662546749065019
0.5143297134057319,0.7418651626967461
0.9501209975800484,0.9484210315793684
0.74772504549909,0.6734665306693867
0.4509509809803804,0.35813283734325313
0.6785864282714346,0.5571888562228756
0.5251894962100758,0.3967320653586928
0.8130437391252175,0.8122037559248815
0.6532869342613148,0.8319033619327614
0.4662506749865003,0.5733285334293314
0.8312433751324974,0.8113037739245216
0.9662006759864803,0.9524409511809764
0.25513489730205396,0.3904521909561809
0.4537309253814924,0.6531069378612429
0.9265414691706166,0.9292614147717047
0.31837363252734946,0.24407511849763006
0.47371052578948425,0.2250154996900062
0.47319053618927626,0.6006279874402513
0.04797904041919162,0.07349853002939942
0.9530409391812165,0.9394612107757845
0.4178916421671567,0.4764704705905882
0.9186016279674407,0.7942241155176897
0.4247915041699166,0.42175156496870064
0.9151216975660487,0.9254214915701686
0.9057418851622968,0.879682406351873
0.8068038639227215,0.7420851582968341
0.33119337613247735,0.3158336833263335
0.28607427851442974,0.45337093258134836
0.3660326793464131,0.3524929501409972
0.5387492250154997,0.6898262034759305
0.2760944781104378,0.3134737305253895
0.9334413311733766,0.8902021959560809
0.5998680026399472,0.24135517289654207
0.1995760084798304,0.7794644107117857
0.8641027179456411,0.7283054338913222
0.32821343573128536,0.2647547049059019
0.884162316753665,0.9824003519929602
0.19121617567648647,0.2672346553068939
0.6192676146477071,0.5480290394192117
0.9849403011939761,0.9769204615907682
0.4777304453910922,0.31001379972400556
0.3616927661446771,0.5600087998240035
0.9351812963740725,0.8987020259594808
0.6114877702445951,0.5527089458210837
0.5172296554068919,0.5219495610087799
0.8020039599208016,0.758044839103218
0.8303233935321294,0.4775904481910362
0.996460070798584,0.9921801563968721
0.21679566408671827,0.2864942701145977
0.08033839323213536,0.08441831163376733
0.372712545749085,0.41111177776444474
0.75822483550329,0.7816243675126497
0.6743665126697467,0.6774264514709706
0.23195536089278215,0.21571568568628627
0.1900161996760065,0.5150496990060199
0.6365472690546189,0.4739305213895722
0.5331293374132517,0.29767404651906965
0.375052498950021,0.3881122377552449
0.9170416591668167,0.9277214455710886
0.7869042619147617,0.6921661566768665
0.44777104457910843,0.3018939621207576
0.25717485650287,0.35803283934321317
0.010619787604247916,0.010479790404191917
0.06649867002659947,0.26813463730725384
0.7416051678966421,0.6995660086798264
0.8574028519429612,0.8133237335253295
0.7455050898982021,0.8427031459370813
0.5672086558268835,0.619327613447731
0.38441231175376495,0.4484110317793644
0.6462670746585069,0.6096678066438671
0.4376312473750525,0.4010719785604288
0.5697086058278834,0.6178676426471471
0.22193556128877423,0.125577488450231
0.4034919301613968,0.25965480690386195
0.056698866022679546,0.03195936081278374
0.42255154896902064,0.5927681446371073
0.3159936801263975,0.4907501849963001
0.5160096798064039,0.6043479130417392
0.44445111097778045,0.9002619947601048
0.4252714945701086,0.29459410811783765
0.13071738565228697,0.12651746965060698
0.08967820643587128,0.04773904521909562
0.17131657366852662,0.2161756764864703
0.7112857742845143,0.6569068618627628
0.37143257134857305,0.35469290614187715
0.05825883482330354,0.03963920721585568
0.29151416971660565,0.4401911961760765
0.17145657086858263,0.18549629007419852
0.013259734805303895,0.010539789204215916
0.02619947601047979,0.030979380412391753
0.44147117057658847,0.4007519849603008
0.5739285214295714,0.379192416151677
0.625267494650107,0.626367472650547
0.41087178256434875,0.4371512569748605
0.5662886742265155,0.49327013459730806
0.048219035619287615,0.19379612407751845
0.5952480950380993,0.1393972120557589
0.1384972300553989,0.1516369672606548
0.9796004079918402,0.9853402931941362
0.5994880102397953,0.6821463570728585
0.11013779724405512,0.10697786044279115
0.7876842463150737,0.47141057178856427
0.9326013479730406,0.8220435591288174
0.5374492510149798,0.4904501909961801
0.7215055698886023,0.6209675806483871
0.09913801723965521,0.026819463610727786
0.3911521769564609,0.32045359092818143
0.5629687406251875,0.5611087778244436
0.1637367252654947,0.1009979800403992
0.9745205095898083,0.9671806563868723
0.05071898562028759,0.04115917681646367
0.09825803483930322,0.2935941281174377
0.38205235895282097,0.23543529129417412
0.6413071738565229,0.7215855682886343
0.25397492050159,0.24259514809703805
0.3258734825303494,0.2739345213095738
0.16745665086698266,0.1864962700745985
0.5481490370192597,0.7317453650926982
0.44685106297874044,0.43729125417491654
0.21115577688446233,0.15229695406091878
0.9838803223935522,0.9864802703945922
0.12331753364932702,0.12869742605147896
0.5571888562228756,0.7289854202915942
0.9498810023799524,0.9507409851802964
0.49551008979820405,0.5836883262334753
0.41917161656766866,0.40363192736145276
0.2898742025159497,0.3506529869402612
0.6663666726665467,0.6245275094498111
0.7086858262834743,0.6761464770704586
0.9895002099958001,0.9877602447951042
0.06549869002619947,0.09181816363672726
0.6093478130437392,0.5272694546109078
0.75902481950361,0.8375032499350014
0.755964880702386,0.7902641947161057
0.5378692426151477,0.4051518969620608
0.6725065498690026,0.6832463350732986
0.7962840743185137,0.036139277214455715
0.5846483070338594,0.5916681666366673
0.32061358772824544,0.2605347893042139
0.8030439391212176,0.8073038539229216
0.6661066778664427,0.6582868342633148
0.624007519849603,0.6599268014639708
0.7045059098818024,0.7311253774924502
0.2384752304953901,0.3019339613207736
0.4760504789904202,0.506689866202676
0.10883782324353514,0.20537589248215035
0.3564328713425732,0.3990720185596288
0.28243435131297373,0.35753284934301316
0.23023539529209416,0.3251934961300774
0.43575128497430055,0.4666706665866683
0.753284934301314,0.7246855062898743
0.39611207775844487,0.2955940881182376
0.9808803823923522,0.9785604287914242
0.024979500409991803,0.019399612007759845
0.012299754004919903,0.009919801603967921
0.2389152216955661,0.17205655886882262
0.42199156016879663,0.38257234855302896
0.22085558288834223,0.05869882602347953
0.030639387212255755,0.2614547709045819
0.7175656486870263,0.6850262994740105
0.09049819003619929,0.10495790084198317
0.7293054138917222,0.6674266514669707
0.011739765204695907,0.010899782004359914
0.20359592808143837,0.1532569348613028
0.39259214815703686,0.34611307773844524
0.21541569168616628,0.23009539809203816
0.2256954860902782,0.022959540809183818
0.13393732125357494,0.1519969600607988
0.48499030019399614,0.3479530409391812
0.761584768304634,0.632447351052979
0.7710845783084339,0.4509309813803724
0.5385892282154358,0.4293114137717246
0.14205715885682288,0.12837743245135097
0.886302273954521,0.8610627787444252
0.3557528849423012,0.34861302773944525
0.07365852682946342,0.10601787964240715
0.5376492470150597,0.5611887762244755
0.21831563368732626,0.25697486050278995
0.30413391732165357,0.33193336133277335
0.9126017479650407,0.9255614887702246
0.8721825563488731,0.8908221835563289
0.6956260874782505,0.5298094038119238
0.5709685806283874,0.5873682526349473
0.03427931441371173,0.028199436011279777
0.754384912301754,0.6517669646607068
0.6514269714605708,0.6800863982720345
0.7406651866962661,0.7784044319113618
0.3007139857202856,0.5301093978120438
0.34073318533629326,0.624087518249635
0.11419771604567909,0.17031659366812665
0.8458430831383372,0.8195636087278255
0.2645347093058139,0.27921441571168576
0.41197176056478874,0.5134897302053959
0.48225035499290014,0.4781304373912522
0.374052518949621,0.4282314353712926
0.9883802323953521,0.9707605847883043
0.3889122217555649,0.4740905181896362
0.3851722965540689,0.4651306973860523
0.5501489970200596,0.624807503849923
0.4271914561708766,0.45695086098278037
0.12893742125157498,0.20969580608387833
0.40511189776204476,0.28503429931401375
0.8062238755224895,0.7968240635187297
0.6424671506569869,0.6934661306773865
0.3644527109457811,0.3365332693346133
0.250414991700166,0.02147957040859183
0.757664846703066,0.8117637647247056
0.0501589968200636,0.05885882282354353
0.1522569548609028,0.0889782204355913
0.6390472190556189,0.5189296214075718
0.7857042859142818,0.751484970300594
0.9900601987960241,0.9861002779944401
0.9670606587868243,0.9583808323833524
0.25663486730265395,0.21621567568648628
0.19637607247855043,0.1759164816703666
0.33439331213375734,0.24415511689766206
0.8930821383572329,0.9052818943621128
0.15719685606287875,0.2771944561108778
0.6005679886402272,0.637147257054859
0.17909641807163856,0.18121637567248655
0.21645567088658227,0.1762764744705106
0.4384512309753805,0.8556228875422491
0.5846683066338674,0.47193056138877226
0.6546869062618748,0.634887302253955
0.9657006859862803,0.9495810083798324
0.6951660966780665,0.6542669146617068
0.5510289794204116,0.5191696166076679
0.6651866962660747,0.7163056738865223
0.5611887762244755,0.4278314433711326
0.19711605767884643,0.2141557168856623
0.5391092178156437,0.3124737505249895
0.7973440531189376,0.8555028899422011
0.7970640587188257,0.7758444831103378
0.6523069538609229,0.6765464690706187
0.8916821663566729,0.876142477150457
0.036639267214655706,0.1766164676706466
0.9525009499810004,0.8906821863562729
0.5135897282054359,0.501929961400772
0.5824883502329954,0.23241535169296615
0.9008019839603209,0.879182416351673
0.07557848843023139,0.17001659966800664
0.5236095278094438,0.49737005259894806
0.8585228295434092,0.8703625927481451
0.2793544129117418,0.09351812963740726
0.37829243415131697,0.4172516549669007
0.09275814483710326,0.1004979900401992
0.48339033219335614,0.5467090658186836
0.502389952200956,0.5155496890062199
0.03283934321313574,0.03415931681366373
0.6487270254594908,0.6952260954780904
0.8990020199596008,0.871342573148537
0.29927401451970964,0.18227635447291055
0.9956000879982401,0.9979800403991921
0.8266034679306414,0.8541829163416732
0.625647487050259,0.6421671566568669
0.7791244175116498,0.7385252294954101
0.5793484130317393,0.6676466470670587
0.9632207355852883,0.9629807403851923
0.3842123157536849,0.39013219735605287
0.4133917321653567,0.5505689886202276
0.9608807823843524,0.8636227275454491
0.9482010359792804,0.9443411131777365
0.8593428131437372,0.7648447031059379
0.9866002679946402,0.880502389952201
0.24201515969680606,0.25439491210175796
0.19115617687646247,0.14293714125717485
0.5955680886382273,0.6470270594588109
0.5894082118357633,0.5644687106257875
0.40973180536389275,0.39591208175836484
0.9047819043619127,0.9267814643707126
0.17127657446851063,0.125657486850263
0.1765564688706226,0.24439511209775805
0.012799744005119898,0.006599868002639947
0.7706245875082499,0.8409831803363933
0.11101777964440712,0.126477470450591
0.7923841523169537,0.7982240355192897
0.7797444051118978,0.7743245135097299
0.11597768044639108,0.2374952500949981
0.003919921601567969,0.003399932001359973
0.9445811083778325,0.9569208615827683
0.6789464210715785,0.7709645807083858
0.5186696266074678,0.5894082118357633
0.20605587888242236,0.18119637607247854
0.01009979800403992,0.054878902421951564
0.749065018699626,0.7437851242975141
0.6666466670666586,0.6311473770524589
0.17089658206835864,0.15495690086198277
0.26629467410651786,0.2879342413151737
0.15899682006359872,0.18313633727325454
0.029679406411871764,0.02897942041159177
0.5181296374072518,0.5535889282214356
0.8060238795224096,0.7340053198936022
0.12313753724925502,0.13335733285334295
0.759504809903802,0.4405111897762045
0.6575668486630267,0.5724485510289794
0.02035959280814384,0.021919561608767825
0.3380532389352213,0.4167516649667007
0.4431711365772685,0.33439331213375734
0.7361652766944662,0.6586268274634508
0.9454210915781684,0.9379212415751685
0.747965040699186,0.6975860482790345
0.6346873062538749,0.510909781804364
0.3619127617447651,0.14315713685726286
0.5666486670266595,0.625447491050179
0.8064638707225856,0.874422511549769
0.4365312693746125,0.49647007059858805
0.04299914001719966,0.09029819403611929
0.13163736725265496,0.12189756204875903
0.30569388612227755,0.22155556888862224
0.9501009979800404,0.8666026679466411
0.9944401111977761,0.994720105597888
0.19301613967720646,0.6641267174656507
0.4876902461950761,0.5630487390252196
0.7259454810903783,0.5949481010379792
0.17073658526829463,0.1533169336613268
0.11143777124457512,0.2670546589068219
0.7989840203195936,0.747945041099178
0.8149037019259615,0.5978280434391312
0.8541829163416732,0.8463230735385293
0.6507869842603148,0.6728865422691547
0.32021359572808544,0.3221735565288694
0.4391712165756685,0.49389012219755607
0.6385472290554189,0.6107077858442831
0.14253714925701486,0.16149677006459873
0.9417611647767045,0.9535609287814244
0.9922201555968881,0.992880142397152
0.9316013679726406,0.48693026139477213
0.2743145137097258,0.2981140377192456
0.6015279694406112,0.5372692546149077
0.5941481170376592,0.4333313333733326
0.19391612167756644,0.6825663486730266
0.22373552528949422,0.5344493110137798
0.014619707605847883,0.006679866402671947
0.8034039319213616,0.8099438011239776
0.5886882262354753,0.5697486050278995
0.5669886602267955,0.5478090438191237
0.254594908101838,0.3515129697406052
0.10405791884162317,0.12089758204835904
0.8395832083358333,0.8452630947381052
0.2965540689186216,0.30683386332273355
0.6125077498450031,0.5970680586388273
0.6511669766604669,0.5849283014339713
0.5168496630067398,0.501869962600748
0.9122217555648887,0.6991860162796745
0.4006319873602528,0.41013179736405275
0.46085078298434035,0.39641207175856485
0.8009639807203857,0.7814043719125617
0.8524629507409852,0.8190236195276095
0.8116037679246415,0.9243215135697287
0.11441771164576708,0.1888762224755505
0.2866342673146537,0.33377332453350933
0.3101737965240695,0.3035539289214216
0.018479630407391853,0.01651966960660787
0.5977080458390832,0.6657066858662827
0.4915501689966201,0.5346893062138758
0.0879382412351753,0.8126037479250415
0.7218655626887462,0.7961040779184416
0.22331553368932622,0.5961080778384432
0.11939761204775905,0.13127737445251095
0.9245615087698247,0.9230415391692166
0.8186236275274494,0.8124637507249856
0.1643767124657507,0.2592748145037099
0.6670066598668027,0.28191436171276574
0.6970860582788344,0.622607547849043
0.7338453230935381,0.74902501949961
0.9483210335793284,0.9532809343813125
0.17479650406991862,0.21759564808703827
0.4617307653846923,0.45819083618327633
0.9807403851922962,0.9815203695926081
0.21929561408771825,0.2614147717045659
0.44119117617647646,0.5476490470190596
0.8906421871562569,0.875102497950041
0.623927521449571,0.6865262694746105
0.4798104037919242,0.35935281294374116
0.2752144957100858,0.33679326413471733
0.7161256774864503,0.5789284214315714
0.7749845003099938,0.7873442531149377
0.9244615107697847,0.9565608687826244
0.9094018119637608,0.9969200615987681
0.42313153736925263,0.43683126337473255
0.2633947321053579,0.19205615887682248
0.28429431411371775,0.31741365172696545
0.1746365072698546,0.21873562528749427
0.879802403951921,0.634187316253675
0.16893662126757467,0.5656686866262675
0.6402671946561069,0.5581288374232516
0.10621787564248715,0.0628187436251275
0.889062218755625,0.8936821263574729
0.24301513969720606,0.20335593288134238
0.38115237695246096,0.3553928921421572
0.16561668766624668,0.23471530569388613
0.99770004599908,0.9972800543989121
0.3131337373252535,0.2623547529049419
0.26847463050738984,0.4241915161696766
0.005119897602047959,0.0035799284014319714
0.5545089098218036,0.5078698426031479
0.22779544409111818,0.15503689926201478
0.25571488570228595,0.1756364872702546
0.49431011379772405,0.375312493750125
0.3553328933421332,0.5484290314193716
0.8650426991460171,0.9236815263694726
0.06575868482630348,0.06089878202435951
0.45941081178376436,0.43257134857302854
0.870662586748265,0.9652606947861043
0.9962400751984961,0.997360052798944
0.8306433871322574,0.5430291394172116
0.5277494450110998,0.17945641087178257
0.7751444971100578,0.7722845543089139
0.6699066018679627,0.6562868742625148
0.9527009459810805,0.9493610127797444
0.42981140377192456,0.5184496310073798
0.1898762024759505,0.18225635487290254
0.48445031099378016,0.7860042799144017
0.76352472950541,0.6144477110457791
0.09541809163816724,0.1364772704545909
0.9252814943701126,0.7892442151156978
0.9793004139917202,0.9797204055918882
0.752904941901162,0.7890842183156337
0.6891862162756746,0.6430871382572348
0.10411791764164717,0.8482830343393133
0.08495830083398333,0.2378352432951341
0.8920221595568089,0.9026419471610568
0.5957080858382833,0.5496090078198437
0.02651946961060779,0.030959380812383752
0.35627287454250917,0.7050658986820264
0.6794864102717946,0.7418451630967381
0.5794884102317954,0.4919301613967721
0.9260814783704326,0.9247015059698807
0.38289234215315693,0.35405291894162116
0.9692406151876963,0.9505609887802244
0.8469630607387852,0.8652626947461051
0.6213075738485231,0.6488070238595228
0.7710445791084178,0.7788844223115537
0.3277334453310934,0.3118337633247335
0.8983420331593368,0.8857222855542889
0.50184996300074,0.5404891902161957
0.7060058798824024,0.5709285814283714
0.5559688806223876,0.5039899202015959
0.998940021199576,0.997920041599168
0.5970080598388032,0.4663306733865323
0.11673766524669507,0.09573808523829523
0.0500989980200396,0.07693846123077538
0.7823043539129217,0.7646247075058499
0.24389512209755806,0.19671606567868644
0.4482910341793164,0.46879062418751627
0.8370032599348013,0.7424051518969621
0.8645827083458331,0.8502029959400812
0.9290414191716166,0.9183616327673447
0.3568328633427332,0.36987260254794907
0.40921181576368476,0.4912901741965161
0.6348273034539309,0.630667386652267
0.5170896582068358,0.5347693046139077
0.21917561648767026,0.19527609447811045
0.14411711765764684,0.19509609807803843
0.249915001699966,0.3062338753224936
0.41885162296754064,0.44919101617967644
0.01633967320653587,0.03217935641287174
0.6195076098478031,0.626087478250435
0.04769904601907962,0.06953860922781545
0.48035039299214016,0.45731085378292435
0.04051918961620768,0.08307833843323134
0.8420031599368013,0.8559028819423612
0.7932041359172817,0.7862842743145138
0.6167076658466831,0.5431491370172596
0.3409131817363653,0.46979060418791624
0.6535469290614188,0.7324053518929622
0.9172616547669047,0.9078818423631527
0.3352132957340853,0.39601207975840486
0.0634187316253675,0.05833883322333554
0.753164936701266,0.7251254974900502
0.5740285194296114,0.47457050858982824
0.7352452950940982,0.5577688446231076
0.1493770124597508,0.10227795444091119
0.028419431611367774,0.020719585608287835
0.5059498810023799,0.3939321213575729
0.4566508669826604,0.6577668446631068
0.42781144377112457,0.4292514149717006
0.75432491350173,0.7876642467150657
0.9364212715745686,0.8756224875502491
0.19501609967800645,0.2585948281034379
0.7459650806983861,0.5999080018399632
0.14655706885862282,0.30609387812243755
0.22777544449111017,0.21817563648727026
0.2739145217095658,0.26457470850582987
0.8436231275374493,0.872942541149177
0.06413871722565549,0.06587868242635148
0.885422291554169,0.876162476750465
0.7646047079058419,0.751704965900682
0.4783704325913482,0.5710285794284115
0.5264894702105958,0.48137037259254817
0.12427751444971101,0.10123797524049519
0.627127457450851,0.6770864582708346
0.16833663326733467,0.18453630927381454
0.9592408151836963,0.9541809163816724
0.11537769244615108,0.09337813243735126
0.5686486270274594,0.37475250494990103
0.35011299774004523,0.2609947801043979
0.7262654746905062,0.7239255214895702
0.28441431171376574,0.34713305733885325
0.6945861082778345,0.7592048159036819
0.9883202335953282,0.9873802523949521
0.22313553728925423,0.28509429811403775
0.6736265274694506,0.6919061618767625
0.03123937521249575,0.03903921921561569
0.635567288654227,0.5763684726305474
0.6852862942741146,0.7368652626947462
0.24653506929861405,0.28561428771424574
0.8950220995580088,0.9400011999760005
0.7178456430871383,0.9366612667746645
0.12679746405071898,0.11601767964640708
0.2655146897062059,0.3264934701305974
0.09185816283674327,0.03821923561528769
0.249595008099838,0.250554988900222
0.6831063378732426,0.7739445211095778
0.15553688926221476,0.11777764444711106
0.29681406371872565,0.5315293694126118
0.3482930341393172,0.3524129517409652
0.6606667866642667,0.619907601847963
0.4348713025739485,0.5182096358072839
0.7390852182956341,0.7460850782984341
0.9106817863642728,0.9221015579688406
0.8520229595408092,0.8155836883262335
0.9319613607727846,0.9585808283834324
0.376492470150597,0.4114717705645887
0.02233955320893582,0.04501909961800764
0.8188236235275295,0.7454050918981621
0.06947861042779145,0.05181896362072759
0.5481890362192756,0.6167676646467071
0.04271914561708766,0.03501929961400772
0.9048819023619528,0.9024419511609768
0.40947181056378873,0.5611487770244595
0.09387812243755125,0.09149817003659927
0.3124537509249815,0.32957340853182937
0.4515109697806044,0.6462870742585148
0.7855442891142177,0.8145037099258016
0.2822743545129098,0.511729765404692
0.502729945401092,0.35601287974240514
0.5990680186396272,0.6593468130637388
0.9845803083938321,0.9593808123837524
0.3302533949321014,0.2973140537189256
0.6530069398612028,0.21595568088638228
0.9334013319733606,0.7669846603067939
0.2118557628847423,0.5199696006079878
0.40499190016199677,0.43229135417291653
0.09011819763604728,0.07297854042919141
0.17279654406911862,0.12959740805183897
0.8086238275234495,0.7329853402931942
0.19541609167816645,0.19211615767684648
0.31849363012739745,0.2950740985180296
0.375392492150157,0.39619207615847685
0.761364772704546,0.4246515069698606
0.2581948361032779,0.20489590208195838
0.5757084858302834,0.5890682186356273
0.879002419951601,0.883042339153217
0.7012059758804824,0.5870882582348353
0.9038419231615368,0.8846823063538729
0.7374652506949861,0.7833643327133457
0.8165236695266095,0.8008039839203216
0.3888322233555329,0.35807283854322913
0.2012759744805104,0.27383452330953384
0.49951000979980403,0.3977520449591008
0.09287814243715126,0.056398872022559554
0.6087478250434991,0.5745685086298274
0.24631507369852604,0.31713365732685345
0.5741885162296754,0.5989880202395952
0.16215675686486272,0.2965540689186216
0.19771604567908643,0.09803803923921522
0.5751684966300674,0.6061278774424512
0.7268054638907222,0.7313253734925301
0.9815603687926242,0.9800003999920002
0.034399312013759724,0.08485830283394333
0.6342473150536989,0.7000859982800344
0.22953540929181418,0.2798144037119258
0.2374552508949821,0.21073578528429432
0.7103857922841543,0.6868662626747465
0.5168096638067239,0.5088098238035239
0.75102497950041,0.7296454070918582
0.27143457130857385,0.15489690206195877
0.018179636407271854,0.011499770004599908
0.6656666866662667,0.6135077298454031
0.761804763904722,0.6732065358692826
0.9480410391792164,0.9531209375812484
0.873522529549409,0.8979820403591928
0.23037539249215017,0.2000159996800064
0.5681886362272754,0.4932501349973001
0.6911061778764425,0.748785024299514
0.6949861002779945,0.631587368252635
0.5666086678266435,0.5782884342313154
0.8142837143257136,0.9378412431751365
0.1624367512649747,0.126877462450751
0.3257734845303094,0.24961500769984601
0.34747305053898925,0.3879722405551889
0.027739445211095778,0.031219375612487752
0.8067038659226816,0.7937041259174816
0.17241655166896663,0.28357432851342973
0.36945261094778103,0.2908941821163577
0.18493630127397453,0.24637507249855004
0.9896002079958401,0.9404011919761605
0.28549429011419775,0.18065638687226257
0.4274914501709966,0.6791264174716506
0.37079258414831706,0.3910721785564289
0.24549509009819803,0.08163836723265536
0.6928661426771465,0.4406911861762765
0.9808003839923202,0.9483010339793204
0.11031779364412712,0.13189736205275895
0.7732445351092978,0.8679226415471691
0.8606827863442732,0.8983020339593208
0.7282654346913062,0.5493690126197476
0.5197096058078838,0.6680866382672347
0.5686686266274674,0.04619907601847963
0.4897702045959081,0.4745905081898362
0.1751564968700626,0.1641167176656467
0.5719685606287874,0.5933881322373553
0.4840903181936361,0.6749065018699626
0.06791864162716746,0.06911861762764746
0.6753864922701546,0.46925061498770027
0.7788044239115218,0.7921641567168657
0.9557608847823044,0.9326413471730566
0.5861282774344513,0.28057438851222977
0.8503629927401453,0.8594028119437611
0.9156616867662647,0.8407431851362973
0.6892662146757065,0.7762044759104818
0.016699666006679867,0.02275954480910382
0.379872402551949,0.30715385692286157
0.2966140677186456,0.2372152556948861
0.5271294574108518,0.4787904241915162
0.30813383732325356,0.36337273254534913
0.5612087758244835,0.9027819443611128
0.07105857882842344,0.0632387352252955
0.29623407531849366,0.3162936741265175
0.49675006499870006,0.4779704405911882
0.20175596488070238,0.2020359592808144
0.6854262914741706,0.7167056658866823
0.011619767604647908,0.00881982360352793
0.502289954200916,0.50084998300034
0.9387012259754806,0.9304413911721766
0.3332733345333093,0.3981720365592688
0.16945661086778266,0.2369352612947741
0.06145877082458351,0.059918801623967524
0.5757284854302914,0.47377052458950825
0.48251034979300417,0.48211035779284417
0.30981380372392553,0.10715785684286315
0.6629867402651948,0.6841663166736666
0.9704605907881843,0.9739205215895682
0.22739545209095818,0.5863882722345554
0.6898862022759545,0.76032479350413
0.27863442731145377,0.30871382572348555
0.8979620407591848,0.9036219275614488
0.8163636727265455,0.8287434251314973
0.5218895622087558,0.49591008179836404
0.3287534249315014,0.4898102037959241
0.8464630707385853,0.8098438031239376
0.8205835883282334,0.7920441591168177
0.1999760004799904,0.18207635847283055
0.7847243055138897,0.5454490910181796
0.7393852122957542,0.7236255274894502
0.9059818803623928,0.9262414751704966
0.44747105057898845,0.500069998600028
0.8344233115337694,0.16661666766664668
0.33405331893362133,0.5365292694146118
0.6060878782424352,0.4336113277734445
0.7765044699106018,0.7079658406831864
0.1883562328753425,0.11103777924441512
0.44611107777844444,0.5144697106057879
0.9217415651686967,0.9362412751744965
0.03021939561208776,0.027239455210895783
0.45807083858322833,0.5823083538329233
0.42021159576808464,0.43129137417251656
0.627107457850843,0.24419511609767805
0.7131657366852663,0.7258254834903303
0.6437671246575069,0.6423471530569389
0.5682086358272834,0.5248695026099478
0.8557228855422891,0.8985620287594248
0.9204615907681847,0.8884622307553849
0.9721005579888402,0.9786804263914722
0.8181436371272575,0.7451650966980661
0.33225335493290137,0.5270294594108118
0.7573848523029539,0.6766864662706746
0.14595708085838283,0.9323013539729206
0.32427351452970943,0.41981160376792465
0.7809843803123938,0.8615227695446092
0.12787744245115099,0.10705785884282315
0.9437611247775045,0.8748425031499371
0.11593768124637507,0.016539669206615867
0.6201475970480591,0.5278494430111398
0.9247215055698886,0.9104217915641688
0.14661706765864682,0.1644967100657987
0.9403611927761445,0.9461410771784564
0.9471010579788405,0.9546209075818484
0.48471030579388413,0.6761864762704746
0.44811103777924444,0.33119337613247735
0.6986260274794505,0.28339433211335774
0.24817503649927003,0.32965340693186135
0.7832043359132818,0.7418251634967301
0.2907941841163177,0.30597388052238955
0.8226635467290655,0.7450650986980261
0.09839803203935922,0.08481830363392732
0.9725005499890003,0.9737805243895122
0.26029479410411793,0.0505989880202396
0.5397892042159157,0.29649407011859763
0.7789644207115858,0.8097038059238816
0.09519809603807924,0.03519929601407972
0.6646067078658427,0.6857062858742825
0.048139037219255616,0.21479570408591828
0.9209415811683767,0.9153816923661527
0.7369052618947621,0.7621847563048739
0.038859222815543694,0.10363792724145518
0.8310633787324254,0.7762444751104978
0.8357032859342813,0.7612847743045139
0.6714465710685786,0.5694886102277955
0.8374032519349613,0.7714845703085939
0.4344713105737885,0.22391552168956622
0.15905681886362275,0.1535169296614068
0.1782164356712866,0.11239775204495911
0.2767344653106938,0.2653546929061419
0.011839763204735905,0.012639747205055899
0.4891502169956601,0.7021659566808665
0.4331513369732605,0.5526489470210596
0.2995540089198216,0.2863142737145257
0.20913581728365432,0.14769704605907882
0.3075938481230375,0.34215315693686127
0.6689266214675706,0.8949421011579769
0.33285334293314134,0.625587488250235
0.5803083938321234,0.43359132817343654
0.7637247255054899,0.7836043279134418
0.9044019119617608,0.8260834783304334
0.5773284534309314,0.6803263934721305
0.044719105617887646,0.03389932201355973
0.8159436811263775,0.5742685146297074
0.7371652566948661,0.872282554348913
0.11989760204795905,0.13211735765284693
0.5868282634347314,0.8380832383352333
0.630847383052339,0.3405131897362053
0.8509829803403932,0.8541229175416492
0.2253354932901342,0.2388952220955581
0.34765304693906124,0.6237075258494831
0.27675446491070177,0.16735665286694268
0.6601467970640588,0.4615107697846043
0.49625007499850005,0.4644507109857803
0.5109697806043879,0.29795404091918165
0.0005799884002319954,0.001379972400551989
0.44033119337613247,0.4880502389952201
0.27047459050818984,0.2370752584948301
0.9809203815923682,0.9855802883942322
0.0753184936301274,0.1881562368752625
0.5432091358172837,0.5369292614147717
0.5973280534389313,0.5363292734145317
0.39121217575648487,0.4261314773704526
0.253854922901542,0.1525969480610388
0.2894942101157977,0.41907161856762865
0.6621067578648427,0.6018079638407232
0.871542569148617,0.9338613227735446
0.5245295094098118,0.44273114537709246
0.19699606007879844,0.3496930061398772
0.5735885282294354,0.6792464150716986
0.0036799264014719707,0.004499910001799964
0.6556068878622427,0.7449251014979701
0.4761104777904442,0.6946861062778744
0.42015159696806065,0.6561668766624668
0.20473590528189436,0.2237755244895102
0.8747025059498811,0.9427611447771045
0.4790104197916042,0.49669006619867606
0.5426291474170517,0.6565268694626107
0.13115737685246295,0.055778884422311555
0.3019939601207976,0.2263354732905342
0.5446091078178437,0.4796504069918602
0.8573028539429212,0.7301253974920502
0.4504309913801724,0.43507129857402854
0.3119337613247735,0.29945401091978163
0.1614567708645827,0.18373632527349454
0.9660806783864323,0.9740005199896002
0.7749045019099619,0.8112237755244895
0.9901801963960721,0.9858402831943361
0.9558408831823364,0.8821623567528649
0.09859802803943922,0.0887782244355113
0.34629307413851723,0.4643307133857323
0.7969040619187616,0.7102657946841063
0.20655586888262237,0.23337533249335013
0.375692486150277,0.34701305973880525
0.19571608567828644,0.25479490410191796
0.4282514349713006,0.37045259094818106
0.7705845883082338,0.7048659026819464
0.0993980120397592,0.08909821803563929
0.5944081118377633,0.5764284714305714
0.8334833303333934,0.8108837823243535
0.09027819443611128,0.10527789444211116
0.3913521729565409,0.46297074058518833
0.6718865622687547,0.7108257834843303
0.9217015659686807,0.9175216495670087
0.48269034619307616,0.5398692026159477
0.4781904361912762,0.506569868602628
0.055678886422271555,0.06819863602727946
0.2656146877062459,0.4025719485610288
0.9725805483890323,0.9758004839903203
0.3016539669206616,0.3391332173356533
0.07957840843183137,0.09997800043999121
0.7225455490890182,0.9062218755624888
0.29197416051678965,0.2143957120857583
0.45583088338233235,0.4795104097918042
0.029719405611887764,0.09235815283694326
0.04415911681766365,0.05187896242075159
0.39973200535989284,0.4722105557888842
0.752084958300834,0.6670666586668267
0.5425091498170037,0.5246695066098678
0.3692926141477171,0.2806143877122458
0.42233155336893263,0.6116877662446751
0.09739805203895922,0.12173756524869503
0.3417931641367173,0.4389512209755805
0.4270714585708286,0.38031239375212494
0.36085278294434114,0.3376132477350453
0.08377832443351134,0.49791004179916404
0.20875582488350233,0.19235615287694247
0.7856642867142657,0.7811443771124578
0.9481610367792644,0.9480010399792005
0.7047459050818984,0.7288454230915382
0.6951460970780584,0.630527389452211
0.9454010919781605,0.9087618247635048
0.7426651466970661,0.9353612927741446
0.41483170336593267,0.4247115057698846
0.9194616107677847,0.8922221555568889
0.24151516969660608,0.22339553208935822
0.14755704885902282,0.10979780404391913
0.9997000059998801,0.9996800063998721
0.6998460030799384,0.6693866122677546
0.7444851102977941,0.7211455770884583
0.125897482050359,0.14675706485870282
0.40837183256334875,0.3943921121577569
0.9037419251614968,0.9002019959600809
0.8879822403551929,0.8138637227255455
0.6785664286714266,0.9091218175636487
0.01505969880602388,0.01607967840643187
0.9295014099718006,0.9415411691766165
0.5935681286374273,0.5182896342073159
0.8658026839463211,0.9198416031679367
0.9590408191836164,0.9686406271874562
0.5286694266114678,0.37441251174976503
0.04707905841883162,0.07487850242995141
0.9912001759964801,0.9918201635967281
0.10969780604387913,0.15309693806123878
0.22277554448911022,0.13479730405391893
0.03679926401471971,0.038159236815263696
0.5179496410071799,0.5716885662286755
0.9739605207895843,0.9699806003879923
0.5342893142137157,0.4631907361852763
0.6719465610687787,0.5953880922381553
0.16681666366672668,0.10781784364312715
0.5512489750204996,0.5374492510149798
0.8971620567588648,0.9247815043699127
0.5753484930301395,0.48499030019399614
0.4488110237795244,0.4934101317973641
0.16049679006419873,0.2124357512849743
0.4168516629667407,0.47279054418911626
0.7329053418931621,0.7388652226955461
0.16835663286734265,0.18329633407331855
0.9697006059878803,0.9673806523869523
0.3406531869362613,0.30801383972320556
0.07895842083158337,0.11165776684466311
0.5438491230175396,0.14699706005879884
0.7275654486910262,0.7858642827143457
0.125057498850023,0.17313653726925463
0.26063478730425393,0.4276114477710446
0.37139257214855703,0.37013259734805304
0.27029459410811785,0.2909741805163897
0.6068878622427551,0.5870482590348193
0.18963620727585448,0.15511689766204675
0.7719445611087778,0.7598048039039219
0.02605947881042379,0.01863962720745585
0.4383112337753245,0.7308853822923542
0.8169636607267855,0.7655046899062019
0.7015259694806104,0.6105477890442191
0.7896242075158497,0.7860442791144178
0.005459890802183957,0.03515929681406372
0.40665186696266076,0.38549229015419695
0.8035039299214016,0.7262254754904902
0.47225055498890023,0.4684906301873963
0.5458290834183317,0.6205075898482031
0.18045639087218257,0.19633607327853445
0.8346433071338574,0.7809243815123698
0.511269774604508,0.5753484930301395
0.5648287034259315,0.3428331433371333
0.7327253454930902,0.6888462230755386
0.10551788964220717,0.2135757284854303
0.6689866202675947,0.6902061958760825
0.03435931281374373,0.03503929921401572
0.35561288774224514,0.6229275414491711
0.09313813723725525,0.08199836003279935
0.7990640187196256,0.8123637527249455
0.09217815643687127,0.13391732165356693
0.2589948201035979,0.3104537909241815
0.1629167416651667,0.17127657446851063
0.6678666426671467,0.6335473290534189
0.5634687306253875,0.4730705385892282
0.875722485550289,0.8581828363432732
0.5518489630207396,0.5291294174116518
0.3398332033359333,0.752664946701066
0.23579528409431813,0.1010379792404152
0.3290934181316374,0.3895122097558049
0.6000079998400032,0.7343053138937221
0.9407611847763045,0.9390212195756085
0.9621407571848564,0.9679006419871603
0.5184896302073959,0.6087878242435152
0.510329793404132,0.6126077478450431
0.7722245555088898,0.8921221575568489
0.6658266834663307,0.749685006299874
0.889422211555769,0.9110617787644247
0.7274854502909942,0.8150836983260336
0.9528209435811285,0.9396212075758485
0.3447131057378853,0.2763344733105338
0.6477470450590989,0.5767884642307154
0.501629967400652,0.40767184656306876
0.00635987280254395,0.007039859202815944
0.9465410691786165,0.9411011779764406
0.8941421171576569,0.8624027519449611
0.05411891762164757,0.07901841963160737
0.8198836023279534,0.7376452470950581
0.6746465070698586,0.7218055638887223
0.9463210735785285,0.6525069498610028
0.9337213255734885,0.9383612327753446
0.2158956820863583,0.20625587488250235
0.40955180896382076,0.6590868182636348
0.9527809443811124,0.9441211175776485
0.5166896662066759,0.509289814203716
0.3651926961460771,0.3386132277354453
0.3399732005359893,0.510329793404132
0.31169376612467753,0.3492130157396852
0.2402551948961021,0.2773944521109578
0.5719885602287954,0.6057278854422912
0.6287474250514989,0.6175476490470191
0.3238935221295574,0.03983920321593568
0.9410611787764245,0.9290814183716326
0.18153636927261455,0.2011959760804784
0.3435731285374293,0.4030119397612048
0.2038559228815424,0.21581568368632628
0.6401871962560749,0.505409891802164
0.4250714985700286,0.4100517989640207
0.4861102777944441,0.638187236255275
0.7579648407031859,0.8119037619247615
0.9848203035939281,0.9627007459850804
0.1128577428451431,0.13509729805403892
0.8492030159396813,0.9126617467650647
0.5711285774284515,0.636147277054459
0.3160536789264215,0.2888942221155577
0.3852922941541169,0.4047919041619168
0.12389752204955902,0.07717845643087139
0.2612747745045099,0.2905141897162057
0.8022639547209056,0.7850842983140337
0.18551628967420652,0.18205635887282254
0.18477630447391052,0.2139557208855823
0.9413611727765445,0.9042419151616968
0.7178256434871303,0.5400491990160197
0.8226435471290574,0.882882342353153
0.6140877182456351,0.7046659066818663
0.5158696826063479,0.8727625447491051
0.5992280154396912,0.5523289534209316
0.16181676366472672,0.3393732125357493
0.3380332393352133,0.3142537149257015
0.32305353892922145,0.2639347213055739
0.38051238975220497,0.42233155336893263
0.1132377352452951,0.11703765924681507
0.29789404211915765,0.3038739225215496
0.8942621147577049,0.9042219155616888
0.9389212215755686,0.9129617407651848
0.2757544849103018,0.376492470150597
0.7988040239195217,0.8163436731265376
0.9249015019699607,0.9587008259834804
0.6442071158576829,0.4496110077798444
0.6340073198536029,0.7156656866862663
0.9369412611747765,0.9137617247655048
0.4527309453810924,0.49717005659886804
0.9045019099618008,0.878262434751305
0.3149137017259655,0.38401231975360495
0.48115037699246016,0.5683086338273234
0.5380292394152117,0.6143477130457391
0.9923601527969441,0.99140017199656
0.6590668186636267,0.6928661426771465
0.7813243735125298,0.3085138297234055
0.9748405031899362,0.9826803463930722
0.46377072458550833,0.5791684166316674
0.23449531009379812,0.251094978100438
0.3386132277354453,0.865962680746385
0.6531469370612588,0.5514889702205956
0.9344213115737685,0.9343613127737446
0.7872642547149057,0.7897642047159057
0.7185456290874183,0.74992500149997
0.042299154016919666,0.17225655486890262
0.6145877082458351,0.7670846583068339
0.9239615207695846,0.8280034399312014
0.20705585888282235,0.32113357732845343
0.501829963400732,0.50314993700126
0.7275454490910183,0.75302493950121
0.10675786484270315,0.11477770444591108
0.5557288854222916,0.5915081698366033
0.41015179696406073,0.5001099978000441
0.6137077258454832,0.6394872102557949
0.21161576768464632,0.25165496690066197
0.45783084338313235,0.42017159656806863
0.3649927001459971,0.3617927641447171
0.3515929681406372,0.29389412211755767
0.2255554888902222,0.3117137657246855
0.5142497150056999,0.7008059838803224
0.21725565488690227,0.17057658846823065
0.06977860442791145,0.08295834083318333
0.377472450550989,0.31683366332673346
0.2738145237095258,0.380092398152037
0.5870482590348193,0.5663886722265555
0.16763664726705466,0.31037379252414954
0.13039739205215897,0.1521169576608468
0.30985380292394155,0.27841443171136576
0.1006179876402472,0.05483890322193556
0.5210495790084199,0.6546669066618668
0.7087658246835064,0.7284654306913863
0.9017019659606809,0.9003819923601528
0.8421831563368732,0.8017639647207057
0.32879342413151735,0.4879702405951881
0.4892302153956921,0.2006159876802464
0.6485070298594028,0.5238895222095559
0.505389892202156,0.4287714245715086
0.21977560448791025,0.28143437131257376
0.9437411251774965,0.8277234455310895
0.760084798304034,0.8106637867242655
0.6889262214755705,0.5098298034039319
0.757444851102978,0.761104777904442
0.40625187496250076,0.4034119317613648
0.377912441751165,0.4957100857982841
0.9932001359972801,0.9936001279974401
0.9349213015739686,0.9305013899722006
0.630727385452291,0.5824283514329713
0.28481430371392574,0.3139537209255815
0.6017279654406912,0.743965120697586
0.04465910681786364,0.05415891682166357
0.7409451810963781,0.5066298674026519
0.5988080238395233,0.3648327033459331
0.9571208575828484,0.9674606507869843
0.4471110577788444,0.4760704785904282
0.15161696766064678,0.18101637967240655
0.5245695086098279,0.5213895722085559
0.25251494970100596,0.2849543009139817
0.502589948201036,0.4878302433951321
0.4443711125777485,0.48241035179296415
0.8000039999200016,0.627307453850923
0.880582388352233,0.875142497150057
0.9289614207715846,0.9181216375672487
0.019659606807863845,0.014879702405951881
0.7350852982940341,0.8035439291214176
0.7682246355072899,0.7402051958960821
0.23591528169436612,0.3521729565408692
0.6741265174696506,0.6061078778424431
0.5864882702345954,0.6069078618427631
0.6494270114597708,0.6842863142737146
0.8405031899362013,0.8151236975260495
0.5150696986060279,0.7711245775084499
0.9902201955960881,0.9907001859962801
0.9466810663786724,0.9564808703825923
0.6330873382532349,0.6546869062618748
0.4180716385672287,0.23001539969200616
0.6404671906561868,0.6470670586588269
0.619067618647627,0.6471270574588508
0.2240955180896382,0.26663466730665386
0.2648147037059259,0.24519509609807805
0.7628647427051459,0.75392492150157
0.9397412051758965,0.9584808303833924
0.5942681146377072,0.09611807763844724
0.9511009779804405,0.9597408051838964
0.43083138337233257,0.42997140057198857
0.7120857582848343,0.7389052218955621
0.6768064638707226,0.6140877182456351
0.7231055378892423,0.7432451350972981
0.09685806283874322,0.08693826123477531
0.3622127557448851,0.42323153536929264
0.4535109297814044,0.32085358292834143
0.4753104937901242,0.46011079778404435
0.19223615527689447,0.24621507569848605
0.5577688446231076,0.5265094698106038
0.9557208855822884,0.9469610607787845
0.6749665006699866,0.7099658006839863
0.127757444851103,0.10603787924241516
0.6399872002559949,0.6813463730725385
0.46067078658426835,0.5888282234355313
0.0760384792304154,0.09331813363732726
0.6483870322593548,0.49853002939941204
0.3977520449591008,0.3651526969460611
0.42033159336813264,0.34691306173876524
0.5283894322113558,0.22129557408851824
0.6650666986660267,0.7273654526909462
0.25731485370292595,0.23043539129217416
0.035639287214255716,0.019279614407711847
0.3118937621247575,0.23113537729245415
0.0880182396352073,0.11985760284794304
0.06659866802663947,0.057418851622967546
0.7008659826803464,0.7315253694926102
0.6411071778564429,0.5410091798164037
0.7058458830823384,0.6738265234695306
0.9118217635647288,0.9160016799664007
0.058598828023439534,0.0630387392252155
0.9048419031619368,0.9113417731645368
0.6094478110437791,0.6439671206575869
0.374772504549909,0.3120137597248055
0.025599488010239795,0.04609907801843963
0.2365352692946141,0.4114917701645967
0.9381012379752405,0.9442011159776805
0.8509229815403693,0.7338053238935222
0.3260134797304054,0.27087458250834984
0.30633387332253353,0.24357512849743007
0.7744045119097618,0.76272474550509
0.48813023739525213,0.4383112337753245
0.24565508689826204,0.41873162536749264
0.1124177516449671,0.11549769004619909
0.9218615627687446,0.9167616647667047
0.19433611327773445,0.14205715885682288
0.6755864882702346,0.7114257714845703
0.8557028859422812,0.34309313813723724
0.23371532569348613,0.2381352372952541
0.17803643927121457,0.8206635867282654
0.42317153656926865,0.4485310293794124
0.2135957280854383,0.36153276934461315
0.7172856542869143,0.7005859882802344
0.35553288934221317,0.29603407931841363
0.2269754604907902,0.2766544669106618
0.7570648587028259,0.7769644607107858
0.6862862742745145,0.7020659586808264
0.2592948141037179,0.24639507209855804
0.501789964200716,0.380552388952221
0.1735565288694226,0.23453530929381414
0.9468610627787445,0.9547209055818884
0.5163296734065319,0.5876482470350594
0.8214635707285854,0.7325453490930182
0.14551708965820684,0.1117177656446871
0.748785024299514,0.8095438091238175
0.48149037019259616,0.44455110897782046
0.42253154936901266,0.6127277454450911
0.7051258974820503,0.7224855502889942
0.9838203235935281,0.9627807443851123
0.3300133997320054,0.2008759824803504
0.9357412851742966,0.9387812243755125
0.5496490070198596,0.5659686806263875
0.3428731425371493,0.48451030979380416
0.2912341753164937,0.6221075578488431
0.6137677246455071,0.5603687926241475
0.7160256794864103,0.5857482850342993
0.3607127857442851,0.872362552748945
0.08597828043439132,0.024979500409991803
0.884462310753785,0.8241435171296574
0.6370072598548029,0.6885062298754026
0.8574428511429771,0.8412031759364813
0.025999480010399794,0.022299554008919822
0.6688066238675227,0.6638867222655547
0.499810003799924,0.5532689346213076
0.631987360252795,0.5882082358352834
0.24717505649887003,0.2661946761064779
0.9378412431751365,0.9240015199696007
0.5643687126257475,0.6090478190436192
0.5832483350332993,0.5708685826283475
0.4532109357812844,0.5523089538209236
0.7376652466950662,0.7719245615087699
0.7139857202855943,0.7684046319073619
0.4280514389712206,0.4641107177856443
0.11015779684406313,0.1489370212595748
0.30643387132257355,0.19307613847723046
0.8498230035399292,0.8054438911221776
0.013919721605567889,0.01501969960600788
0.24599508009839804,0.25903481930361394
0.4884902301953961,0.4547109057818844
0.07343853122937541,0.06859862802743945
0.5451890962180757,0.125297494050119
0.14031719365612688,0.1356772864542709
0.4511509769804604,0.45961080778384433
0.756444871102578,0.8683826323473531
0.7929241415171697,0.8205435891282175
0.3608327833443331,0.6444871102577948
0.5644887102257955,0.5742485150296994
0.5406291874162517,0.6511669766604669
0.18101637967240655,0.16845663086738266
0.38145237095258094,0.3256334873302534
0.9172216555668887,0.9053018939621208
0.26845463090738186,0.03425931481370373
0.3480130397392052,0.32197356052878945
0.7399852002959941,0.7038459230815384
0.8451430971380572,0.8466630667386652
0.8094438111237775,0.8399232015359693
0.14269714605707887,0.6414671706565869
0.7043859122817544,0.7851442971140578
0.75272494550109,0.4092518149637007
0.7336253274934501,0.7889242215155697
0.051658966820663586,0.0622787544249115
0.18023639527209456,0.18451630967380653
0.034819303613927724,0.04059918801623968
0.17959640807183858,0.20681586368272636
0.5187896242075158,0.4628907421851563
0.6914861702765945,0.759184816303674
0.5307693846123078,0.6518069638607228
0.7477850442991141,0.7219055618887622
0.2779744405111898,0.25207495850083
0.7094658106837863,0.4273714525709486
0.04765904681906362,0.06393872122557549
0.6130677386452271,0.6479870402591948
0.3910721785564289,0.4132917341653167
0.10959780804383913,0.05141897162056759
0.7117457650846983,0.5583888322233556
0.6615067698646028,0.5869682606347874
0.6094878102437952,0.5872082558348833
0.6007879842403152,0.5728285434291315
0.885082298354033,0.8920221595568089
0.997560048799024,0.997460050798984
0.878182436351273,0.9013019739605208
0.8022439551208976,0.756444871102578
0.5395892082158357,0.5447891042179157
0.006879862402751945,0.004779904401911962
0.00045999080018399634,0.0005999880002399952
0.09079818403631927,0.09407811843763125
0.16433671326573468,0.1516569668606628
0.9224415511689766,0.7900041999160017
0.4919901601967961,0.7372452550948981
0.9343413131737366,0.8930021399572009
0.4092518149637007,0.35657286854262915
0.5793284134317314,0.5946281074378512
0.43157136857262857,0.3618527629447411
0.25787484250314996,0.20945581088378235
0.31133377332453355,0.34799304013919724
0.7554448911021779,0.9373212535749286
0.06421871562568748,0.08373832523349534
0.29493410131797365,0.26091478170436594
0.5565688686226276,0.5868282634347314
0.633927321453571,0.6082478350432992
0.9831003379932401,0.9829203415931682
0.3974720505589888,0.49617007659846807
0.8084838303233935,0.8225035499290014
0.32307353852922943,0.29715405691886165
0.6765864682706346,0.8228835423291534
0.8328233435331294,0.8443631127377452
0.877822443551129,0.755604887902242
0.4648907021859563,0.48607027859442814
0.635207295854083,0.6106677866442671
0.25399492010159797,0.2380352392952141
0.380852382952341,0.5287294254114918
0.9800203995920082,0.9836203275934482
0.6961060778784425,0.7672246555068899
0.1383172336553269,0.19017619647607048
0.11269774604507911,0.40763184736305275
0.26897462050758986,0.2372952540949181
0.08473830523389532,0.11097778044439112
0.9425011499770005,0.9347813043739126
0.9244415111697767,0.9227815443691126
0.744305113897722,0.7329053418931621
0.025679486410271797,0.027499450010999783
0.5847683046339074,0.5802883942321154
0.6657666846663067,0.7720445591088179
0.8602427951440972,0.8564828703425932
0.4773904521909562,0.48143037139257217
0.9088018239635207,0.9103217935641288
0.5729285414291715,0.629467410651787
0.3620727585448291,0.3294334113317734
0.08181836363272735,0.07713845723085538
0.20603587928241435,0.2140557188856223
0.1635567288654227,0.2151156976860463
0.4249915001699966,0.3332133357332853
0.5036499270014599,0.5387492250154997
0.5827683446331073,0.6569468610627788
0.25781484370312596,0.5201095978080439
0.7216055678886423,0.7357252854942902
0.3034139317213656,0.255294894102118
0.47219055618887623,0.40425191496170076
0.14543709125817483,0.15559688806223876
0.9122817543649128,0.884842303153937
0.24445511089778205,0.29421411571768563
0.5377492450150997,0.5497890042199156
0.049139017219655606,0.04667906641867163
0.7800843983120338,0.753284934301314
0.8065838683226336,0.8114837703245935
0.1396172076558469,0.055978880422391554
0.25277494450111,0.18351632967340653
0.11017779644407112,0.10865782684346313
0.5831283374332513,0.620587588248235
0.7645647087058259,0.7654446911061779
0.4296514069718606,0.629447411051779
0.8345233095338094,0.8043039139217216
0.05439891202175957,0.054258914821703565
0.5546089078218436,0.6864662706745865
0.8228235435291295,0.7863442731145377
0.38225235495290094,0.37161256774864504
0.9051418971620568,0.9026019479610408
0.9774004519909603,0.9332413351732965
0.2260554788904222,0.3878322433551329
0.21001579968400633,0.3245335093298134
0.0640787184256315,0.07327853442931141
0.8529829403411932,0.8396632067358654
0.4158516829663407,0.4018919621607568
0.8339833203335933,0.8322433551328974
0.11583768324633507,0.21207575848483032
0.5233895322093558,0.5677886442271155
0.7727445451090978,0.6809863802723946
0.9189816203675927,0.9655206895862083
0.14217715645687087,0.3276334473310534
0.621027579448411,0.6161476770464591
0.5127097458050839,0.2862742745145097
0.7642647147057059,0.630867382652347
0.8415431691366173,0.8109037819243615
0.38477230455390893,0.47045059098818026
0.625827483450331,0.5516289674206516
0.44641107177856443,0.43191136177276457
0.8430831383372333,0.8354032919341613
0.7828843423131537,0.8482030359392813
0.25715485690286194,0.253954920901582
0.9719205615887683,0.9765804683906322
0.15931681366372674,0.1992560148797024
0.4642307153856923,0.5566888662226755
0.0883782324353513,0.07103857922841543
0.10197796044079119,0.08337833243335134
0.6560068798624028,0.5898282034359313
0.7081258374832503,0.5475090498190036
0.4270914581708366,0.6397672046559069
0.6716865662686746,0.7022459550808984
0.4553308933821324,0.43505129897402056
0.8311633767324654,0.872822543549129
0.9925201495970081,0.9764204715905682
0.2979940401191976,0.29721405571888565
0.43571128577428453,0.48755024899502014
0.5306093878122438,0.5795084098318034
0.3160736785264295,0.30025399492010163
0.39541209175816483,0.3511929761404772
0.6432471350572989,0.5865482690346193
0.6633867322653547,0.6613267734645307
0.7367652646947062,0.7294054118917622
0.43787124257514853,0.38521229575408494
0.5922081558368832,0.6580068398632027
0.4243915121697566,0.4794504109917802
0.3184136317273655,0.33541329173416534
0.37939241215175695,0.2779344413111738
0.744645107097858,0.7359252814943701
0.39087218255634887,0.3480730385392292
0.14507709845803085,0.03109937801243975
0.42363152736945264,0.381692366152677
0.9705405891882163,0.9715805683886323
0.8553428931421372,0.5859482810343793
0.46229075418491633,0.5737285254294914
0.23153536929261415,0.1745565088698226
0.15577688446231075,0.17271654566908662
0.6375472490550189,0.4743305133897322
0.029639407211855765,0.023719525609487813
0.8212635747285054,0.8391032179356414
0.05631887362252755,0.07401851962960741
0.7695046099078019,0.9111017779644407
0.8977220455590889,0.8996420071598569
0.22077558448831025,0.21951560968780626
0.44781104377912445,0.5090498190036199
0.7769044619107618,0.7703245935081299
0.4324713505729886,0.36925261494770106
0.9439411211775764,0.9222215555688886
0.8446031079378413,0.8285634287314254
0.15979680406391872,0.23005539889202217
0.5324493510129797,0.9512209755804885
0.23723525529489412,0.7757644847103058
0.8876222475550489,0.8958220835583288
0.4849503009939801,0.3502729945401092
0.9748805023899523,0.75862482750345
0.7243855122897542,0.498610027799444
0.2662746745065099,0.1996560068798624
0.6318273634527309,0.9162216755664887
0.056778864422711545,0.0743985120297594
0.5647687046259074,0.4871902561948761
0.9640407191856163,0.9777004459910802
0.20541589168216637,0.22053558928821423
0.6438071238575229,0.6185876282474351
0.6042279154416912,0.5860682786344273
0.8004439911201776,0.7867642647147057
0.47235055298894024,0.503229935401292
0.7834643307133857,0.7195656086878263
0.7816843663126738,0.8071838563228736
0.9845403091938162,0.9904401911961761
0.017319653606927863,0.026139477210455793
0.09703805923881523,0.4580308393832124
0.6627067458650827,0.6463670726585469
0.9462410751784964,0.9490410191796165
0.6942861142777145,0.7116057678846424
0.7319453610927782,0.7847243055138897
0.3636927261454771,0.5650486990260195
0.6788064238715226,0.8267434651306974
0.33953320933581327,0.2999540009199816
0.6375672486550269,0.4744505109897802
0.0626387472250555,0.060518789624207515
0.3508329833403332,0.4280514389712206
0.062038759224815505,0.10219795604087918
0.881522369552609,0.8448831023379533
0.3901121977560449,0.3486530269394612
0.3254534909301814,0.34879302413951724
0.50034999300014,0.3650126997460051
0.42569148617027663,0.6806663866722665
0.9059218815623687,0.8540829183416332
0.2646947061058779,0.3915921681566369
0.32981340373192536,0.40019199616007683
0.9297014059718806,0.8477430451390973
0.05867882642347153,0.0744585108297834
0.9042619147617048,0.9066218675626487
0.16599668006639867,0.5375692486150278
0.0997980040399192,0.10755784884302315
0.883802323953521,0.8941221175576489
0.1873962520749585,0.22099558008839823
0.16853662926741467,0.14191716165676688
0.6377072458550829,0.5296294074118518
0.8639427211455771,0.880422391552169
0.8063638727225456,0.8086238275234495
0.09015819683606328,0.12671746565068698
0.6919861602767945,0.4256714865702686
0.8629027419451611,0.8398432031359373
0.6759264814703706,0.6154076918461631
0.6746665066698666,0.6520269594608108
0.7628047439051219,0.746785064298714
0.6656066878662427,0.34597308053838927
0.9250014999700006,0.9106217875642487
0.615647687046259,0.5463690726185476
0.2898142037159257,0.46953060938781227
0.8825023499530009,0.6424271514569709
0.02287954240915182,0.022119557608847824
0.06559868802623947,0.05997880042399152
0.882922341553169,0.7822243555128898
0.6706665866682666,0.7102857942841143
0.8464030719385612,0.8352632947341053
0.16083678326433473,0.1877562448751025
0.032019359612807746,0.023079538409231815
0.3285134297314054,0.34405311893762125
0.618847623047539,0.6564868702625948
0.0627387452250955,0.09009819803603929
0.8468030639387213,0.8436031279374413
0.9925601487970241,0.9945601087978241
0.34599308013839725,0.3251334973300534
0.9789804203915922,0.9772604547909042
0.1622967540649187,0.08011839763204737
0.5838683226335474,0.8520629587408252
0.8928221435571289,0.8610027799444011
0.04805903881922362,0.041179176416471674
0.49507009859802803,0.5007499850003
0.7213055738885222,0.7260054798904022
0.38091238175236497,0.3894722105557889
0.6679266414671707,0.6381672366552669
0.8043639127217456,0.7891442171156577
0.024459510809783806,0.01769964600707986
0.8477030459390813,0.8033039339213216
0.5930081398372032,0.5735685286294274
0.16825663486730266,0.1986560268794624
0.44965100697986043,0.3489930201395972
0.3369732605347893,0.33689326213475734
0.8360432791344173,0.873942521149577
0.6803063938721226,0.619647607047859
0.18651626967460652,0.20943581128377434
0.6199276014479711,0.7305653886922262
0.24167516649667006,0.26725465490690187
0.9645207095858083,0.9561208775824483
0.4021519569608608,0.41591168176636467
0.12173756524869503,0.11025779484410313
0.6931661366772665,0.7361452770944581
0.19755604887902242,0.17947641047179058
0.4381312373752525,0.44409111817763647
0.3617927641447171,0.3279134417311654
0.6443271134577309,0.6506469870602588
0.2642547149057019,0.4138917221655567
0.20445591088178236,0.17143657126857464
0.07069858602827944,0.47321053578928424
0.6895862082758345,0.6864462710745786
0.3132937341253175,0.23117537649247016
0.5930881382372353,0.633747325053499
0.15887682246355073,0.15201695966080678
0.6681266374672507,0.635467290654187
0.3053738925221496,0.2144957100857983
0.19777604447911043,0.20563588728225435
0.5854482910341794,0.6390072198556029
0.8891022179556409,0.9784004319913602
0.33421331573368535,0.4575108497830044
0.759404811903762,0.752884942301154
0.9803003939921202,0.866762664746705
0.08619827603447931,0.0876382472350553
0.27017459650806985,0.3016339673206536
0.1768764624707506,0.1634967300653987
0.5523089538209236,0.6015679686406272
0.17319653606927862,0.2016159676806464
0.2719745605087898,0.2654546909061819
0.6452270954580909,0.7186856262874742
0.14589708205835883,0.20707585848283036
0.28979420411591766,0.2842143157136857
0.629387412251755,0.5907281854362912
0.023519529609407813,0.024439511209775805
0.2635547289054219,0.13267734645307094
0.7016459670806584,0.7017859642807144
0.1628367432651347,0.12203755924881503
0.5460890782184357,0.7260454790904182
0.18609627807443851,0.16133677326453472
0.5709285814283714,0.5630287394252115
0.4545309093818124,0.4564908701825964
0.9056818863622728,0.9050218995620087
0.3263134737305254,0.3108137837243255
0.7459450810983781,0.744745105097898
0.22935541289174216,0.124297514049719
0.5809483810323793,0.632007359852803
0.33403331933361335,0.36641267174656506
0.8218635627287455,0.7890242195156097
0.7199056018879623,0.6140477190456191
0.30709385812283757,0.2841543169136617
0.0026199476010479793,0.003959920801583968
0.7601247975040499,0.5358892822143557
0.28097438051238977,0.3094738105237895
0.9383812323753525,0.9423611527769445
0.5881082378352434,0.19365612687746245
0.7819043619127618,0.5765684686306274
0.8288634227315455,0.8714025719485611
0.7883642327153457,0.7917041659166817
0.007979840403191937,0.01909961800763985
0.875382492350153,0.880602387952241
0.05333893322133557,0.0627987440251195
0.501509969800604,0.5242695146097078
0.8662826743465131,0.8859222815543689
0.4101717965640687,0.47181056378872427
0.7812843743125137,0.7158056838863223
0.2139357212855743,0.20959580808383832
0.5873882522349553,0.762264754704906
0.49757004859902804,0.5636487270254595
0.3285734285314294,0.39749205015899686
0.4956500869982601,0.39659206815863685
0.6674266514669707,0.6729865402691947
0.9449011019779605,0.9526009479810404
0.49013019739605207,0.3245935081298374
0.07709845803083938,0.11739765204695907
0.6105477890442191,0.8214435711285775
0.20947581048379033,0.22949541009179816
0.9543409131817364,0.6937061258774825
0.04693906121877563,0.04483910321793564
0.006339873202535949,0.006399872002559949
0.6115677686446271,0.5705485890282195
0.12829743405131896,0.14631707365852684
0.5735485290294194,0.5614487710245796
0.5662086758264835,0.40949181016379677
0.2006559868802624,0.2139957200855983
0.09731805363892722,0.08409831803363933
0.4493510129797404,0.43609127817443655
0.4663306733865323,0.5281494370112598
0.7001859962800744,0.7173656526869463
0.4401311973760525,0.4017319653606928
0.023139537209255816,0.015879682406351875
0.4461310773784524,0.25147497050059
0.505269894602108,0.49843003139937203
0.8483030339393213,0.8577828443431131
0.7673046539069219,0.8046039079218416
0.21771564568708626,0.34593308133837325
0.019259614807703846,0.013919721605567889
0.6668266634667307,0.6596868062638748
0.1870762584748305,0.09551808963820724
0.3226935461290774,0.127277454450911
0.9230615387692247,0.9337013259734805
0.39231215375692485,0.3255534889302214
0.7595648087038259,0.8251834963300734
0.13639727205455893,0.5755084898302034
0.6859462810743785,0.7047859042819143
0.043279134417311654,0.034299314013719724
0.034219315613687726,0.05575888482230355
0.7104257914841703,0.755184896302074
0.885862282754345,0.8883422331553369
0.8566628667426652,0.7948841023179537
0.4732905341893162,0.20733585328293436
0.8134637307253855,0.8987820243595128
0.3624127517449651,0.372092558148837
0.36033279334413315,0.29299414011719765
0.5221495570088598,0.5920481590368193
0.254214915701686,0.8173436531269375
0.10549789004219916,0.10731785364292715
0.45645087098258036,0.4255914881702366
0.374932501349973,0.3000339993200136
0.11643767124657507,0.1394172116557669
0.45811083778324435,0.4273314533709326
0.3172136557268855,0.30541389172216554
0.3074338513229736,0.5305693886122278
0.2120357592848143,0.14901701965960681
0.6168076638467231,0.6108477830443392
0.10645787084258315,0.0763984720305594
0.32461350772984543,0.11921761564768706
0.16367672646547068,0.3038139237215256
0.03399932001359973,0.039359212815743685
0.2013959720805584,0.23379532409351814
0.9365612687746245,0.882522349553009
0.20725585488290235,0.07165856682866342
0.5152696946061079,0.4838103237935241
0.7569448611027779,0.7072658546829064
0.8586428271434572,0.8534629307413852
0.3859922801543969,0.4151516969660607
0.993920121597568,0.9952600947981041
0.06749865002699947,0.1475370492590148
0.08057838843223136,0.1620367592648147
0.5263494730105398,0.5265894682106358
0.37165256694866106,0.3549929001419972
0.5226895462090758,0.5276294474110518
0.8161636767264655,0.9614607707845844
0.06733865322693547,0.05867882642347153
0.7375452490950182,0.7467450650986981
0.014939701205975882,0.014599708005839884
0.8640627187456251,0.8395432091358173
0.502889942201156,0.4728305433891322
0.8079438411231775,0.8692226155476891
0.8442831143377133,0.753784924301514
0.46199076018479635,0.5204295914081719
0.33243335133297336,0.379352412951741
0.23039539209215817,0.2984340313193736
0.16133677326453472,0.1400771984560309
0.2148557028859423,0.2581948361032779
0.7480050398992021,0.7844243115137698
0.7663046739065219,0.8063638727225456
0.21387572248555028,0.2643747125057499
0.9324013519729606,0.8196836063278735
0.31993360132797344,0.255234895302094
0.2639947201055979,0.3466530669386612
0.4572908541829164,0.3592328153436931
0.6049879002419952,0.6640467190656187
0.4728305433891322,0.2676346473070539
0.19499610007799845,0.28343433131337376
0.0760984780304394,0.04817903641927162
0.12277754444911103,0.1492170156596868
0.25821483570328596,0.2980540389192216
0.43147137057258855,0.36635267294654106
0.7194856102877942,0.5119697606047879
0.1143777124457511,0.14369712605747886
0.625387492250155,0.6501669966600668
0.4445911081778365,0.4511709765804684
0.8313233735325294,0.8663226735465291
0.6190476190476191,0.4041519169616608
0.16691666166676666,0.09947801043979121
0.9756804863902723,0.9744605107897842
0.996780064398712,0.9965000699986001
0.6383472330553389,0.6469070618587629
0.38595228095438094,0.5971680566388673
0.7320653586928262,0.7212255754884902
0.21427571448571028,0.19055618887622247
0.377052458950821,0.5208295834083319
0.5379692406151877,0.5523689526209477
0.9653606927861443,0.9644207115857684
0.7207655846883062,0.7675046499070018
0.991980160396792,0.9846403071938562
0.621467570648587,0.6625667486650267
0.2904941901161977,0.15403691926161478
0.05403891922161557,0.07153856922861543
0.6317273654526909,0.5235895282094358
0.8475230495390093,0.8742625147497051
0.9715405691886163,0.9548609027819444
0.6927661446771065,0.7438651226975461
0.1979360412791744,0.12957740845183097
0.1748365032699346,0.10259794804103918
0.4876302473950521,0.46887062258754825
0.6136677266454671,0.6755064898702026
0.8128237435251295,0.8674626507469851
0.7291054178916422,0.7300453990920182
0.753804923901522,0.6765064698706026
0.7630847383052339,0.7120257594848103
0.37749245015099697,0.4503509929801404
0.3895322093558129,0.47103057938841225
0.7306853862922742,0.6736265274694506
0.6424071518569628,0.8122237555248896
0.5151296974060519,0.5379892402151957
0.7350052998940021,0.746265074698506
0.19109617807643847,0.2376752464950701
0.9217615647687046,0.8733225335493291
0.3040539189216216,0.27973440531189375
0.1481970360592788,0.12085758284834304
0.5939481210375793,0.4152116957660847
0.9602607947841043,0.9733805323893523
0.8395232095358093,0.8587628247435052
0.11679766404671907,0.09375812483750326
0.12987740245195095,0.09809803803923922
0.6133477330453391,0.5795484090318194
0.8611827763444732,0.5251094978100438
0.06185876282474351,0.05411891762164757
0.7878042439151217,0.7225455490890182
0.16755664886702268,0.09677806443871123
0.7074058518829623,0.7304453910921782
0.8280634387312255,0.9077418451630967
0.6852262954740905,0.31717365652686946
0.75652486950261,0.5940281194376112
0.27933441331173375,0.3291534169316614
0.628567428651427,0.5918281634367313
0.7191656166876663,0.6398672026559469
0.1625167496650067,0.4553908921821564
0.880482390352193,0.9007819843603129
0.4262914741705166,0.03165936681266375
0.6397672046559069,0.6667066658666827
0.07661846763064739,0.07321853562928742
0.40975180496390073,0.3963920721585568
0.6846063078738426,0.3274734505309894
0.9596408071838564,0.9590608187836244
0.8868422631547369,0.5548889022219555
0.5751884962300754,0.49283014339713205
0.7761444771104579,0.7931441371172577
0.250134997300054,0.38253234935301295
0.7055658886822264,0.6824863502729945
0.6088078238435232,0.5646687066258675
0.9585808283834324,0.9545209095818084
0.7348853022939541,0.7282054358912822
0.6698266034679307,0.6195676086478271
0.8962820743585128,0.8131837363252735
0.7285254294914102,0.621947561048779
0.23669526609467811,0.22111557768844625
0.0027999440011199778,0.0010999780004399913
0.38325233495330097,0.4524909501809964
0.9716005679886403,0.9590008199836003
0.8326633467330654,0.8633827323453531
0.9349013019739606,0.9282414351712966
0.9573808523829523,0.9420611587768245
0.11905761884762305,0.10489790204195916
0.8409631807363853,0.8732425351492971
0.6419871602567949,0.6418671626567469
0.26589468210635786,0.1895562088758225
0.8925221495570089,0.8719425611487771
0.5867682646347073,0.6911261774764504
0.7436451270974581,0.7328253434931301
0.7606047879042419,0.7950640987180256
0.620327593448131,0.5905081898362033
0.7816243675126497,0.7936241275174497
0.9479210415791685,0.9403811923761525
0.22255554888902224,0.30861382772344553
0.7673846523069539,0.8134237315253695
0.5405091898162037,0.6009879802403952
0.3680326393472131,0.4726705465890682
0.8383432331353373,0.746005079898402
0.9927201455970881,0.9903401931961361
0.9923401531969361,0.9219815603687926
0.1473370532589348,0.18393632127357454
0.9906601867962641,0.9920801583968321
0.5282294354112917,0.5292094158116838
0.26491470170596587,0.2775144497110058
0.74672506549869,0.6370872582548349
0.2368152636947261,0.6084278314433712
0.506909861802764,0.048099038019239614
0.632207355852883,0.6364072718545629
0.9054618907621848,0.9140017199656008
0.8015639687206256,0.5768884622307554
0.5602087958240836,0.5829283414331714
0.1389372212555749,0.1764164716705666
0.9802603947921041,0.9820203595928082
0.7094458110837784,0.6763864722705546
0.024359512809743807,0.021819563608727825
0.48399032019359617,0.5457890842183156
0.8615627687446251,0.7022859542809144
0.010319793604127919,0.02417951640967181
0.5489090218195636,0.31923361532769345
0.752484950300994,0.868262634747305
0.24963500729985402,0.13181736365272695
0.00623987520249595,0.009119817603647927
0.07823843523129538,0.10241795164096719
0.2644147117057659,0.2386152276954461
0.9827003459930802,0.9692606147877043
0.43269134617307653,0.39529209415811684
0.24761504769904602,0.12361752764944701
0.9490210195796085,0.9556008879822404
0.8927821443571129,0.5674286514269715
0.5050298994020119,0.39613207735845285
0.2985140297194056,0.3141337173256535
0.2805543889122218,0.3879122417551649
0.44873102537949244,0.7314653706925862
0.13051738965220697,0.1504769904601908
0.2663146737065259,0.8368432631347373
0.883022339553209,0.8083438331233376
0.49573008539829205,0.8217635647287055
0.9753004939901202,0.9703005939881203
0.2752744945101098,0.26799464010719787
0.5986280274394512,0.6868862622747546
0.9999200015999681,0.999960000799984
0.1743765124697506,0.1389972200555989
0.3470530589388212,0.28303433931321376
0.890222195556089,0.8969620607587848
0.8160236795264095,0.8507229855402892
0.27155456890862184,0.23225535489290214
0.19245615087698248,0.12819743605127898
0.7647847043059139,0.757484850302994
0.5726485470290594,0.5700685986280275
0.8599028019439612,0.7793644127117458
0.03345933081338373,0.034199316013679724
0.254154916901662,0.3124537509249815
0.15737685246295074,0.24701505969880602
0.29465410691786165,0.29499410011799765
0.8607827843443131,0.9151016979660407
0.21585568288634227,0.756504869902602
0.6493870122597548,0.5734285314293714
0.6648267034659308,0.6994660106797864
0.75252494950101,0.8036039279214416
0.75452490950181,0.7667046659066818
0.43257134857302854,0.3610127797444051
0.623287534249315,0.5577888442231156
0.5482490350192997,0.6523869522609548
0.7240655186896262,0.6594068118637627
0.045699086018279635,0.1008979820403592
0.10153796924061519,0.12381752364952701
0.08809823803523929,0.05621887562248755
0.9703805923881522,0.9757404851902962
0.1647567048659027,0.15751684966300675
0.3632727345453091,0.252894942101158
0.34655306893862126,0.3206335873282534
0.3266334673306534,0.3898722025559489
0.7071058578828424,0.7663846723065539
0.21793564128717427,0.17339653206935862
0.01129977400451991,0.005739885202295954
0.23151536969260617,0.25809483810323797
0.6547069058618827,0.615887682246355
0.9677006459870803,0.9689606207875843
0.09221815563688726,0.15457690846183078
0.07091858162836744,0.5201495970080598
0.4420111597768045,0.5561888762224756
0.6844463110737785,0.749805003899922
0.29139417211655766,0.14679706405871884
0.7399652006959861,0.7380852382952341
0.5792084158316834,0.5424891502169957
0.7859842803143937,0.8262234755304895
0.7878842423151537,0.628927421451571
0.4153516929661407,0.3996120077598448
0.3346933061338773,0.2872342553148937
0.14173716525669486,0.16675666486670268
0.9757204855902882,0.9814603707925842
0.5786884262314754,0.4894502109957801
0.6048079038419232,0.4817503649927002
0.5431691366172676,0.5247095058098838
0.7242655146897062,0.9142617147657047
0.4765904681906362,0.46159076818463635
0.4531309373812524,0.27909441811163777
0.4431111377772445,0.4651106977860443
0.0872782544349113,0.059818803623927524
0.3388932221355573,0.30529389412211755
0.1397372052558949,0.13281734365312695
0.7030859382812344,0.7005259894802104
0.44683106337873246,0.4502109957800844
0.32199356012879743,0.29417411651766967
0.7019259614807704,0.6379872402551949
0.05935881282374353,0.13361732765344694
0.9515009699806004,0.9387412251754965
0.6805863882722346,0.7363252734945301
0.49253014939701206,0.4514309713805724
0.5344093118137637,0.6824063518729626
0.08117837643247135,0.09273814523709527
0.13341733165336694,0.10855782884342313
0.9731205375892482,0.9603807923841523
0.37949241015179697,0.24219515609687808
0.14143717125657487,0.034539309213815726
0.7774244515109698,0.8915621687566249
0.49579008419831605,0.47503049939001224
0.14017719645607088,0.17287654246915063
0.08865822683546329,0.08939821203575929
0.631407371852563,0.5735885282294354
0.44255114897702047,0.3149337013259735
0.4213715725685486,0.4440111197776045
0.3511729765404692,0.39769204615907683
0.9528009439811204,0.9553608927821444
0.030619387612247757,0.21135577288454233
0.9706805863882723,0.9767004659906802
0.8358432831343373,0.7315853682926342
0.5195096098078038,0.5378492430151397
0.34233315333693326,0.35627287454250917
0.3365932681346373,0.33787324253514933
0.880462390752185,0.9108217835643287
0.9217215655686887,0.8179436411271774
0.9571008579828404,0.9692406151876963
0.5406691866162677,0.511129777404452
0.9577808443831124,0.9362212755744885
0.3936521269574609,0.5150096998060039
0.7297654046919062,0.7877042459150817
0.28595428091438174,0.2973740525189496
0.7960440791184177,0.6059078818423632
0.11175776484470311,0.1634167316653667
0.7886642267154658,0.6100477990440192
0.39537209255814887,0.3608727825443491
0.044099118017639646,0.054278914421711566
0.7704045919081619,0.5141297174056519
0.35623287534249315,0.34931301373972523
0.17247655046899063,0.6437271254574909
0.7037259254814904,0.6111677766444671
0.880442391152177,0.880462390752185
0.6659666806663866,0.5932081358372833
0.7369252614947701,0.8076238475230496
0.8642227155456891,0.8478030439391212
0.8039039219215616,0.8937221255574889
0.7733445331093378,0.7918241635167297
0.026279474410511792,0.02881942361152777
0.5976480470390593,0.5712685746285074
0.16441671166576668,0.2138557228855423
0.4539509209815804,0.44427111457770846
0.7694046119077619,0.8033639327213457
0.41797164056718866,0.5286894262114757
0.2924941501169977,0.1979960400791984
0.4516109677806444,0.5547489050218996
0.9494010119797605,0.9545409091818164
0.49945001099978004,0.499090018199636
0.7806643867122658,0.7835243295134098
0.23075538489230216,0.27293454130917383
0.000499990000199996,0.0003999920001599968
0.9799404011919762,0.9943001139977201
0.5821883562328753,0.48555028899422015
0.16943661126777465,0.20951580968380634
0.07369852602947942,0.08277834443311134
0.8402231955360893,0.8227435451290974
0.9167216655666887,0.8728625427491451
0.5326893462130757,0.6729465410691786
0.45919081618367635,0.4149117017659647
0.008959820803583929,0.19085618287634248
0.9300413991720166,0.9603207935841284
0.030819383612327753,0.03587928241435171
0.7884242315153697,0.8261034779304414
0.16467670646587068,0.2015159696806064
0.25177496450071,0.19447611047779045
0.2993140137197256,0.24389512209755806
0.4929501409971801,0.4125117497650047
0.7194256114877703,0.7141257174856503
0.9472810543789124,0.9396612067758645
0.9841803163936722,0.9792604147917042
0.06523869522609547,0.07063858722825543
0.16873662526749467,0.15917681646367074
0.5776084478310434,0.5227695446091079
0.2276954460910782,0.3869122617547649
0.9605207895842084,0.8008439831203377
0.2661546769064619,0.22239555208895823
0.8696426071478571,0.8853422931541369
0.9299014019719606,0.9622607547849044
0.9435411291774165,0.9223215535689286
0.51284974300514,0.6822063558728826
0.7219655606887863,0.7237455250894982
0.9270214595708086,0.9170616587668247
0.34181316373672527,0.34599308013839725
0.10321793564128717,0.09583808323833523
0.22825543489130218,0.21691566168676626
0.23389532209355815,0.2004559908801824
0.38475230495390095,0.3393132137357253
0.7667046659066818,0.9001419971600568
0.2617347653046939,0.37067258654826907
0.5756884862302755,0.49475010499790006
0.2793144137117258,0.25753484930301396
0.7201055978880423,0.629687406251875
0.5933281334373313,0.628147437051259
0.9067618647627048,0.8403031939361213
0.20995580088398233,0.18495630087398252
0.4772504549909002,0.5672486550268995
0.25437491250175,0.5711085778284435
0.8634227315453691,0.8443831123377533
0.10905781884362313,0.09429811403771925
0.9053018939621208,0.8928021439571209
0.616787664246715,0.7326053478930422
0.883702325953481,0.876642467150657
0.8046439071218576,0.7406651866962661
0.9210815783684326,0.9425011499770005
0.5180696386072279,0.36035279294414113
0.44559108817823645,0.4858702825943481
0.1395572088558229,0.14719705605887884
0.024099518009639807,0.046019079618407635
0.9519809603807924,0.9138217235655287
0.5597888042239155,0.5972480550388992
0.6996860062798744,0.7164056718865623
0.010159796804063918,0.00869982600347993
0.4393312133757325,0.5264694706105878
0.4314913701725966,0.5345493090138197
0.9079418411631768,0.9404611907761845
0.5295694086118278,0.4570508589828204
0.7496050078998421,0.7803043939121218
0.28265434691306174,0.10441791164176717
0.26977460450790985,0.379312413751725
0.8700225995480091,0.873162536749265
0.5605087898242035,0.5646287074258515
0.870422591548169,0.8702225955480891
0.8128437431251375,0.9177416451670967
0.9531409371812564,0.9343213135737286
0.006579868402631948,0.0055998880022399555
0.42017159656806863,0.6791064178716426
0.5740885182296355,0.9366812663746725
0.06005879882402352,0.09037819243615128
0.375192496150077,0.3413931721365573
0.8588828223435532,0.8607827843443131
0.5668286634267314,0.5735485290294194
0.6685066298674027,0.7100657986840263
0.1508969820603588,0.18877622447551048
0.20189596208075838,0.4154916901661967
0.9298814023719526,0.9841003179936402
0.014899702005959881,0.014039719205615888
0.626887462250755,0.6036679266414672
0.05545889082218356,0.031699366012679746
0.6623267534649308,0.6585668286634268
0.007319853602927941,0.007299854002919942
0.40969180616387674,0.38739225215495693
0.873602527949441,0.7838243235135297
0.9317413651726966,0.9081218375632487
0.9699806003879923,0.9609407811843763
0.9453610927781445,0.9411611767764645
0.09019819603607929,0.6692266154676907
0.3231535369292614,0.255394892102158
0.06687866242675147,0.05887882242355153
0.06887862242755145,0.0746585068298634
0.7373852522949541,0.8145637087258255
0.49837003259934803,0.5050298994020119
0.6521269574608508,0.6463470730585389
0.3011339773204536,0.30351392972140556
0.35999280014399715,0.3602527949441011
0.630607387852243,0.6444271114577709
0.9677206455870883,0.9626607467850643
0.6643467130657387,0.500009999800004
0.43123137537249256,0.39631207375852484
0.8211035779284415,0.872742545149097
0.1783564328713426,0.2016759664806704
0.05521889562208756,0.06845863082738346
0.7109657806843863,0.7000059998800024
0.019579608407831843,0.05159896802063959
0.4507109857802844,0.5902281954360913
0.4564308713825724,0.48703025939481215
0.4124717505649887,0.37749245015099697
0.5773884522309554,0.506089878202436
0.9139617207655847,0.9290614187716246
0.9374012519749605,0.9511009779804405
0.47141057178856427,0.47463050738985224
0.22719545609087818,0.29549409011819766
0.5917081658366833,0.5526889462210756
0.6882062358752825,0.7439051218975621
0.03137937241255175,0.04069918601627968
0.5787684246315073,0.6290874182516349
0.24085518289634208,0.27193456130877386
0.5897882042359153,0.5509689806203876
0.3357132857342853,0.3114337713245735
0.7855842883142338,0.7176856462870743
0.2980540389192216,0.5954080918381632
0.7706045879082418,0.8820223595528089
0.8360632787344253,0.41973160536789267
0.39457210855782887,0.511589768204636
0.5283094338113238,0.47543049139017224
0.620447591048179,0.7019259614807704
0.35581288374232517,0.3509129817403652
0.17965640687186257,0.1614567708645827
0.9089818203635928,0.9047219055618888
0.06525869482610348,0.0752784944301114
0.3916321673566529,0.46021079578408436
0.252614947701046,0.28447431051378974
0.2279554408911822,0.23415531689366215
0.7014659706805864,0.5258094838103238
0.5398092038159237,0.629567408651827
0.34363312733745327,0.3354932901341973
0.9292014159716806,0.9161616767664646
0.40823183536329277,0.34347313053738926
0.6982460350792984,0.7346253074938501
0.6459070818583629,0.49615007699846003
0.42129157416851665,0.4498910021799564
0.7583248335033299,0.7664846703065938
0.499990000199996,0.45755084898302034
0.8931621367572649,0.8571628567428652
0.7171856562868743,0.8031439371212576
0.05927881442371153,0.06607867842643148
0.9134217315653688,0.9038819223615528
0.8618827623447531,0.7128657426851464
0.6687266254674906,0.6617267654646908
0.6026079478410432,0.6147477050458992
0.4410511789764205,0.45669086618267635
0.7020659586808264,0.631767364652707
0.10257794844103119,0.3634927301453971
0.6449271014579708,0.5274894502109958
0.6051278974420512,0.10409791804163918
0.877562448751025,0.8861622767544649
0.5540889182216356,0.5459090818183636
0.05495890082198356,0.0629387412251755
0.1129177416451671,0.5373292534149318
0.9212815743685127,0.9328813423731526
0.03903921921561569,0.028139437211255777
0.9131017379652407,0.8939221215575689
0.99760004799904,0.997940041199176
0.9209815803683926,0.9376212475750485
0.9663606727865443,0.9649207015859683
0.06159876802463951,0.1139777204455911
0.882862342753145,0.9409611807763845
0.9531009379812404,0.9589808203835923
0.15597688046239075,0.2122557548849023
0.24137517249655008,0.2393352132957341
0.761004779904402,0.7330453390932181
0.1610567788644227,0.10835783284334313
0.5367692646147078,0.5952080958380832
0.5879682406351873,0.5192696146077078
0.34971300573988523,0.5299694006119878
0.5442491150176997,0.8908021839563209
0.28383432331353375,0.27199456010879786
0.3878722425551489,0.6408671826563469
0.6336873262534749,0.498270034599308
0.4724905501889962,0.42575148497030063
0.624327513449731,0.639787204255915
0.49105017899642006,0.6857662846743066
0.4565908681826364,0.47309053818923624
0.759284814303714,0.6517269654606908
0.22103557928841425,0.1864762704745905
0.5306293874122517,0.5020499590008201
0.38497230055398896,0.42239155216895663
0.9061418771624568,0.8395832083358333
0.9808603827923442,0.9158216835663288
0.9115817683646328,0.7990440191196176
0.7047259054818904,0.7735045299094019
0.7240055198896023,0.8305633887322253
0.9071418571628568,0.9042819143617128
0.25763484730305397,0.376512469750605
0.3856922861542769,0.4418511629767405
0.6161876762464751,0.3381332373352533
0.16721665566688668,0.11875762484750306
0.7959440811183777,0.8852622947541049
0.7008459830803384,0.7473450530989381
0.9755204895902082,0.9757804843903122
0.9743805123897522,0.9786604267914643
0.1856762864742705,0.18151636967260656
0.6362072758544829,0.37853242935141296
0.8264434711305774,0.8518629627407452
0.6458070838583229,0.6813063738725226
0.2899142017159657,0.5260094798104038
0.2114557708845823,0.250714985700286
0.5312693746125078,0.5418691626167477
0.8460830783384332,0.8530629387412252
0.18355632887342255,0.36085278294434114
0.2748745025099498,0.36719265614687707
0.9452210955780884,0.9717805643887123
0.630747385052299,0.7066258674826503
0.5570288594228116,0.5471690566188676
0.5902481950360993,0.6329873402531949
0.8877422451550969,0.9156816863662727
0.624027519449611,0.5229895402091959
0.4636907261854763,0.5477290454190916
0.9415411691766165,0.8851422971540569
0.3289734205315894,0.36943261134777305
0.5552288954220915,0.506329873402532
0.07981840363192737,0.10131797364052719
0.04827903441931162,0.03547929041419172
0.629267414651707,0.7580648387032259
0.9901401971960561,0.9890002199956002
0.055378892422151556,0.05683886322273555
0.5101697966040679,0.42855142897142057
0.17933641327173458,0.15567688646227076
0.5457890842183156,0.627767444651107
0.7167256654866903,0.6751664966700667
0.627167456650867,0.6381272374552509
0.49449011019779604,0.5147097058058839
0.37219255614887703,0.5448891022179556
0.14607707845843085,0.12731745365092698
0.8932621347573049,0.9396412071758565
0.24365512689746205,0.3596328073438531
0.13489730205395892,0.16001679966400673
0.3139537209255815,0.28189436211275776
0.8325233495330093,0.8445631087378253
0.40855182896342074,0.4795304093918122
0.1603167936641267,0.16049679006419873
0.26337473250534993,0.43157136857262857
0.5346693066138677,0.40529189416211675
0.4565508689826204,0.46801063978720425
0.10183796324073519,0.08613827723445532
0.19701605967880642,0.14075718485630287
0.00873982520349593,0.021719565608687826
0.5873482530349393,0.631987360252795
0.5985280294394112,0.6050678986420271
0.7928041439171217,0.6183476330473391
0.5247495050098998,0.6123077538449231
0.6456670866582669,0.7126657466850663
0.41707165856682865,0.3367132657346853
0.044619107617847646,0.02377952440951181
0.4164116717665647,0.5745085098298034
0.8033039339213216,0.5650086998260035
0.8672026559468811,0.866642667146657
0.08739825203495931,0.34273314533709326
0.8174436511269775,0.8340033199336013
0.1634367312653747,0.19785604287914244
0.9049419011619768,0.8723025539489211
0.03007939841203176,0.049339013219735606
0.31999360012799744,0.380672386552269
0.7756644867102658,0.751264974700506
0.15765684686306275,0.1350172996540069
0.024659506809863802,0.010659786804263915
0.2130157396852063,0.2659346813063739
0.07121857562848743,0.09311813763724726
0.8980020399592008,0.8358432831343373
0.06817863642727146,0.07281854362912742
0.6472270554588908,0.6864862702745945
0.11451770964580708,0.2013359732805344
0.9252614947701047,0.9472010559788805
0.9431011379772405,0.9216415671686566
0.2609947801043979,0.2667346653066939
0.870882582348353,0.8293634127317454
0.21845563088738226,0.19475610487790246
0.4646107077858443,0.44531109377812444
0.07323853522929542,0.10177796444071119
0.9669206615867683,0.9718405631887362
0.037259254814903706,0.05555888882222356
0.9480810383792324,0.9690006199876002
0.9952600947981041,0.9954800903981921
0.15623687526249475,0.1361372772544549
0.3624327513449731,0.28133437331253375
0.6168276634467311,0.51284974300514
0.20803583928321434,0.19243615127697447
0.12303753924921502,0.2136957260854783
0.511489770204596,0.632087358252835
0.9792204155916882,0.9843803123937521
0.5536889262214756,0.49631007379852404
0.4745505089898202,0.4025119497610048
0.19623607527849443,0.12599748005039899
0.9580008399832004,0.9574608507829844
0.6591468170636587,0.7392452150956981
0.5553688926221476,0.5385092298154037
0.11481770364592708,0.1368172636547269
0.6619667606647868,0.7628047439051219
0.9315213695726086,0.9350412991740166
0.27337453250934984,0.251354972900542
0.7859042819143618,0.8200035999280014
0.8564628707425852,0.40689186216275675
0.6609467810643788,0.8972820543589128
0.5660486790264195,0.497710045799084
0.8399032019359614,0.9057618847623048
0.2666746665066699,0.033099338013239735
0.75322493550129,0.7673246535069299
0.5645487090258196,0.7157856842863143
0.9293014139717206,0.6963860722785544
0.14493710125797485,0.10931781364372713
0.381192376152477,0.47177056458870825
0.12441751164976701,0.1124577508449831
0.15825683486330275,0.11975760484790304
0.9115017699646007,0.9014019719605608
0.6724265514689707,0.5667686646267075
0.3847323053538929,0.35881282374352513
0.38727225455490893,0.1002379952400952
0.23247535049299015,0.1913361732765345
0.6973060538789224,0.4335513289734205
0.46819063618727624,0.5487890242195156
0.13211735765284693,0.1630367392652147
0.8118237635247295,0.6448671026579469
0.8686226275474491,0.8098638027239455
0.18643627127457452,0.16873662526749467
0.9284214315713686,0.9194616107677847
0.6589068218635628,0.6119877602447952
0.3877922441551169,0.35947281054378916
0.08013839723205536,0.10417791644167117
0.4477910441791164,0.45559088818223636
0.30859382812343755,0.3070338593228136
0.11093778124437512,0.16841663166736665
0.7255254894902102,0.7282254354912902
0.9512209755804885,0.9451210975780485
0.35755284894302114,0.3525929481410372
0.8088438231235375,0.8064238715225696
0.5915881682366353,0.7786644267114659
0.7417651646967061,0.8212835743285135
0.5606487870242596,0.5692886142277155
0.7851442971140578,0.4390312193756125
0.45571088578228436,0.3999920001599968
0.2137157256854863,0.17679646407071858
0.40397192056158876,0.4873102537949241
0.9222815543689127,0.6664666706665867
0.9741405171896562,0.9604807903841923
0.7007659846803064,0.6937461250774984
0.14995700085998281,0.1648967020659587
0.74912501749965,0.76362472750545
0.8670026599468011,0.9009819803603928
0.377032459350813,0.374532509349813
0.124097518049639,0.10377792444151117
0.3513929721405572,0.38349233015339695
0.3652526949461011,0.28287434251314975
0.09599808003839924,0.10639787204255916
0.29231415371692565,0.21953560928781427
0.502829943401132,0.1627367452650947
0.8906221875562489,0.8684426311473771
0.8934021319573608,0.9385612287754245
0.9538009239815204,0.9500409991800164
0.4771704565908682,0.46973060538789224
0.9753404931901363,0.9770204595908082
0.5355092898142038,0.24855502889942202
0.24009519809603808,0.2236955260894782
0.5214295714085718,0.5504489910201796
0.877402451950961,0.7888242235155297
0.5529689406211876,0.4638107237855243
0.6141677166456672,0.6258874822503551
0.7909841803163937,0.8044839103217936
0.504729905401892,0.376052478950421
0.7383652326953462,0.5796884062318753
0.40963180736385274,0.43153136937261255
0.1754164916701666,0.2750744985100298
0.9504809903801924,0.9621007579848403
0.6779464410711786,0.6731065378692427
0.12359752804943902,0.11991760164796704
0.5372492550148997,0.5322293554128917
0.40545189096218076,0.45993080138397235
0.9710405791884162,0.9693806123877523
0.8846823063538729,0.8418431631367373
0.4397912041759165,0.4363712725745485
0.5350492990140198,0.5770284594308114
0.20455590888182237,0.16741665166696668
0.13643727125457492,0.09261814763704726
0.35645287094258116,0.42987140257194856
0.037039259214815705,0.03887922241555169
0.6910861782764345,0.7088058238835223
0.4133717325653487,0.34629307413851723
0.13877722445551088,0.126497470050599
0.08539829203415931,0.07987840243195136
0.633387332253355,0.624667506649867
0.26853462930741384,0.2377552448951021
0.5616887662246756,0.6468870622587548
0.20463590728185438,0.20989580208395833
0.05301893962120758,0.06979860402791944
0.5640087198256035,0.6075078498430032
0.25749485010299794,0.2787744245115098
0.8597028059438812,0.8148637027259455
0.22079558408831823,0.2881142377152457
0.7624447511049779,0.6855262894742106
0.43295134097318055,0.25737485250294995
0.3959320813583728,0.3226335473290534
0.30881382372352556,0.25633487330253396
0.3513529729405412,0.7284054318913622
0.7055058898822024,0.8297034059318814
0.33005339893202135,0.7127057458850823
0.4483710325793484,0.4505709885802284
0.023239535209295815,0.016159676806463873
0.6694066118677626,0.5695886082278354
0.6985260294794104,0.5681286374272515
0.870522589548209,0.5900481990360193
0.2729545409091818,0.11803763924721505
0.8497430051398972,0.8618027639447211
0.7956640867182657,0.7625447491050179
0.6496870062598749,0.6528469430611388
0.09383812323753525,0.11635767284654307
0.9279414411711766,0.8943021139577209
0.32855342893142137,0.2663346733065339
0.10705785884282315,0.18609627807443851
0.2126957460850783,0.46033079338413235
0.6087878242435152,0.6915061698766025
0.49333013339733206,0.4874702505949881
0.9515209695806084,0.9298614027719446
0.42477150456990864,0.37979240415191695
0.3506129877402452,0.3641127177456451
0.2848343033139337,0.23437531249375013
0.4838103237935241,0.3520129597408052
0.19147617047659046,0.1508569828603428
0.4825503489930202,0.4891702165956681
0.7092858142837144,0.7178456430871383
0.06013879722405552,0.042199156016879666
0.7997440051198976,0.8556628867422652
0.5580088398232036,0.5637487250254996
0.2385152296954061,0.2660946781064379
0.5765284694306114,0.6492870142597148
0.8489630207395852,0.8329633407331853
0.022959540809183818,0.027159456810863784
0.11699766004679907,0.03181936361272775
0.7645247095058099,0.6921861562768745
0.05189896202075959,0.07701845963080739
0.009919801603967921,0.009339813203735926
0.1859562808743825,0.24071518569628608
0.8636027279454411,0.8258034839303214
0.625367492650147,0.6802463950720986
0.05527889442211156,0.09485810283794324
0.43341133177336455,0.248995020099598
0.03023939521209576,0.04565908681826364
0.7873642527149457,0.7271654566908662
0.9622207555848883,0.9573808523829523
0.380392392152157,0.4017919641607168
0.08419831603367933,0.059318813623727526
0.7025059498810025,0.25789484210315794
0.5368292634147317,0.6001279974400512
0.2027959440811184,0.30727385452290956
0.11401771964560709,0.07885842283154337
0.04635907281854363,0.05539889202215956
0.3646727065458691,0.37047259054818904
0.5530689386212276,0.6132277354452911
0.6833663326733466,0.7856642867142657
0.34617307653846924,0.027099458010839784
0.8065238695226096,0.8938621227575448
0.4541309173816524,0.3973520529589408
0.3140337193256135,0.14713705725885481
0.7430051398972021,0.75562488750225
0.29663406731865366,0.250254994900102
0.2585348293034139,0.21857562848743026
0.504169916601668,0.629807403851923
0.08265834683306335,0.0383792324153517
0.04483910321793564,0.062118757624847504
0.10391792164156717,0.13737725245495092
0.33415331693366135,0.2744745105097898
0.380272394552109,0.3377332453350933
0.24117517649647008,0.16793664126717467
0.0998980020399592,0.10839783204335914
0.3012739745205096,0.39841203175936485
0.876302473950521,0.8444031119377613
0.4112117757644847,0.2012759744805104
0.7298054038919222,0.6958660826783465
0.7894642107157858,0.880182396352073
0.01877962440751185,0.02101957960840783
0.2731945361092778,0.2906741865162697
0.6904661906761865,0.8685426291474171
0.6159476810463791,0.5784884302313954
0.3338333233335333,0.496330073398532
0.9004619907601848,0.9096018079638407
0.75362492750145,0.7778244435111298
0.5837283254334914,0.45595088098238035
0.3872522549549009,0.4125517489650207
0.027359452810943784,0.025319493610127797
0.3381132377352453,0.22439551208975822
0.38515229695406095,0.46155076898462033
0.6536869262614748,0.3046139077218456
0.5582488350232996,0.5582688346233076
0.7790044199116017,0.75292494150117
0.3875322493550129,0.502469950600988
0.6687466250674987,0.6709865802683946
0.13437731245375092,0.0995380092398152
0.8892022159556809,0.8985820283594328
0.3001739965200696,0.2749745005099898
0.9459010819783604,0.7157456850862983
0.4532909341813164,0.5742285154296914
0.26807463850722985,0.371172576548469
0.5560288794224115,0.4762104757904842
0.5949081018379633,0.5761284774304514
0.07051858962820744,0.06959860802783945
0.7943441131177377,0.7801243975120498
0.9757404851902962,0.9803803923921522
0.631667366652667,0.6785064298714026
0.4672306553868923,0.40893182136357276
0.6174076518469631,0.624107517849643
0.0628787424251515,0.047419051618967624
0.7664646707065859,0.5471090578188437
0.24787504249915002,0.33587328253434934
0.9267614647707046,0.8460230795384093
0.7913241735165297,0.7657646847063059
0.24613507729845405,0.4080518389632207
0.29401411971760566,0.19355612887742246
0.5799684006319874,0.5662486750264994
0.9180616387672247,0.5787284254314914
0.11883762324753505,0.1375372492550149
0.3282934341313174,0.6176476470470591
0.2877542449151017,0.3402531949361013
0.7911641767164657,0.7744045119097618
0.4743705125897482,0.5153296934061319
0.18245635087298254,0.22275554488910224
0.3863722725545489,0.43205135897282054
0.4026119477610448,0.5673286534269315
0.508869822603548,0.3132737345253095
0.12903741925161497,0.22267554648907023
0.04527909441811164,0.0743385132297354
0.8928421431571368,0.884242315153697
0.8907021859562809,0.9350812983740325
0.8979420411591769,0.9451810963780725
0.8440431191376173,0.8447031059378812
0.8090438191236176,0.39755204895902085
0.750704985900282,0.7692246155076898
0.5659286814263715,0.5716685666286675
0.9338813223735526,0.9500609987800245
0.878642427151457,0.9008219835603288
0.24983500329993402,0.17295654086918263
0.12089758204835904,0.23115537689246216
0.9102217955640888,0.9076818463630728
0.04857902841943161,0.04825903481930362
0.6861062778744426,0.6828663426731466
0.22037559248815025,0.40745185096298075
0.8973820523589529,0.8856022879542409
0.6631867362652747,0.7745445091098179
0.5263894722105558,0.6088078238435232
0.6431071378572428,0.6627267454650907
0.5942281154376913,0.6150276994460111
0.5171896562068758,0.6485670286594268
0.2021159576808464,0.19567608647827045
0.03413931721365573,0.038439231215375694
0.6483270334593308,0.6933061338773224
0.7973040539189217,0.8446631067378653
0.2017759644807104,0.15385692286154276
0.4263714725705486,0.6685266294674107
0.5717685646287074,0.620207595848083
0.20433591328173437,0.1645167096658067
0.3141537169256615,0.4908301833963321
0.8452830943381132,0.7450050998980021
0.1132577348453031,0.12055758884822304
0.10349793004139918,0.501709965800684
0.6036679266414672,0.6102277954440911
0.869502609947801,0.6939861202775944
0.6205275894482111,0.5722485550288995
0.43563128737425255,0.126297474050519
0.7690446191076179,0.7784244315113698
0.9585008299834004,0.9727405451890963
0.1888562228755425,0.253554928901422
0.8530229395412092,0.9324613507729845
0.34695306093878125,0.3495130097398052
0.45749085018299634,0.4755704885902282
0.21703565928681426,0.19713605727885444
0.21707565848683028,0.2399952000959981
0.7727045459090819,0.7197656046879063
0.753644927101458,0.624767504649907
0.876522469550609,0.871562568748625
0.2375952480950381,0.1911361772764545
0.10473790524189516,0.05801883962320754
0.6930861382772345,0.8178436431271375
0.08333833323333534,0.09935801283974321
0.12187756244875103,0.20877582448351034
0.5945481090378193,0.23519529609407813
0.24837503249935003,0.3507329853402932
0.30869382612347757,0.20659586808263836
0.5624087518249635,0.5463490730185396
0.3523729525409492,0.8175436491270175
0.5344293114137717,0.47109057818843625
0.34375312493750126,0.3626527469450611
0.12315753684926302,0.11599768004639907
0.7288654226915462,0.7772244555108898
0.39283214335713285,0.628327433451331
0.45959080818383635,0.5132697346053079
0.013619727605447891,0.015419691606167877
0.21627567448651028,0.18159636807263854
0.33427331453370934,0.5229695406091879
0.6047879042419152,0.6900261994760105
0.04037919241615168,0.041079178416431675
0.9961800763984721,0.994380112397752
0.4097718045639087,0.3448731025379492
0.22625547489050218,0.4091918161636767
0.8994020119597609,0.9191016179676407
0.7915641687166257,0.8006839863202736
0.9344813103737926,0.9597608047839044
0.41003179936401274,0.4358312833743325
0.18629627407451851,0.1996160076798464
0.6095278094438111,0.50244995100098
0.8151236975260495,0.8369232615347694
0.2245555088898222,0.2721545569088618
0.7114657706845864,0.761364772704546
0.5828283434331314,0.5219695606087879
0.02271954560908782,0.019779604407911842
0.5983680326393472,0.5186696266074678
0.3479130417391652,0.4166316673666527
0.9607607847843044,0.9295414091718166
0.17055658886822264,0.2120957580848383
0.011759764804703907,0.022079558408831825
0.19883602327953442,0.29265414691706165
0.12127757444851103,0.08703825923481531
0.012259754804903902,0.011919761604767905
0.8143637127257455,0.8161836763264735
0.997240055198896,0.9970000599988
0.7253254934901302,0.622767544649107
0.20435591288174237,0.17725645487090258
0.7450050998980021,0.7671246575068499
0.758344833103338,0.6903061938761225
0.047219055618887625,0.18363632727345452
0.48265034699306014,0.35515289694206115
0.7958840823183536,0.8065638687226255
0.5432291354172917,0.6456270874582508
0.9060418791624167,0.9384812303753925
0.0879182416351673,0.12355752884942302
0.1008179836403272,0.2996940061198776
0.8339233215335694,0.6346073078538429
0.05659886802263955,0.07007859842803144
0.7659646807063859,0.8338833223335533
0.6541269174616507,0.6468270634587309
0.27457450850982984,0.28251434971300576
0.24531509369812604,0.24427511449771006
0.5914081718365632,0.640707185856283
0.8309033819323614,0.8014639707205856
0.22887542249155018,0.13467730645387094
0.014859702805943882,0.013359732805343893
0.02901941961160777,0.02895942081158377
0.8327833443331134,0.9440411191776165
0.7359852802943941,0.5966280674386513
0.7590048199036019,0.7710445791084178
0.1498770024599508,0.21757564848703026
0.251534969300614,0.29087418251634967
0.8454030919381612,0.6963460730785385
0.41311173776524474,0.3426931461370773
0.6728665426691467,0.6816063678726426
0.2246955060898782,0.2926141477170457
0.9244215115697686,0.9527809443811124
0.3964520709585808,0.4106717865642687
0.5418491630167397,0.5360092798144037
0.8076438471230576,0.8233435331293374
0.08307833843323134,0.06837863242735145
0.7193256134877303,0.7873242535149297
0.8212035759284815,0.8308033839323213
0.5294294114117718,0.3085738285234295
0.07403851922961541,0.09483810323793525
0.8230435391292175,0.7235655286894263
0.4756704865902682,0.5676886462270755
0.7378652426951461,0.7064058718825623
0.10997780044399112,0.12365752684946302
0.39631207375852484,0.27709445811083777
0.7599048019039619,0.8109837803243936
0.9388612227755445,0.9376812463750726
0.7724645507089859,0.45119097618047643
0.9795604087918242,0.9775404491910162
0.6653066938661227,0.6752064958700826
0.4295714085718286,0.6327673446531069
0.4002319953600928,0.5246295074098518
0.6854662906741865,0.5959480810383793
0.3870522589548209,0.5300293994120118
0.9163016739665207,0.8989220215595688
0.40391192176156476,0.3914921701565969
0.41959160816783664,0.4415511689766205
0.38109237815243696,0.4299114017719646
0.8407031859362813,0.8396032079358413
0.997260054798904,0.99610007799844
0.8322633547329054,0.6174076518469631
0.6866262674746505,0.6633867322653547
0.9155816883662327,0.9387012259754806
0.7651646967060659,0.8107037859242815
0.2895142097158057,0.43197136057278857
0.7342053158936821,0.7428451430971381
0.6486270274594509,0.6622667546649067
0.17731645367092658,0.2000759984800304
0.6199676006479871,0.6437871242575148
0.6888462230755386,0.634067318653627
0.5170696586068279,0.40631187376252476
0.17051658966820665,0.1639167216655667
0.06799864002719946,0.039859202815943684
0.9273214535709287,0.8896622067558649
0.9284414311713766,0.9211415771684567
0.6599468010639787,0.3884922301553969
0.6824263514729706,0.74852502949941
0.5216295674086519,0.5230495390092198
0.8633027339453211,0.8293234135317294
0.39361212775744486,0.3287734245315094
0.02731945361092778,0.03019939601207976
0.6053878922421552,0.49207015859682807
0.9111417771644568,0.9228615427691447
0.375912481750365,0.38125237495250097
0.5228295434091318,0.878162436751265
0.9144217115657687,0.9076418471630567
0.6995260094798105,0.5836283274334514
0.022979540409191816,0.014159716805663887
0.16595668086638268,0.23015539689206216
0.33197336053278936,0.40755184896302077
0.633367332653347,0.5111097778044439
0.6702065958680826,0.5715085698286034
0.9559208815823684,0.9552408951820964
0.7072058558828823,0.5554088918221636
0.8343833123337534,0.75632487350253
0.23095538089238216,0.1396772064558709
0.3540729185416292,0.3634127317453651
0.31043379132417354,0.40225195496090077
0.01397972040559189,0.011119777604447911
0.5699286014279714,0.6826663466730666
0.9525409491810164,0.9520409591808164
0.028279434411311775,0.04739905201895962
0.7623047539049219,0.7916441671166577
0.4620707585848283,0.25087498250035
0.43455130897382055,0.4848903021939561
0.14643707125857483,0.37367252654946903
0.17313653726925463,0.18525629487410253
0.9534809303813924,0.9450610987780245
0.7891242175156498,0.40459190816183677
0.9243615127697447,0.9033219335613288
0.17063658726825465,0.4928901421971561
0.14207715845683086,0.125597488050239
0.2402151956960861,0.14747705045899082
0.5589088218235635,0.5468290634187316
0.8385032299354013,0.8153036939261215
0.0006799864002719946,0.000499990000199996
0.9278814423711526,0.9321413571728566
0.08977820443591128,0.14461710765784686
0.9778004439911202,0.9870602587948242
0.7847643047139058,0.8366832663346734
0.5763084738305234,0.5276494470110598
0.4007919841603168,0.45085098298034043
0.9167616647667047,0.9270614587708246
0.5250694986100278,0.6437071258574829
0.8261234775304495,0.8189436211275775
0.06715865682686346,0.06517869642607148
0.7778044439111218,0.8076838463230736
0.6050878982420351,0.38533229335413294
0.5765084698306034,0.5928081438371233
0.9091218175636487,0.6560668786624267
0.7028659426811464,0.43465130697386056
0.8192436151276975,0.6412071758564829
0.6412471750564989,0.6189076218475631
0.6581868362632748,0.7199256014879702
0.22933541329173418,0.20437591248175038
0.5531889362212756,0.5640487190256195
0.6818063638727225,0.6372272554548909
0.5314693706125878,0.40413191736165277
0.5741685166296674,0.6557268854622907
0.15565688686226276,0.17151656966860662
0.505729885402292,0.9558808823823524
0.22335553288934223,0.17453650926981462
0.1992560148797024,0.22243555128897421
0.7291254174916502,0.7840443191136177
0.06747865042699146,0.05935881282374353
0.050938981220375594,0.045699086018279635
0.004159916801663967,0.010839783204335913
0.7689646207075859,0.8205235895282095
0.3383332333353333,0.39299214015719686
0.5673286534269315,0.75542489150217
0.31931361372772543,0.44383112337753244
0.18215635687286255,0.1629167416651667
0.75372492550149,0.8058038839223216
0.029299414011719767,0.034839303213935725
0.5901481970360593,0.5295694086118278
0.11065778684426311,0.16215675686486272
0.27761444771104576,0.8114637707245855
0.9520609587808244,0.9402211955760885
0.5879082418351633,0.6416071678566428
0.31699366012679747,0.6375672486550269
0.3132737345253095,0.7411251774964501
0.5497490050198997,0.5540289194216116
0.49915001699966005,0.5182496350072999
0.3148737025259495,0.5568888622227556
0.24253514929701406,0.29429411411771766
0.2888742225155497,0.22645547089058218
0.7412851742965141,0.5416491670166597
0.6097278054438912,0.5155296894062119
0.14259714805703885,0.13369732605347895
0.878102437951241,0.8999220015599688
0.9106017879642407,0.8770024599508011
0.757184856302874,0.4367112657746845
0.18135637287254255,0.7722045559088818
0.9392412151756965,0.9306013879722406
0.10779784404311914,0.13553728925421493
0.8068838623227536,0.6462470750584989
0.04141917161656767,0.04193916121677566
0.8434231315373693,0.8351032979340414
0.128417431651367,0.250834983300334
0.1118777624447511,0.6777664446711066
0.8622227555448891,0.8329033419331614
0.9561808763824724,0.8169636607267855
0.13585728285434293,0.1372572548549029
0.744165116697666,0.748665026699466
0.17887642247155058,0.13477730445391092
0.6749865002699946,0.5807283854322913
0.8985020299594009,0.9072218555628888
0.07867842643147137,0.0882582348353033
0.9980000399992001,0.998480030399392
0.1535169296614068,0.1744965100697986
0.6446671066578669,0.5995480090398192
0.9313613727725446,0.8982420351592968
0.9582008359832803,0.9616807663846724
0.39515209695806086,0.3633927321453571
0.34621307573848525,0.34245315093698125
0.751604967900642,0.7932441351172976
0.8107437851242976,0.7289254214915702
0.5514889702205956,0.5560888782224356
0.4149717005659887,0.5668886622267555
0.627307453850923,0.5269494610107798
0.17143657126857464,0.10921781564368713
0.22791544169116618,0.23147537049259015
0.45469090618187635,0.5355492890142197
0.7324653506929861,0.7853442931141378
0.8557628847423052,0.8653026939461211
0.8693026139477211,0.8162636747265055
0.2382752344953101,0.2382952340953181
0.14029719405611887,0.16791664166716666
0.10241795164096719,0.5578288434231315
0.6757064858702826,0.6010679786404272
0.48361032779344415,0.4740305193896122
0.08137837243255135,0.0637187256254875
0.4123317533649327,0.248335033299334
0.9428611427771445,0.9443011139777204
0.1384572308553829,0.20275594488110238
0.0038599228015439692,0.010239795204095918
0.19273614527709446,0.2633547329053419
0.5806483870322594,0.7415251694966101
0.5753684926301474,0.24765504689906204
0.9375412491750166,0.9260014799704006
0.7789444211115778,0.6043079138417232
0.7665446691066179,0.8205635887282254
0.6868062638747225,0.6861462770744585
0.6675266494670107,0.75592488150237
0.17223655526889461,0.14117717645647088
0.49567008659826806,0.40619187616247676
0.09425811483770324,0.06751864962700746
0.9169416611667767,0.9148217035659287
0.9258814823703526,0.9259214815703686
0.43303133937321253,0.35679286414271716
0.44421111577768446,0.5436291274174516
0.3566528669426612,0.3399132017359653
0.5302093958120838,0.5638887222255555
0.4758504829903402,0.5117497650046999
0.40557188856222876,0.3575128497430052
0.9779804403911923,0.9727605447891042
0.9223815523689527,0.9299614007719846
0.8077038459230815,0.8512429751404972
0.3396532069358613,0.30773384532309356
0.4032119357612848,0.4232515349693006
0.008539829203415932,0.0037199256014879703
0.6397472050558989,0.628847423051539
0.7490450190996181,0.7935041299174017
0.9359212815743685,0.9117817643647127
0.19687606247875042,0.17077658446831065
0.3114137717245655,0.40495190096198075
0.6789664206715866,0.5696686066278674
0.7998040039199217,0.7057458850822984
0.5578288434231315,0.6060678786424272
0.8092038159236815,0.7331653366932661
0.18407631847363054,0.22067558648827024
0.24223515529689407,0.1863362732745345
0.6853062938741226,0.7216255674886503
0.13381732365352694,0.2591748165036699
0.15437691246175078,0.1895362092758145
0.25701485970280596,0.3992320153596928
0.4744905101897962,0.1473370532589348
0.35731285374292515,0.6664266714665706
0.8522829543409132,0.8570428591428172
0.14609707805843883,0.23153536929261415
0.14141717165656686,0.13385732285354293
0.7870842583148338,0.7605047899042019
0.9301813963720726,0.9339013219735606
0.11725765484690306,0.12791744165116697
0.502429951400972,0.4646907061858763
0.49161016779664407,0.5085898282034359
0.5704485910281795,0.5670286594268115
0.41529169416611666,0.4310513789724206
0.33329333413331735,0.3227935441291174
0.23609527809443812,0.20409591808163838
0.16839663206735866,0.26945461090778183
0.9448811023779524,0.9612407751844964
0.7927241455170897,0.8165636687266254
0.9142817143657127,0.9168816623667527
0.13185736285274294,0.07081858362832744
0.879142417151657,0.8644627107457851
0.9561608767824644,0.9467010659786804
0.04763904721905562,0.06965860682786344
0.4903301933961321,0.5207895842083159
0.18239635207295854,0.08233835323293534
0.07729845403091938,0.08303833923321534
0.3066338673226536,0.34159316813663726
0.9974200515989681,0.9976600467990641
0.07161856762864743,0.07037859242815143
0.5118497630047399,0.7725445491090178
0.7156056878862423,0.7438051238975221
0.34473310533789325,0.28973420531589367
0.08433831323373533,0.5402491950160997
0.28933421331573367,0.253154936901262
0.51194976100478,0.3984920301593968
0.8398632027359453,0.870302593948121
0.7966840663186736,0.7995440091198176
0.4859702805943881,0.4911701765964681
0.126557468850623,0.23649527009459811
0.9534009319813604,0.9591208175836483
0.3893722125557489,0.2648747025059499
0.04013919721605568,0.017199656006879862
0.3051338973220536,0.4386512269754605
0.09261814763704726,0.04861902761944761
0.370432591348173,0.32437351252974944
0.39437211255774884,0.42209155816883664
0.07765844683106338,0.13603727925441492
0.6343673126537469,0.751144977100458
0.21985560288794226,0.14777704445911083
0.3415531689366213,0.2995540089198216
0.42165156696866063,0.3000139997200056
0.9901601967960642,0.9906201875962481
0.6957860842783145,0.6899262014759705
0.5974280514389713,0.6892662146757065
0.3687726245475091,0.28013439731205375
0.39643207135857284,0.47097058058838825
0.9961400771984561,0.994160116797664
0.500309993800124,0.6577068458630828
0.3125737485250295,0.377772444551109
0.9673006539869203,0.9665606687866243
0.19929601407971842,0.12317753644927101
0.34591308173836527,0.3140937181256375
0.7136857262854743,0.7810843783124338
0.15343693126137478,0.2128957420851583
0.251394972100558,0.20463590728185438
0.5546689066218676,0.8130837383252335
0.6142677146457071,0.8680826383472331
0.9545409091818164,0.9369812603747926
0.5513289734205316,0.44457110857782844
0.4336113277734445,0.4226915461690766
0.5691886162276755,0.5441091178176437
0.09429811403771925,0.16609667806643869
0.26989460210795785,0.3065138697226056
0.18133637327253455,0.11719765604687907
0.5980880382392353,0.3066338673226536
0.5635487290254195,0.6263474730505391
0.2737345253094938,0.24229515409691807
0.3121537569248615,0.1781564368712626
0.5643887122257555,0.5543089138217235
0.6748465030699387,0.9432411351772965
0.4016319673606528,0.4206915861682767
0.8394632107357853,0.8019439611207776
0.5848283034339313,0.7338453230935381
0.9346213075738485,0.9486010279794405
0.07145857082858344,0.33073338533229335
0.1495370092598148,0.12051758964820704
0.2241755164896702,0.22817543649127017
0.9682606347873043,0.9637407251854964
0.22505549889002222,0.24517509649807004
0.8119237615247695,0.8204235915281695
0.6467470650586988,0.6780264394712106
0.7166656666866663,0.7206455870882582
0.15203695926081479,0.10929781404371913
0.9011619767604648,0.8653426931461371
0.3682726345473091,0.4490910181796364
0.4143517129657407,0.38343233135337296
0.4269714605707886,0.4274314513709726
0.27939441211175775,0.27263454730905384
0.7381052378952421,0.6527869442611148
0.878262434751305,0.7928241435171297
0.740405191896162,0.6364472710545789
0.7335853282934341,0.5848483030339393
0.878762424751505,0.9687606247875042
0.10483790324193516,0.07679846403071938
0.19983600327993442,0.16839663206735866
0.6870262594748106,0.49355012899742007
0.07577848443031139,0.09591808163836724
0.8709425811483771,0.48395032099358015
0.6912661746765065,0.47239055218895626
0.74532509349813,0.743485130297394
0.9005619887602249,0.9371412571748565
0.2756544869102618,0.23515529689406212
0.8618627627447452,0.761444771104578
0.13677726445471092,0.15671686566268675
0.22123557528849425,0.1883362332753345
0.6859262814743705,0.622867542649147
0.4518909621807564,0.4258714825703486
0.6660066798664027,0.495930081398372
0.3947921041579169,0.6681466370672586
0.5427691446171077,0.24469510609787806
0.6707865842683146,0.7616247675046499
0.7754444911101778,0.8469630607387852
0.5390692186156277,0.4041719165616688
0.15807683846323073,0.2112357752844943
0.08011839763204737,0.09441811163776725
0.24647507049859005,0.20485590288194236
0.08065838683226335,0.0874782504349913
0.8958420831583369,0.8843423131537369
0.02897942041159177,0.025679486410271797
0.10691786164276715,0.10677786444271115
0.12705745885082298,0.10513789724205516
0.6766864662706746,0.6354872902541949
0.618727625447491,0.5641687166256675
0.8113237735245296,0.9069818603627928
0.1002979940401192,0.11937761244775105
0.5530489390212195,0.5760684786304274
0.5396292074158517,0.31021379572408553
0.500769984600308,0.5325293494130118
0.14315713685726286,0.35497290054198916
0.9462010759784805,0.9643207135857284
0.5233295334093319,0.4566508669826604
0.5615287694246115,0.9585208295834083
0.20489590208195838,0.2782544349113018
0.8497830043399133,0.8581428371432571
0.8106037879242416,0.8001239975200496
0.8340033199336013,0.5804683906321874
0.5370492590148197,0.5223295534089318
0.0013599728005439893,0.10701785964280715
0.7373652526949461,0.5220695586088279
0.48075038499230016,0.5770884582308354
0.6056278874422512,0.633287334253315
0.760064798704026,0.7863042739145217
0.06339873202535949,0.16667666646667068
0.5274094518109638,0.6548469030619388
0.6645267094658107,0.7778844423111538
0.20407591848163037,0.1884962300753985
0.7958240835183297,0.7673846523069539
0.21745565088698227,0.10961780764384713
0.6453470930581389,0.5569288614227715
0.013599728005439892,0.0125597488050239
0.2726145477090458,0.4862702745945081
0.05153896922061559,0.4606507869842603
0.07213855722885543,0.06805863882722346
0.03347933041339173,0.05121897562048759
0.09523809523809525,0.34427311453770926
0.7155456890862183,0.6428271434571309
0.7090258194836103,0.7174456510869783
0.8045839083218336,0.8173836523269535
0.7072858542829144,0.43269134617307653
0.6198476030479391,0.5564688706225875
0.42283154336913265,0.11901761964760706
0.2777344453110938,0.3125337493250135
0.02133957320853583,0.10981780364392713
0.6488270234595308,0.6371072578548429
0.29363412731745364,0.33203335933281336
0.48795024099518014,0.4423511529769405
0.33735325293494134,0.2877142457150857
0.09967800643987121,0.13129737405251896
0.8307233855322894,0.8284234315313694
0.8691426171476571,0.8999420011599768
0.4192116157676847,0.4028319433611328
0.4224715505689886,0.7343253134937302
0.19995600087998242,0.39791204175916484
0.9882602347953041,0.9773604527909442
0.049939001219975604,0.38189236215275696
0.6626867462650747,0.7015659686806264
0.9851002979940402,0.9700405991880163
0.04639907201855963,0.04771904561908762
0.12107757844843103,0.09315813683726326
0.2025159496810064,0.1610567788644227
0.4294514109717806,0.4505509889802204
0.22645547089058218,0.2622547549049019
0.9110617787644247,0.6295474090518189
0.05319893602127958,0.0499990000199996
0.4357712845743085,0.3847323053538929
0.5526889462210756,0.5781284374312514
0.8692426151476971,0.8569828603427931
0.8653826923461531,0.8570028599428011
0.13047739045219095,0.04867902641947161
0.34999300013999723,0.36999260014799706
0.6399672006559869,0.5459890802183957
0.31231375372492554,0.3118137637247255
0.29115417691646167,0.35853282934341313
0.2009759804803904,0.2743945121097578
0.2765544689106218,0.48571028579428416
0.3139337213255735,0.08457830843383132
0.7353852922941542,0.7981840363192736
0.9804203915921682,0.9829803403931922
0.7666246675066499,0.47069058618827625
0.20955580888382233,0.23683526329473412
0.25755484890302194,0.2600947981040379
0.4695706085878283,0.25437491250175
0.7159456810863783,0.7361252774944501
0.09797804043919121,0.126557468850623
0.1520769584608308,0.1630567388652227
0.44429111417771644,0.4358512829743405
0.07395852082958342,0.07131857362852743
0.6995060098798024,0.7005459890802184
0.994960100797984,0.9922201555968881
0.12731745365092698,0.12783744325113497
0.5690686186276275,0.2244155116897662
0.47025059498810023,0.5345693086138278
0.38663226735465295,0.3540929181416372
0.7366052678946421,0.632947341053179
0.4503509929801404,0.4895902081958361
0.3136337273254535,0.3551728965420692
0.6188876222475551,0.6567468650626987
0.16063678726425473,0.126177476450471
0.8262234755304895,0.6137677246455071
0.05297894042119158,0.07163856722865543
0.8335033299334014,0.8319433611327773
0.7785244295114098,0.7284254314913702
0.8587028259434811,0.8513229735405292
0.07327853442931141,0.057398852022959544
0.08175836483270335,0.07765844683106338
0.6165076698466031,0.6536669266614668
0.7714445711085779,0.7221055578888422
0.28247435051298975,0.44667106657866845
0.31729365412691746,0.30299394012119757
0.34479310413791725,0.3269934601307974
0.29835403291934165,0.39065218695626086
0.8147437051258976,0.757544849103018
0.45661086778264437,0.8941421171576569
0.12195756084878302,0.07001859962800744
0.1991360172796544,0.3471130577388452
0.6391872162556749,0.2385752284954301
0.496790064198716,0.42489150216995664
0.6700465990680187,0.5938881222375553
0.1741565168696626,0.1523769524609508
0.6569068618627628,0.5652686946261075
0.6722265554688907,0.4796904061918762
0.4515709685806284,0.48289034219315613
0.7070258594828104,0.751804963900722
0.9020819583608328,0.9221815563688727
0.6563468730625388,0.6418871622567549
0.5149497010059799,0.44591108177836447
0.5726085478290435,0.2901541969160617
0.3021339573208536,0.2745945081098378
0.0879582408351833,0.3866722665546689
0.6762064758704827,0.6684266314673707
0.5452690946181077,0.4892902141957161
0.7137657246855064,0.7670246595068099
0.28567428651426974,0.32313353732925343
0.03003939921201576,0.029239415211695766
0.8598828023439532,0.878542429151417
0.6122477550448991,0.632047359052819
0.2658146837063259,0.41729165416691666
0.8126837463250736,0.8274434511309774
0.42873142537149256,0.44527109457810843
0.50304993900122,0.31997360052798945
0.4038119237615248,0.3959920801583968
0.871242575148497,0.882702345953081
0.2396552068958621,0.23345533089338213
0.503969920601588,0.618527629447411
0.3396932061358773,0.29053418931621366
0.4000519989600208,0.4343513129737405
0.35251294974100517,0.27481450370992583
0.3911121777564449,0.46813063738725225
0.9647007059858803,0.9595408091838163
0.500389992200156,0.26491470170596587
0.21327573448531031,0.36755264894702105
0.046799064018719624,0.04333913321733565
0.4140317193656127,0.4253714925701486
0.07173856522869543,0.07035859282814344
0.011079778404431912,0.03455930881382373
0.34697306053878924,0.375872482550349
0.18043639127217456,0.1119177616447671
0.3515729685406292,0.50054998900022
0.7500849983000341,0.7066658666826664
0.8966620667586649,0.9167016659666807
0.378172436551269,0.4584308313833724
0.27549449011019783,0.2927341453170937
0.7924041519169617,0.8319833603327934
0.6110277794444111,0.9099018019639608
0.7987040259194816,0.7346853062938742
0.8012039759204816,0.875902481950361
0.2615747685046299,0.30333393332133357
0.5642487150256995,0.4738105237895242
0.35845283094338115,0.634627307453851
0.38491230175396496,0.4530509389812204
0.5111097778044439,0.5328093438131237
0.42329153416931664,0.372032559348813
0.7385452290954181,0.6773064538709226
0.9237815243695127,0.9631607367852644
0.06805863882722346,0.07391852162956741
0.10291794164116717,0.046119077618447635
0.2001359972800544,0.18537629247415052
0.1354172916541669,0.38309233815323696
0.5177896442071159,0.38319233615327697
0.5823083538329233,0.9189616207675847
0.6555068898622027,0.5840083198336034
0.21015579688406233,0.17269654606907864
0.996660066798664,0.99710005799884
0.18731625367492652,0.23251534969300613
0.23631527369452612,0.14809703805923882
0.24375512489750206,0.499830003399932
0.7606247875042499,0.7483650326993461
0.47119057618847626,0.39683206335873283
0.15769684606307874,0.7757444851102978
0.1609767804643907,0.11489770204595909
0.3144737105257895,0.2371352572948541
0.1619967600647987,0.15499690006199876
0.15427691446171077,0.13415731685366294
0.7192256154876903,0.7292254154916902
0.7578448431031379,0.7782244355112898
0.7648647027059459,0.7622047559048819
0.47847043059138816,0.4826703465930682
0.7839443211135777,0.7667646647067059
0.05399892002159957,0.06907861842763145
0.14675706485870282,0.21769564608707825
0.16787664246715067,0.10319793604127918
0.884402311953761,0.8490030199396013
0.4122317553648927,0.48345033099338014
0.7095058098838023,0.9217615647687046
0.5239295214095718,0.4637907241855163
0.13995720085598287,0.16173676526469472
0.9605007899842003,0.9555408891822164
0.03971920561588768,0.03911921761564769
0.6715465690686186,0.6795464090718186
0.9579408411831764,0.9688606227875443
0.8898422031559369,0.9028419431611369
0.74522509549809,0.7295854082918342
0.6999260014799704,0.7199856002879943
0.6572868542629148,0.5421891562168757
0.5780284394312114,0.5532089358212836
0.020779584408311836,0.025739485210295794
0.7083258334833303,0.4766104677906442
0.17109657806843864,0.12367752644947101
0.14429711405771886,0.10987780244395112
0.7337053258934821,0.6685666286674267
0.40909181816363677,0.37183256334873305
0.5534889302213956,0.6042079158416832
0.3251134977300454,0.5935281294374113
0.05761884762304754,0.03655926881462371
0.03511929761404772,0.027839443211135777
0.48451030979380416,0.43569128617427655
0.6739865202695946,0.7993240135197296
0.21573568528629428,0.12279754404911902
0.3169336613267735,0.30579388412231756
0.07067858642827143,0.06891862162756746
0.5547689046219075,0.6462070758584828
0.33333333333333337,0.32827343453130936
0.8850022999540009,0.8875422491550169
0.12209755804883902,0.1768364632707346
0.4050318993620128,0.3545929081418372
0.057598848023039544,0.05717885642287154
0.5276294474110518,0.3403131937361253
0.5893082138357233,0.6228075438491231
0.7204255914881703,0.7372052558948822
0.20513589728205436,0.20507589848203037
0.43051138977220454,0.3394132117357653
0.502769944601108,0.501769964600708
0.6108477830443392,0.6028279434411312
0.8602027959440811,0.8614627707445851
0.8179236415271695,0.6841463170736586
0.5570088598228036,0.6143677126457471
0.41871162576748466,0.5288294234115318
0.5486090278194437,0.5974280514389713
0.632807343853123,0.44479110417791645
0.25919481610367795,0.34263314733705325
0.996680066398672,0.9967000659986801
0.37343253134937304,0.7892842143157137
0.7022659546809064,0.6642467150656987
0.8274834503309935,0.8375232495350093
0.24621507569848605,0.3029539409211816
0.41763164736705266,0.3007539849203016
0.5068498630027399,0.4806103877922442
0.4627907441851163,0.5164296714065719
0.9000419991600168,0.8435231295374093
0.751864962700746,0.7630847383052339
0.8011439771204576,0.873602527949441
0.9904801903961921,0.9912001759964801
0.9271814563708726,0.9221615567688647
0.4279314413711726,0.627587448251035
0.20611587768244635,0.2143557128857423
0.1489970200595988,0.0759984800303994
0.4811903761924762,0.6578868422631547
0.011039779204415913,0.03253934921301574
0.46001079978400433,0.3242335153296934
0.4139317213655727,0.7067058658826824
0.9861202775944481,0.9869202615947681
0.22115557688846224,0.45933081338373233
0.5965680686386272,0.5462090758184837
0.6118677626447472,0.6835463290734185
0.3012939741205176,0.4491110177796444
0.3056538869222616,0.3379132417351653
0.8283034339313214,0.7693246135077298
0.09719805603887922,0.21659566808663827
0.6549669006619868,0.6777464450710986
0.7743445131097378,0.750684986300274
0.30941381172376553,0.3119537609247815
0.050038999220015604,0.06615867682646347
0.22167556648867023,0.511369772604548
0.7311653766924662,0.7312853742925142
0.1627367452650947,0.1907361852762945
0.8636227275454491,0.7091258174836503
0.4177116457670847,0.5389092218155637
0.07819843603127938,0.08829823403531929
0.09881802363952721,0.2140957180856383
0.3147337053258935,0.26635467290654186
0.7716245675086498,0.7080458390832184
0.09457810843783125,0.04819903601927961
0.10529789404211916,0.15931681366372674
0.499010019799604,0.47031059378812423
0.10521789564208717,0.021899562008759827
0.27321453570928583,0.18491630167396653
0.640707185856283,0.6676066478670427
0.9331213375732486,0.7171656566868663
0.4860902781944361,0.40895182096358074
0.9753804923901522,0.9728205435891283
0.9609007819843604,0.9696406071878563
0.74612507749845,0.75232495350093
0.9665406691866163,0.9670006599868003
0.2131957360852783,0.1513769724605508
0.9826803463930722,0.9171416571668567
0.7071858562828743,0.6763664726705466
0.6085678286434272,0.5884482310353794
0.7768444631107378,0.41779164416711667
0.42467150656986863,0.3645127097458051
0.07151856962860743,0.2009359812803744
0.4803903921921562,0.32345353092938145
0.04663906721865563,0.16479670406591868
0.6949661006779865,0.5708285834283314
0.3646127077458451,0.378252434951301
0.8447631047379053,0.9371812563748725
0.6018279634407312,0.5605687886242275
0.8651626967460652,0.883082338353233
0.6384472310553789,0.74872502549949
0.49583008339833207,0.3314933701325974
0.9596808063838723,0.9596208075838484
0.3423131537369253,0.379412411751765
0.5545889082218356,0.5191296174076518
0.9951400971980561,0.9957200855982881
0.4412311753764925,0.5211495770084599
0.6452470950580989,0.8887822243555129
0.44297114057718845,0.3123537529249415
0.9987800243995121,0.999380012399752
0.5215695686086278,0.4899902001959961
0.1909961800763985,0.4643107137857243
0.8282034359312814,0.8890422191556169
0.6833863322733545,0.750264994700106
0.883222335553289,0.8997620047599049
0.43425131497370056,0.5815483690326194
0.5922881542369153,0.376272474550509
0.3863322733545329,0.19159616807663848
0.759144817103658,0.8548829023419532
0.7275254494910102,0.6262274754504911
0.8994420111597768,0.9328413431731366
0.017999640007199856,0.017859642807143857
0.4882102357952841,0.3518129637407252
0.14777704445911083,0.3274534509309814
0.21899562008759826,0.34469310613787724
0.761344773104538,0.7013059738805224
0.8422431551368973,0.8085638287234256
0.9325413491730166,0.9250414991700167
0.4139517209655807,0.6012679746405072
0.9754004919901602,0.9298014039719206
0.7036859262814744,0.7756844863102739
0.35439291214175717,0.32213355732885346
0.8007839843203136,0.4386312273754525
0.11975760484790304,0.19143617127657447
0.44891102177956443,0.508489830203396
0.7492850142997141,0.2402751944961101
0.06637867242655147,0.08497830043399132
0.3301333973320534,0.28109437811243776
0.1010979780404392,0.127077458450831
0.5976880462390752,0.4502309953800924
0.4266914661706766,0.4540909181816364
0.9383212335753285,0.880222395552089
0.9603007939841204,0.9629407411851764
0.003139937201255975,0.0027999440011199778
0.3552928941421172,0.4134517309653807
0.14343713125737487,0.2730545389092218
0.03525929481410372,0.22451550968980621
0.8220035599288015,0.8138037239255215
0.33031339373212537,0.5943281134377313
0.9418411631767365,0.8822623547529049
0.4319513609727806,0.5355292894142117
0.8254434911301775,0.7594648107037859
0.9581608367832644,0.9543009139817203
0.34441311173776523,0.4759304813903722
0.6156676866462671,0.5401291974160517
0.6920661586768265,0.7001459970800584
0.39247215055698886,0.1776764464710706
0.6145277094458111,0.6438071238575229
0.5896282074358513,0.5689086218275635
0.6364072718545629,0.6328473430531389
0.7899642007159857,0.7449051018979621
0.45537089258214836,0.7367052658946821
0.4149317013659727,0.34993300133997324
0.06813863722725545,0.13381732365352694
0.9822203555928882,0.3150936981260375
0.5491890162196756,0.628067438651227
0.6715865682686346,0.7120057598848023
0.751344973100538,0.7272054558908823
0.4523109537809244,0.7591048179036419
0.3500129997400052,0.3298934021319574
0.6083678326433472,0.5106497870042599
0.9905401891962161,0.9845003099938001
0.7716845663086739,0.740745185096298
0.9161216775664487,0.9176416471670567
0.3272734545309094,0.4038319233615328
0.7670646587068259,0.6319473610527789
0.8298834023319533,0.8156036879262415
0.8735625287494251,0.8248235035299294
0.10719785604287915,0.09819803603927922
0.5816883662326754,0.5390492190156198
0.2634747305053899,0.4804303913921722
0.5041099178016439,0.6445871082578348
0.6496470070598588,0.6180276394472111
0.2775944481110378,0.29481410371792566
0.5303493930121398,0.6151076978460431
0.39589208215835686,0.41775164496710065
0.32117357652846945,0.6541669166616668
0.09269814603707927,0.08759824803503931
0.9273414531709366,0.9322013559728806
0.22851542969140617,0.19849603007939842
0.4878102437951241,0.5554888902221956
0.34165316693666126,0.382212355752885
0.9438611227775445,0.9222415551688966
0.35417291654166916,0.509209815803684
0.1514369712605748,0.6503269934601308
0.4193716125677487,0.45011099778004443
0.380092398152037,0.32231355372892545
0.09109817803643927,0.1871362572748545
0.742005159896802,0.757344853102938
0.9738805223895523,0.9697406051878963
0.19175616487670247,0.22317553648927022
0.9294014119717606,0.9339413211735765
0.14529709405811883,0.49749005019899606
0.6801463970720586,0.7134657306853863
0.45943081138377234,0.4108517829643407
0.510789784204316,0.46903061938761226
0.41825163496730067,0.7366852662946741
0.378212435751285,0.30929381412371754
0.47145057098858023,0.375392492150157
0.19757604847903043,0.22321553568928623
0.3834723305533889,0.3891722165556689
0.4512709745805084,0.4610107797844043
0.33661326773464534,0.42317153656926865
0.9874802503949921,0.9869002619947601
0.6068278634427312,0.5779084418311634
0.6676666466670667,0.5467890642187156
0.10975780484390313,0.13951720965580688
0.35399292014159717,0.3280134397312054
0.870402591948161,0.7855042899142017
0.012279754404911903,0.017319653606927863
0.6822463550728985,0.5987280254394912
0.13343733125337492,0.11697766044679107
0.8665426691466172,0.9006219875602488
0.7305453890922182,0.6081278374432512
0.04803903921921562,0.045819083618327636
0.876962460750785,0.876002479950401
0.07141857162856743,0.08123837523249536
0.23079538409231817,0.21169576608467833
0.6224475510489791,0.6866262674746505
0.4764304713905722,0.3266334673306534
0.5966880662386752,0.47761044779104417
0.25925481490370195,0.5461490770184596
0.6482470350592988,0.5411491770164597
0.05501889962200756,0.14875702485950282
0.7426451470970581,0.6708865822683546
0.17069658606827864,0.11775764484710306
0.44823103537929243,0.4029119417611648
0.21089578208435833,0.21897562048759026
0.9700405991880163,0.9739005219895602
0.884282314353713,0.9310613787724246
0.38401231975360495,0.3653126937461251
0.5617287654246915,0.5109897802043959
0.10429791404171918,0.08569828603427931
0.2257954840903182,0.19435611287774246
0.5084698306033879,0.636687266254675
0.18179636407271854,0.20771584568308635
0.630947381052379,0.5765484690306194
0.23309533809323815,0.21575568488630228
0.8599828003439931,0.9353412931741365
0.618507629847403,0.5677086458270835
0.3891122177556449,0.41311173776524474
0.6037879242415152,0.21427571448571028
0.4157716845663087,0.3517929641407172
0.7838243235135297,0.6550268994620108
0.7407651846963061,0.6537469250614988
0.5979280414391712,0.49933001339973204
0.14481710365792685,0.125397492050159
0.011719765604687907,0.013479730405391892
0.0375592488150237,0.019479610407791843
0.45549089018219635,0.8137037259254816
0.09869802603947922,0.07407851842963141
0.30723385532289355,0.4150916981660367
0.6468670626587468,0.47107057858842827
0.025219495610087798,0.030619387612247757
0.7856042879142418,0.5247695046099078
0.08557828843423132,0.09507809843803124
0.9496010079798405,0.8877422451550969
0.6718265634687306,0.5873282534349313
0.08159836803263935,0.061718765624687505
0.25445491090178196,0.30481390372192557
0.23235535289294215,0.2848343033139337
0.47131057378852426,0.378032439351213
0.5790084198316033,0.5514089718205636
0.7952040959180817,0.7692646147077059
0.7947841043179137,0.7933441331173376
0.7106857862842744,0.6092478150436992
0.6221075578488431,0.5698686026279475
0.45867082658346836,0.4603707925841483
0.1521369572608548,0.2256154876902462
0.2601547969040619,0.30749385012299757
0.2031959360812784,0.21055578888422233
0.3575128497430052,0.2883942321153577
0.28359432811343777,0.29361412771744566
0.15421691566168677,0.1752164956700866
0.8724225515489691,0.8636427271454571
0.8391232175356493,0.8122437551248975
0.3554528909421812,0.3297934041319174
0.3882922341553169,0.3507129857402852
0.9724005519889602,0.881662366752665
0.3962720745585088,0.3494330113397732
0.44387112257754846,0.47251054978900425
0.7994240115197696,0.8329433411331774
0.3483130337393252,0.43375132497350055
0.6903661926761465,0.5889882202355953
0.7427851442971141,0.753804923901522
0.9521209575808485,0.9562608747825044
0.19035619287614247,0.1884562308753825
0.9716605667886643,0.7343453130937382
0.7121457570848583,0.631707365852683
0.621487570248595,0.5898682026359473
0.39911201775964483,0.37229255414891704
0.7917441651166977,0.6864062718745625
0.20625587488250235,0.22379552408951822
0.7829643407131858,0.9124817503649927
0.9034019319613608,0.8248035039299214
0.24471510569788604,0.46137077258454834
0.1889562208755825,0.15663686726265474
0.6906861862762745,0.44067118657626847
0.23663526729465412,0.05273894522109558
0.9943001139977201,0.9935201295974081
0.4210315793684126,0.37099258014839703
0.12151756964860704,0.07657846843063139
0.8491030179396413,0.882742345153097
0.756784864302714,0.8863622727545449
0.40903181936361277,0.5925881482370353
0.5886482270354593,0.5797884042319154
0.6149477010459791,0.4488710225795484
0.25463490730185395,0.2792344153116938
0.7425051498970021,0.7170856582868342
0.025479490410191798,0.021439571208575828
0.5375692486150278,0.6055278894422111
0.8649227015459691,0.761684766304674
0.1376372472550549,0.511009779804404
0.9167016659666807,0.9159816803663927
0.6178876422471551,0.17771644567108658
0.23085538289234217,0.29483410331793364
0.3523129537409252,0.4083918321633567
0.2941141177176457,0.06829863402731945
0.3136537269254615,0.2856542869142617
0.5319693606127878,0.43557128857422855
0.9766604667906642,0.9786004279914402
0.012099758004839903,0.03203935921281575
0.8474230515389692,0.8401231975360494
0.8018239635207296,0.8676226475470491
0.8688626227475451,0.8957420851582969
0.20795584088318234,0.14185716285674288
0.7124857502849943,0.6612867742645148
0.18089638207235856,0.19755604887902242
0.8028639427211456,0.8314833703325933
0.5936481270374593,0.7513249735005301
0.7398452030959382,0.7617647647047059
0.37325253494930105,0.35913281734365315
0.512069758604828,0.626967460650787
0.6444271114577709,0.6978060438791225
0.4544709105817884,0.4394712105757885
0.46949061018779625,0.503629927401452
0.13033739325213498,0.14475710485790286
0.18359632807343854,0.24623507529849403
0.013339733205335894,0.00875982480350393
0.04779904401911962,0.0501589968200636
0.32081358372832547,0.24947501049979
0.9024819503609928,0.9257414851702966
0.4614507709845803,0.20493590128197436
0.06723865522689547,0.08489830203395933
0.34135317293654127,0.4744305113897722
0.2870342593148137,0.17499650006999862
0.045799084018319634,0.04583908321833564
0.8310233795324093,0.8370632587348253
0.0059198816023679525,0.0072198556028879425
0.06455870882582349,0.05535889282214356
0.7322653546929062,0.7455050898982021
0.061338773224535514,0.060738785224295516
0.5133897322053559,0.5604887902241955
0.13085738285234297,0.31861362772744545
0.630047399052019,0.632567348653027
0.8003039939201216,0.6930261394772105
0.9510409791804164,0.9600207995840083
0.886442271154577,0.8924221515569689
0.42077158456830865,0.5234895302093958
0.46309073818523633,0.22333553328933423
0.7128657426851464,0.7376652466950662
0.36589268214635706,0.3692926141477171
0.2751344973100538,0.252714945701086
0.9710805783884323,0.9698006039879202
0.8176036479270414,0.8050638987220256
0.6164876702465951,0.6429671406571869
0.17041659166816664,0.10429791404171918
0.48311033779324414,0.3413331733365333
0.878882422351553,0.8322633547329054
0.251734965300694,0.2916941661166777
0.6391272174556509,0.6581468370632587
0.749185016299674,0.7275054498910022
0.03539929201415972,0.044899102017959644
0.6379072418551629,0.14785704285914283
0.06097878042439151,0.09059818803623927
0.44279114417711646,0.497190056198876
0.8021839563208736,0.018219635607287853
0.503209935801284,0.35693286134277313
0.5807283854322913,0.5683686326273475
0.19355612887742246,0.252014959700806
0.18383632327353452,0.19545609087818244
0.3242335153296934,0.3004539909201816
0.6722465550688986,0.7282654346913062
0.3373332533349333,0.22967540649187018
0.4397712045759085,0.3686126277474451
0.6021079578408433,0.46251074978500434
0.4292514149717006,0.3411731765364693
0.9867802643947121,0.9871802563948722
0.12977740445191097,0.11555768884622308
0.47223055538889225,0.41671166576668467
0.1372772544549109,0.07357852842943141
0.38365232695346096,0.34295314093718127
0.6629067418651627,0.5411091778164437
0.2779344413111738,0.46149077018459633
0.14145717085658288,0.15947681046379072
0.4027519449611008,0.38321233575328495
0.02013959720805584,0.018059638807223857
0.43519129617407654,0.42695146097078057
0.2258554828903422,0.23679526409471813
0.5649087018259635,0.5600687986240276
0.9799604007919842,0.9515609687806245
0.8386632267354653,0.8404231915361693
0.5933681326373472,0.5908081838363233
0.5314893702125958,0.5817883642327154
0.7153056938861223,0.6793664126717466
0.3503529929401412,0.35743285134297315
0.35587288254234917,0.04889902201955961
0.46417071658566833,0.3947921041579169
0.5468290634187316,0.5391692166156677
0.8378832423351533,0.5284494310113798
0.9460810783784325,0.9431411371772565
0.6705865882682347,0.3899922001559969
0.7402051958960821,0.7511049779004421
0.14187716245675086,0.7406051878962421
0.8959220815583688,0.8396832063358733
0.1629367412651747,0.1122177556448871
0.3003939921201576,0.2365352692946141
0.06025879482410352,0.0501789964200716
0.5739485210295794,0.6545469090618188
0.08961820763584728,0.08971820563588728
0.053358932821343574,0.06161876762464751
0.4028119437611248,0.4177316453670927
0.021779564408711826,0.023119537609247814
0.26725465490690187,0.2974140517189656
0.49469010619787607,0.500469990600188
0.15637687246255075,0.16613667726645467
0.8682826343473131,0.8910221795564089
0.7458450830983381,0.8003039939201216
0.6526469470610587,0.6111277774444511
0.6786664266714666,0.7304853902921942
0.25331493370132596,0.623927521449571
0.8990820183596329,0.9083418331633367
0.9211415771684567,0.14555708885822283
0.19365612687746245,0.13101737965240695
0.12227755444891103,0.14863702725945482
0.9136417271654568,0.8365632687346254
0.9493410131797364,0.9471810563788725
0.7429851402971941,0.7714245715085698
0.42913141737165256,0.44603107937841246
0.6646867062658747,0.6819263614727705
0.17009659806803865,0.5258694826103478
0.995080098398032,0.9961600767984641
0.5537889242215156,0.623647527049459
0.7020459590808185,0.751644967100658
0.31763364732705346,0.2598548029039419
0.46841063178736425,0.5241895162096758
0.33231335373292537,0.3856522869542609
0.619407611847763,0.5354692906141877
0.5820883582328353,0.4462510749785005
0.7159056818863623,0.6686466270674587
0.7381252374952502,0.7177056458870823
0.27059458810823783,0.2400151996960061
0.40453190936181277,0.31965360692786143
0.7680846383072338,0.8000839983200336
0.7688846223075538,0.7291854162916742
0.7719245615087699,0.7834443311133777
0.8148037039259215,0.8326033479330414
0.14199716005679888,0.0989980200395992
0.3275334493310134,0.3981120377592448
0.19281614367712646,0.16943661126777465
0.8922021559568809,0.5507489850202996
0.4272714545709086,0.4173916521669567
0.3494130117397652,0.31751364972700546
0.4153116937661247,0.4066318673626528
0.29321413571728566,0.3111937761244775
0.5456490870182596,0.43431131377372456
0.5993280134397312,0.6499670006599868
0.4636707265854683,0.5543889122217556
0.39629207415851686,0.5747485050298994
0.5668486630267395,0.5856682866342673
0.8719625607487851,0.867902641947161
0.4647107057858843,0.4170316593668127
0.11149777004459911,0.34285314293714125
0.6711065778684426,0.7935641287174257
0.3370932581348373,0.24821503569928602
0.7177056458870823,0.7132857342853143
0.9133417331653367,0.9432611347773044
0.9481210375792485,0.9543209135817284
0.4278714425711486,0.3524329513409732
0.4487710245795084,0.4036719265614688
0.29389412211755767,0.2995940081198376
0.9095218095638088,0.9293214135717286
0.8026839463210736,0.871222575548489
0.2025359492810144,0.28023439531209376
0.20647587048259036,0.256254874902502
0.15447691046179077,0.11981760364792704
0.5236695266094679,0.32929341413171737
0.7864842703145938,0.7704445911081779
0.3883722325553489,0.4370312593748125
0.8680426391472171,0.8283234335313294
0.8566428671426571,0.8621827563448732
0.30533389332213356,0.1505769884602308
0.18035639287214256,0.1893362132757345
0.9482610347793045,0.9433011339773205
0.9115617687646247,0.5840283194336113
0.1878762424751505,0.10947781044379112
0.9149817003659927,0.888282234355313
0.8914821703565929,0.8997820043599128
0.06669866602667947,0.05715885682286354
0.9722205555888882,0.33947321053578927
0.13383732325353492,0.1884362312753745
0.7333053338933222,0.757204855902882
0.018039639207215855,0.015619687606247875
0.3194936101277975,0.42821143577128457
0.8897822043559129,0.9168616627667447
0.10619787604247916,0.08913821723565529
0.7654246915061699,0.8117237655246895
0.8626027479450411,0.8618827623447531
0.5746885062298754,0.5533689326213476
0.21625567488650227,0.17019659606807863
0.7174256514869702,0.7650846983060339
0.5067298654026919,0.4659706805863883
0.6124077518449631,0.5890482190356193
0.9975200495990081,0.997120057598848
0.873842523149537,0.8670226595468091
0.18471630567388653,0.13065738685226297
0.5594488110237795,0.6706665866682666
0.11529769404611909,0.2722145557088858
0.8076638467230656,0.623107537849243
0.5461890762184757,0.505509889802204
0.5472890542189156,0.43337133257334853
0.4894302113957721,0.4519109617807644
0.09805803883922322,0.029919401611967763
0.27325453490930185,0.1493370132597348
0.7064258714825704,0.6497670046599068
0.15315693686126278,0.15661686766264676
0.009019819603607928,0.019699606007879844
0.6485870282594348,0.5499090018199636
0.008039839203215935,0.0254394912101758
0.4260714785704286,0.4120117597648047
0.504589908201836,0.5682686346273075
0.6087678246435072,0.7143457130857384
0.7428651426971461,0.7328653426931462
0.6617667646647067,0.752584948301034
0.28075438491230176,0.6922861542769145
0.9152616947661047,0.9044219115617688
0.8858022839543209,0.9201215975680487
0.8636627267454651,0.8466230675386492
0.9888402231955361,0.9819003619927602
0.11511769764604708,0.09347813043739125
0.4378312433751325,0.3515729685406292
0.9549809003819923,0.9711605767884642
0.02983940321193576,0.02629947401051979
0.4371712565748685,0.8928821423571529
0.18281634367312655,0.1629767404651907
0.7301653966920661,0.759984800303994
0.9287814243715126,0.7242655146897062
0.04011919761604768,0.04001919961600768
0.8511429771404572,0.8272634547309055
0.49649007019859603,0.5993880122397552
0.7294654106917862,0.34223315533689325
0.35781284374312516,0.32569348613027743
0.9929201415971681,0.9876202475950482
0.5990880182396352,0.6528669426611468
0.8279434411311775,0.8309233815323693
0.9466210675786485,0.9467810643787125
0.3422931541369173,0.16833663326733467
0.4733505329893402,0.4154716905661887
0.33269334613307733,0.2903541929161417
0.006559868802623948,0.007799844003119938
0.9456810863782724,0.9744405111897763
0.8052438951220976,0.8313833723325533
0.7440251194976101,0.4897102057958841
0.30827383452330953,0.3399532009359813
0.4012319753604928,0.10361792764144717
0.5157696846063079,0.5986280274394512
0.5614687706245876,0.5085698286034279
0.25727485450290993,0.20793584128317436
0.12897742045159097,0.07219855602887942
0.9415811683766325,0.9531009379812404
0.23339533209335814,0.3254934901301974
0.8332433351332974,0.8449631007379853
0.18623627527449452,0.11759764804703907
0.48481030379392415,0.40853182936341276
0.29111417771644565,0.17037659246815065
0.17271654566908662,0.13149737005259896
0.9119817603647927,0.9080218395632088
0.876282474350513,0.877242455150897
0.0072198556028879425,0.008559828803423932
0.888022239555209,0.9637807243855123
0.08941821163576728,0.12175756484870304
0.759844803103938,0.7711045779084419
0.1392772144557109,0.17779644407111858
0.9727605447891042,0.9713605727885443
0.75232495350093,0.6774864502709946
0.5584288314233715,0.5882282354352913
0.34833303333933324,0.3532729345413092
0.885522289554209,0.8673226535469291
0.3655326893462131,0.51434971300574
0.5894282114357713,0.6593068138637227
0.7732845343093139,0.742005159896802
0.2917141657166857,0.5846283074338513
0.3653326933461331,0.37023259534809305
0.4458510829783405,0.5538489230215395
0.3054338913221736,0.24125517489650208
0.372152556948861,0.3234335313293734
0.8440631187376253,0.6292074158516829
0.22119557608847823,0.23227535449291015
0.9934801303973921,0.9937201255974881
0.8312633747325053,0.9913601727965441
0.622047559048819,0.633947321053579
0.0625387492250155,0.07247855042899143
0.5443491130177397,0.44741105177896445
0.9874202515949682,0.9831203375932481
0.03901921961560769,0.03871922561548769
0.6066478670426592,0.5924681506369873
0.06929861402771945,0.02155956880862383
0.16767664646707067,0.14629707405851883
0.5906481870362593,0.38209235815283693
0.7582048359032819,0.7412251754964901
0.19399612007759845,0.2021159576808464
0.7058058838823223,0.8250234995300094
0.22155556888862224,0.2378552428951421
0.9474410511789765,0.6899662006759865
0.025539489210215798,0.02267954640907182
0.8137837243255135,0.8186636267274655
0.12041759164816704,0.13365732685346293
0.6524269514609708,0.6352872942541149
0.6156276874462511,0.6907461850762985
0.3175536489270215,0.26679466410671787
0.8957020859582808,0.9015819683606329
0.7256654866902662,0.7102257954840904
0.38813223735525293,0.501609967800644
0.09809803803923922,0.1506369872602548
0.20387592248155037,0.2006759864802704
0.6744665106697866,0.6095078098438031
0.9588808223835523,0.9587808243835123
0.3305933881322374,0.22993540129197418
0.6411471770564589,0.5470090598188037
0.5814283714325714,0.5746885062298754
0.38183236335273296,0.4752904941901162
0.007959840803183937,0.005519889602207956
0.9204815903681927,0.8276634467310654
0.8447431051378973,0.9043819123617528
0.6829463410731785,0.7031659366812664
0.8416631667366653,0.8743825123497531
0.029539409211815765,0.07313853722925542
0.9289214215715687,0.9568608627827444
0.8979820403591928,0.8579028419431611
0.6478070438591228,0.7587448251034979
0.9129417411651767,0.9029219415611688
0.22011559768804626,0.2364752704945901
0.7889642207155857,0.8280634387312255
0.9425611487770245,0.8922021559568809
0.7871042579148417,0.747065058698826
0.7419051618967621,0.7273254534909303
0.7660646787064259,0.8209435811283775
0.39099218015639686,0.36217275654486913
0.9173616527669447,0.9107817843643128
0.7402851942961141,0.6862862742745145
0.06529869402611949,0.005279894402111958
0.2665546689066219,0.9369212615747685
0.8186436271274575,0.6579668406631868
0.5139297214055719,0.5979480410391792
0.5858682826343473,0.5478290434191316
0.4773704525909482,0.49253014939701206
0.8457830843383133,0.7789844203115938
0.5365092698146037,0.38235235295294095
0.9459210815783685,0.9418611627767445
0.3414531709365813,0.3644927101457971
0.8412431751364973,0.8656626867462651
0.6727865442691147,0.20609587808243837
0.09695806083878322,0.0757384852302954
0.38277234455310893,0.08673826523469531
0.8589628207435852,0.8867222655546889
0.9326613467730646,0.9347013059738806
0.9050618987620248,0.9137217255654887
0.7377052458950821,0.5435291294174117
0.32947341053178936,0.40835183296334077
0.4679306413871723,0.45365092698146037
0.18187636247275055,0.2840343193136137
0.19585608287834244,0.5535289294214116
0.8186636267274655,0.8015239695206097
0.99920001599968,0.9997000059998801
0.29281414371712566,0.41861162776744465
0.2838743225135497,0.2764144717105658
0.7697846043079138,0.5915681686366273
0.3574528509429811,0.5509889802203957
0.22927541449171018,0.26109477810443793
0.5291894162116758,0.19843603127937443
0.5782484350312994,0.6054278914421711
0.7819243615127698,0.7514449711005781
0.08313833723325534,0.07299854002919942
0.6659266814663707,0.6585468290634188
0.22205555888882222,0.0626787464250715
0.621047579048419,0.4937701245975081
0.07829843403131938,0.2119157616847663
0.4299114017719646,0.43605127897442053
0.4670706585868283,0.5757084858302834
0.7999040019199616,0.8843223135537289
0.4145517089658207,0.3242535149297014
0.9686606267874642,0.9684606307873843
0.7199456010879782,0.6976260474790504
0.26959460810783786,0.3134137317253655
0.9081218375632487,0.8503229935401292
0.5254294914101718,0.42935141297174056
0.5539289214215716,0.6849863002739945
0.9942001159976801,0.9943201135977281
0.7134057318853623,0.6455470890582189
0.5285494290114198,0.48287034259314815
0.21079578408431832,0.21773564528709427
0.02373952520949581,0.124497510049799
0.6034279314413712,0.5830883382332354
0.8046639067218656,0.8316633667326654
0.11463770724585509,0.02883942321153577
0.5951680966380672,0.5295094098118038
0.5414491710165796,0.33031339373212537
0.8608027839443212,0.874762504749905
0.0995380092398152,0.3013739725205496
0.9668406631867363,0.9636607267854643
0.3119537609247815,0.3302533949321014
0.5979480410391792,0.6230275394492111
0.09219815603687927,0.022159556808863824
0.38577228455430895,0.48813023739525213
0.628367432651347,0.6764464710705786
0.28161436771264575,0.21987560248795024
0.885402291954161,0.8677426451470971
0.497070058598828,0.45901081978360436
0.6709265814683707,0.373932521349573
0.13751724965500692,0.14155716885662287
0.5659086818263634,0.4684306313873723
0.46029079418411634,0.4395512089758205
0.3914721705565889,0.6792864142717145
0.9826403471930562,0.9843603127937441
0.9483010339793204,0.9639207215855683
0.9261214775704486,0.9343813123737525
0.5382892342153157,0.05531889362212756
0.752264954700906,0.7924641507169857
0.32025359492810146,0.26947461050778987
0.3931921361572769,0.6518869622607548
0.9423011539769205,0.9642407151856963
0.3548329033419332,0.4162916741665167
0.868602627947441,0.874102517949641
0.8304633907321853,0.8391632167356653
0.48551028979420413,0.4931901361972761
0.629007419851603,0.19565608687826244
0.5662486750264994,0.5163896722065558
0.4321313573728526,0.4877702445951081
0.497310053798924,0.5983880322393552
0.5948081038379233,0.6721465570688586
0.9465810683786324,0.9077618447631047
0.9181816363672727,0.9068018639627208
0.5208695826083478,0.5783284334313314
0.9910801783964321,0.9909801803963921
0.7824643507129858,0.3391732165356693
0.4793704125917482,0.4264514709705806
0.9028219435611288,0.882762344753105
0.7872442551148977,0.7099258014839703
0.12327753444931101,0.5555688886222275
0.22281554368912623,0.21877562448751026
0.10955780884382313,0.4240115197696046
0.3354932901341973,0.47847043059138816
0.760744785104298,0.7616047679046419
0.125837483250335,0.12441751164976701
0.37251254974900505,0.3632127357452851
0.08953820923581529,0.09033819323613528
0.21413571728565428,0.25227495450091
0.8908621827563449,0.9044619107617848
0.9269414611707766,0.873722525549489
0.8587228255434891,0.43295134097318055
0.9230415391692166,0.7420651586968261
0.9187216255674887,0.6567068658626828
0.8592028159436812,0.882242355152897
0.9529009419811604,0.9433611327773445
0.05725885482290354,0.12213755724885503
0.9825003499930002,0.9672406551868963
0.6693066138677227,0.8672826543469131
0.8049839003219936,0.74212515749685
0.06561868762624748,0.0878182436351273
0.37407251854962903,0.49643007139857204
0.3312733745325094,0.4085718285634287
0.8896622067558649,0.8623627527449451
0.636247275054499,0.7203055938881222
0.8551828963420732,0.8365232695346093
0.9354012919741606,0.9606007879842403
0.07319853602927942,0.08287834243315134
0.05389892202155957,0.07971840563188737
0.3249135017299654,0.34551308973820527
0.31157376852462954,0.30787384252314953
0.4275914481710366,0.4730105397892042
0.2750544989100218,0.31049379012419753
0.5699886002279955,0.6072878542429152
0.5862282754344913,0.4809503809923802
0.6415871682566349,0.6548669026619468
0.24731505369892604,0.22153556928861423
0.13011739765204697,0.15645687086258275
0.9960600787984241,0.9968200635987281
0.25747485050298996,0.11813763724725505
0.5476090478190436,0.45835083298334034
0.7123257534849303,0.7432851342973141
0.7989440211195776,0.4942701145977081
0.34443311133777327,0.6433471330573389
0.4878502429951401,0.4304113917721646
0.7045659086818263,0.621827563448731
0.03047939041219176,0.02615947681046379
0.21805563888722226,0.7609447811043779
0.9935001299974001,0.9985000299994
0.50114997700046,0.49797004059918804
0.2783344333113338,0.21971560568788626
0.5259894802103958,0.5573288534229316
0.07587848243035139,0.11543769124617508
0.3425331493370133,0.35833283334333316
0.7822243555128898,0.7880042399152017
0.47111057778844423,0.4165316693666127
0.5984080318393632,0.6049479010419792
0.7327853442931141,0.6784864302713945
0.7239055218895623,0.41745165096698067
0.33245335093298134,0.3635727285454291
0.8483630327393452,0.885862282754345
0.7161056778864423,0.7096058078838423
0.6998660026799465,0.7130257394852103
0.17465650686986262,0.13297734045319093
0.7623447531049379,0.8204435911281774
0.30385392292154156,0.3593328133437331
0.9622007559848803,0.8353432931341374
0.08001839963200737,0.11069778604427911
0.03357932841343173,0.027539449211015782
0.7045459090818184,0.6433871322573549
0.9903401931961361,0.9899202015959682
0.7755244895102098,0.750784984300314
0.09879802403951922,0.05727885442291154
0.4786304273914522,0.4777704445911082
0.5749285014299714,0.4334913301733965
0.13075738485230295,0.17183656326873464
0.3974120517589648,0.2758744825103498
0.5525689486210276,0.5697286054278915
0.6086878262434752,0.628907421851563
0.5566888662226755,0.508729825403492
0.13045739085218297,0.12933741325173498
0.2811343773124538,0.33999320013599726
0.36155276894462113,0.4772704545909082
0.4251314973700526,0.5424491510169797
0.377072458550829,0.8123837523249535
0.3900321993560129,0.4887502249955001
0.8261834763304734,0.7945041099178016
0.22063558728825425,0.1386772264554709
0.4419711605767885,0.5336293274134517
0.2367552648947021,0.2768144637107258
0.04535909281814364,0.054798904021919566
0.5586088278234436,0.3659926801463971
0.03425931481370373,0.05667886642267155
0.20981580368392633,0.10243795124097518
0.20459590808183836,0.29213415731685366
0.7767444651106978,0.7261454770904582
0.25005499890002203,0.1878562428751425
0.5568488630227396,0.5386092278154437
0.624547509049819,0.7065658686826264
0.46119077618447635,0.2248155036899262
0.2874142517149657,0.4319513609727806
0.3369132617347653,0.2997740045199096
0.4032519349613008,0.23401531969360614
0.882522349553009,0.8165036699266015
0.07295854082918342,0.040959180816383674
0.5324293514129718,0.5304293914121718
0.24967500649987,0.24063518729625408
0.3017139657206856,0.3536129277414452
0.22265554688906222,0.2900541989160217
0.09299814003719926,0.0635387292254155
0.9002419951600968,0.881302373952521
0.11761764764704706,0.11675766484670307
0.882682346353073,0.9389612207755845
0.11771764564708706,0.09131817363652728
0.3895722085558289,0.38397232055358893
0.06779864402711946,0.07091858162836744
0.7967640647187056,0.5894282114357713
0.09071818563628728,0.08379832403351933
0.8993820123597528,0.8679626407471851
0.19709605807883843,0.11425771484570309
0.6008279834403312,0.5353092938141237
0.9214215715685686,0.9188216235675287
0.6661866762664747,0.6950460990780185
0.8080238395232096,0.7584448311033779
0.5331693366132677,0.5473890522189556
0.6131277374452511,0.6546269074618508
0.3253134937301254,0.31099378012439755
0.8317633647327054,0.7901241975160497
0.03333933321333574,0.10619787604247916
0.2600947981040379,0.2890142197156057
0.9305013899722006,0.9033819323613528
0.9874402511949761,0.9800203995920082
0.1382972340553189,0.10655786884262315
0.17907641847163058,0.19071618567628648
0.7869442611147778,0.6876062478750425
0.4033319333613328,0.1619967600647987
0.35913281734365315,0.31833363332733344
0.4556308873822524,0.3623927521449571
0.1613767724645507,0.23433531329373414
0.7735445291094178,0.6431671366572669
0.32809343813123737,0.2895542089158217
0.18717625647487052,0.1376772464550709
0.759164816703666,0.7176456470870582
0.25435491290174195,0.22169556608867824
0.30707385852282953,0.3509729805403892
0.12235755284894302,0.08273834523309534
0.500069998600028,0.24941501169976601
0.1739765204695906,0.4655506889862203
0.34021319573608527,0.8868422631547369
0.34669306613867723,0.28031439371212574
0.21173576528469432,0.42117157656846865
0.5736285274294515,0.5582488350232996
0.11915761684766304,0.05161896762064759
0.2742145157096858,0.2667146657066859
0.6072878542429152,0.4376112477750445
0.753564928701426,0.7752844943101138
0.9264214715705686,0.9179216415671687
0.7755644887102259,0.7885242295154097
0.6918461630767385,0.7117457650846983
0.8376032479350414,0.8142437151256975
0.8151436971260575,0.7813243735125298
0.25521489570208594,0.22447551048979023
0.6040279194416112,0.5776084478310434
0.6992060158796825,0.7104657906841864
0.626727465450691,0.5751684966300674
0.08229835403291934,0.07925841483170337
0.13457730845383092,0.054978900421991564
0.7426051478970421,0.8635227295454091
0.3970720585588288,0.5132297354052919
0.030979380412391753,0.24817503649927003
0.6095678086438271,0.50884982300354
0.6931061378772425,0.6793464130717386
0.371292574148517,0.42483150336993264
0.5824283514329713,0.4655706885862283
0.16649667006659868,0.41717165656686866
0.1866162676746465,0.14579708405831884
0.34469310613787724,0.3488330233395332
0.5310293794124118,0.6011879762404753
0.4259514809703806,0.4700905981880363
0.04657906841863163,0.05803883922321554
0.2788544229115418,0.29207415851682966
0.8227235455290894,0.7901041979160417
0.7685246295074099,0.74682506349873
0.05889882202355953,0.05757884842303154
0.45775084498310037,0.48635027299454014
0.26177476450470993,0.2019159616807664
0.00751984960300794,0.004899902001959961
0.44947101057978844,0.40883182336353274
0.00041999160016799666,0.039779204415911686
0.14909701805963882,0.39373212535749286
0.8555828883422332,0.8992620147597048
0.5393092138157237,0.5838683226335474
0.11225775484490311,0.21907561848763024
0.9931001379972401,0.9801203975920482
0.5281894362112758,0.496270074598508
0.08413831723365534,0.08769824603507931
0.7083458330833383,0.40803183936321274
0.046119077618447635,0.051078978420431596
0.7185256294874103,0.5911281774364513
0.5449091018179637,0.5676486470270595
0.4913501729965401,0.47275054498910024
0.5269094618107638,0.45285094298114037
0.8455830883382333,0.873062538749225
0.23127537449251015,0.20701585968280636
0.8138437231255375,0.8657026859462811
0.9763204735905282,0.9769404611907763
0.6830863382732345,0.5339893202135958
0.13917721645567088,0.2673546529069419
0.6894262114757705,0.74762504749905
0.3138137237255255,0.3246535069298614
0.5912681746365073,0.5868682626347473
0.74782504349913,0.8071638567228656
0.7380452390952181,0.750804983900322
0.7153256934861303,0.6835063298734025
0.9441011179776405,0.9430011399772005
0.9079618407631848,0.9093818123637527
0.3989520209595808,0.3408731825363493
0.3250534989300214,0.17827643447131059
0.33569328613427735,0.8091638167236656
0.8903621927561449,0.9050818983620328
0.8180436391272174,0.7732245355092898
0.8693426131477371,0.8274234515309694
0.6993460130797384,0.41173176536469275
0.3988520229595408,0.28205435891282177
0.39483210335793284,0.42305153896922065
0.19297614047719047,0.15611687766244675
0.13651726965460692,0.16917661646767065
0.39841203175936485,0.4115917681646367
0.9500209995800084,0.5482290354192917
0.3360132797344053,0.33609327813443735
0.4284714305713886,0.5409291814163717
0.9473610527789444,0.9359812803743925
0.880742385152297,0.9082018359632807
0.3110137797244055,0.41397172056558873
0.9747605047899043,0.9780804383912322
0.3106937861242775,0.22249555008899824
0.8552628947421052,0.879162416751665
0.8485430291394173,0.7859642807143857
0.28847423051538973,0.2726145477090458
0.755884882302354,0.7113257734845303
0.9195016099678007,0.9011819763604728
0.3022939541209176,0.5285294294114118
0.6060678786424272,0.7162056758864823
0.505409891802164,0.6004279914401712
0.14257714845703087,0.3042139157216856
0.6112677746445071,0.7064658706825864
0.7797844043119138,0.8462830743385132
0.8643227135457291,0.8510429791404173
0.03445931081378373,0.031799364012719745
0.23161536769264615,0.2947941041179177
0.620127597448051,0.7390652186956261
0.9889602207955841,0.9804203915921682
0.44285114297714046,0.5228495430091399
0.7789044219115618,0.7832443351132977
0.6382272354552909,0.7133857322853543
0.2362752744945101,0.20411591768164639
0.01379972400551989,0.0378792424151517
0.09087818243635128,0.05643887122257555
0.5124297514049719,0.5177496450070999
0.3270934581308374,0.5506089878202436
0.5782684346313074,0.7245455090898182
0.8514229715405692,0.8003239935201296
0.6621867562648748,0.6938061238775225
0.9274014519709606,0.9173216535669287
0.28447431051378974,0.49541009179816403
0.2404151916961661,0.09179816403671927
0.8714025719485611,0.7077658446831063
0.7406051878962421,0.754444911101778
0.1910761784764305,0.14365712685746285
0.3278334433311334,0.3007339853202936
0.14597708045839083,0.11339773204535909
0.30997380052398954,0.4245715085698286
0.9274214515709686,0.8648827023459531
0.634527309453811,0.7214455710885782
0.5929681406371873,0.4261714765704686
0.5653086938261235,0.5256294874102518
0.00497990040199196,0.0123997520049599
0.6782064358712826,0.6837263254734905
0.9805603887922242,0.9692206155876882
0.3404731905361893,0.7058858822823544
0.15563688726225475,0.25127497450051
0.9513809723805524,0.9310213795724086
0.6022079558408832,0.502889942201156
0.8486430271394573,0.8632027359452811
0.26005479890402194,0.25611487770244595
0.029519409611807764,0.04021919561608768
0.22171556568868622,0.17189656206875864
0.1651766964660707,0.17997640047199057
0.21697566048679026,0.25663486730265395
0.8013839723205536,0.8347233055338894
0.7929841403171937,0.7798644027119458
0.8891422171556569,0.8659226815463691
0.8128637427251455,0.879962400751985
0.06369872602547949,0.07415851682966342
0.13757724845503091,0.14625707485850284
0.18341633167336654,0.17299654006919862
0.020319593608127837,0.010379792404151917
0.8575228495430092,0.8476030479390413
0.9486610267794644,0.8353832923341533
0.4012919741605168,0.4926301473970521
0.9838003239935201,0.9792204155916882
0.999640007199856,0.999740005199896
0.8424831503369933,0.7226255474890503
0.48443031139377213,0.5167096658066839
0.07871842563148737,0.2278354432911342
0.6371872562548749,0.5820283594328114
0.6062278754424911,0.6158676826463471
0.5919281614367713,0.5752884942301154
0.2667746645067099,0.34217315653686925
0.5401891962160758,0.6694866102677947
0.13327733445331094,0.4857502849943001
0.09803803923921522,0.1123577528449431
0.5766084678306435,0.5866882662346753
0.8229435411291774,0.8318033639327214
0.6699666006679866,0.5440691186176276
0.8173836523269535,0.7753844923101538
0.6792464150716986,0.5434291314173717
0.8435631287374252,0.9055418891622168
0.10585788284234315,0.39413211735765286
0.9233815323693526,0.7657446851062979
0.9721405571888563,0.2772344553108938
0.22917541649167017,0.15745685086298275
0.02367952640947181,0.03153936921261575
0.5113497730045399,0.5872282554348913
0.375972480550389,0.43259134817303657
0.5455690886182276,0.7132257354852903
0.8392232155356893,0.7241055178896423
0.9763604727905443,0.9782604347913042
0.4883902321953561,0.5705085898282034
0.9759004819903603,0.9747605047899043
0.041579168416631666,0.021939561208775826
0.8243835123297535,0.8419031619367613
0.3002139957200856,0.374712505749885
0.22929541409171816,0.1638167236655267
0.0376392472150557,0.02413951720965581
0.0015599688006239876,0.0014199716005679887
0.5773684526309474,0.5943681126377472
0.5841083178336434,0.6013479730405392
0.9377812443751126,0.9464210715785685
0.5070698586028279,0.5620487590248195
0.061718765624687505,0.038239235215295694
0.6120877582448351,0.6663266734665307
0.5131697366052679,0.5834283314333714
0.7214055718885622,0.7367252654946901
0.8014039719205616,0.8361232775344494
0.27943441131177377,0.23151536969260617
0.620367592648147,0.8965820683586329
0.4648707025859483,0.28051438971220577
0.3348133037339253,0.3437931241375173
0.6999060018799624,0.6554268914621708
0.5950680986380272,0.6117677646447072
0.752184956300874,0.6791864162716746
0.20823583528329434,0.4043919121617568
0.3350932981340373,0.381352372952541
0.6927261454770904,0.6475670486590268
0.24431511369772604,0.5485690286194276
0.1484570308593828,0.124657506849863
0.17015659686806264,0.14519709605807885
0.7355852882942342,0.7771844563108739
0.42249155016899664,0.39391212175756485
0.7027659446811064,0.7745245095098098
0.5289894202115958,0.5160496790064198
0.5270494590108198,0.28213435731285375
0.32311353772924545,0.43873122537549253
0.14049719005619887,0.21103577928441433
0.30397392052158956,0.34683306333873326
0.47013059738805224,0.43393132137357254
0.9637607247855043,0.9720405591888163
0.8467430651386972,0.8488430231395372
0.6479870402591948,0.6903861922761545
0.7202655946881062,0.7383652326953462
0.23275534489310215,0.3276534469310614
0.250854982900342,0.3635127297454051
0.9708605827883443,0.9712405751884963
0.8966820663586729,0.886682266354673
0.1733765324693506,0.1734965300693986
0.3869122617547649,0.39779204415911684
0.3989120217595648,0.4661906761864763
0.4000119997600048,0.2292154156916862
0.8948021039579209,0.6744865102697947
0.9207815843683127,0.9189016219675606
0.1979960400791984,0.24601507969840605
0.8883422331553369,0.5687286254274915
0.4651906961860763,0.47081058378832424
0.636107277854443,0.6418271634567309
0.6466270674586508,0.5923281534369312
0.30735385292294154,0.5539089218215636
0.622767544649107,0.6987060258794824
0.8556028879422412,0.7362252754944901
0.2624347513049739,0.3028739425211496
0.24969500609987802,0.24373512529749405
0.08457830843383132,0.1879162416751665
0.9708005839883203,0.8889822203555929
0.7932641347173057,0.6765864682706346
0.3572328553428932,0.3630727385452291
0.5205095898082038,0.5508889822203556
0.6076478470430592,0.5939881202375953
0.5257094858102838,0.44199116017679646
0.008899822003559928,0.00871982560348793
0.9028619427611448,0.8693026139477211
0.9843003139937202,0.9878002439951201
0.5734885302293954,0.633727325453491
0.31071378572428554,0.4104517909641807
0.39675206495870086,0.2990940181196376
0.1399972000559989,0.12699746005079898
0.6474870502589949,0.6637867242655147
0.5958080838383233,0.6056278874422512
0.8097638047239055,0.8089238215235696
0.5715285694286114,0.251834963300734
0.9288414231715366,0.9254614907701846
0.9318213635727286,0.5882882342353153
0.24231515369692608,0.26925461490770186
0.9675806483870323,0.9706605867882643
0.25285494290114197,0.23665526689466213
0.040979180416391675,0.02381952360952781
0.5455490890182196,0.47273054538909226
0.40065198696026083,0.497870042599148
0.11641767164656708,0.11667766644667107
0.8116637667246656,0.7849243015139697
0.5301893962120757,0.4329313413731726
0.03543929121417572,0.028799424011519772
0.7376852462950741,0.6087478250434991
0.6413271734565309,0.6574268514629708
0.43251134977300454,0.42735145297094057
0.24423511529769407,0.18257634847303056
0.9858602827943441,0.9796204075918482
0.17931641367172657,0.15275694486110278
0.10875782484350313,0.25735485290294197
0.377252454950901,0.3617527649447011
0.4285914281714366,0.43255134897302056
0.5400691986160276,0.5124497510049799
0.24643507129857403,0.13493730125397493
0.9448011039779205,0.9775604487910242
0.5855682886342274,0.4485910281794364
0.8083238335233296,0.7957240855182897
0.8757424851502971,0.877422451550969
0.31967360652786947,0.42301153976920464
0.44689106217875646,0.4523309533809324
0.09085818283634328,0.1002979940401192
0.8288234235315294,0.8053038939221215
0.04433911321773565,0.04795904081918362
0.01767964640707186,0.00997980040399192
0.026799464010719788,0.041879162416751665
0.4922301553968921,0.7728045439091219
0.2407951840963181,0.2781144377112458
0.10575788484230315,0.23609527809443812
0.29529409411811763,0.17213655726885463
0.14403711925761487,0.1402771944561109
0.761244775104498,0.7404851902961941
0.75872482550349,0.8738025239495211
0.20449591008179838,0.1772764544709106
0.021979560408791825,0.0375192496150077
0.14519709605807885,0.1776964460710786
0.036719265614687704,0.024699506009879805
0.48927021459570813,0.4118717625647487
0.7284654306913863,0.6513669726605468
0.14297714045719087,0.10317793644127118
0.379632407351853,0.4865502689946201
0.375312493750125,0.29985400291994163
0.07885842283154337,0.1527769444611108
0.06541869162616748,0.06893862122757545
0.628527429451411,0.502509949801004
0.30969380612387754,0.7263054738905222
0.36023279534409314,0.2887342253154937
0.21921561568768624,0.25775484490310197
0.8389832203355934,0.8509629807403852
0.5613287734245316,0.6856862862742745
0.6794264114717706,0.6392872142557149
0.2657346853062939,0.250194996100078
0.30979380412391755,0.3176736465270695
0.4420711585768285,0.45969080618387637
0.23717525649487012,0.18185636287274254
0.6821063578728426,0.7109857802843943
0.15767684646307076,0.12777744445111097
0.035519289614207715,0.03897922041559169
0.6872862542749145,0.9040819183616328
0.4874502509949801,0.5403291934161317
0.2400551988960221,0.26033479330413395
0.015959680806383873,0.019459610807783845
0.7877442451150978,0.7648047039059219
0.1011379772404552,0.2277554448911022
0.7085458290834183,0.7135057298854023
0.865502689946201,0.877442451150977
0.7382852342953141,0.6699066018679627
0.3373132537349253,0.4362312753744925
0.10367792644147117,0.11083778324433512
0.1649167016659667,0.14003719925601488
0.9647807043859123,0.9466210675786485
0.32529349413011743,0.43695126097478054
0.16961660766784664,0.6053078938421231
0.33553328933421334,0.3260934781304374
0.8298434031319374,0.8502429951400973
0.19161616767664646,0.2005359892802144
0.50534989300214,0.5281294374112518
0.5602287954240915,0.6570068598628027
0.6423871522569549,0.7170456590868183
0.4225715485690286,0.4269714605707886
0.9643007139857204,0.9654606907861844
0.5059298814023719,0.5174496510069799
0.28533429331413374,0.3046339073218536
0.878842423151537,0.9031619367612648
0.47047059058818824,0.3989520209595808
0.623767524649507,0.631307373852523
0.2358752824943501,0.2399552008959821
0.08471830563388733,0.05375892482150357
0.6486470270594589,0.45651086978260436
0.26869462610747785,0.06419871602567949
0.12139757204855903,0.09735805283894322
0.038159236815263696,0.05761884762304754
0.4687106257874843,0.47359052818943626
0.11887762244755105,0.1635367292654147
0.8311233775324494,0.8533829323413532
0.5395692086158277,0.5300493990120198
0.09311813763724726,0.06783864322713545
0.6544469110617788,0.7068258634827304
0.32535349293014143,0.32917341653166937
0.3979920401591968,0.8159436811263775
0.9896602067958641,0.9905201895962081
0.24493510129797405,0.14269714605707887
0.18659626807463853,0.33147337053258935
0.39495210095798083,0.5867282654346914
0.5235895282094358,0.5376892462150757
0.5654686906261875,0.5976480470390593
0.41981160376792465,0.880062398752025
0.4065118697626048,0.43313133737325255
0.0377992440151197,0.06697866042679147
0.5522889542209156,0.5693686126277475
0.10913781724365514,0.10831783364332714
0.3896322073558529,0.46337073258534833
0.03887922241555169,0.038559228815423695
0.9546409071818563,0.9691006179876402
0.31779364412711747,0.49583008339833207
0.43405131897362054,0.5110697786044279
0.49463010739785207,0.5277494450110998
0.6982660346793065,0.637607247855043
0.030599388012239756,0.02997940041199176
0.24739505209895804,0.07437851242975141
0.9627807443851123,0.9662606747865043
0.14277714445711087,0.1379572408551829
0.7439251214975701,0.754844903101938
0.3859122817543649,0.4022119557608848
0.8994620107597848,0.8614427711445771
0.6596068078638427,0.6672266554668906
0.19659606807863844,0.24695506089878203
0.6875862482750346,0.7942841143177136
0.2112557748845023,0.27355452890942183
0.47103057938841225,0.5593688126237475
0.126417471650567,0.13109737805243896
0.375632487350253,0.32239355212895743
0.33153336933261335,0.15471690566188676
0.5440291194176117,0.5759484810303794
0.1358772824543509,0.16683666326673466
0.017259654806903862,0.015499690006199876
0.9661006779864403,0.9621607567848643
0.47217055658886825,0.15283694326113478
0.6002679946401073,0.5948481030379392
0.49911001779964403,0.3032139357212856
0.3525529489410212,0.4162316753664927
0.8010639787204257,0.9173416531669367
0.2963940721185576,0.43117137657246857
0.31905361892762146,0.2851742965140697
0.004139917201655967,0.003279934401311974
0.06897862042759145,0.15713685726285476
0.9899802003959921,0.9871402571948561
0.5228095438091238,0.3990920181596368
0.8059638807223856,0.8133637327253456
0.6097078058438832,0.5822283554328913
0.5498890022199556,0.5210695786084278
0.7263654726905462,0.6059678806423872
0.379132417351653,0.06119877602447951
0.14249715005699887,0.12145757084858304
0.636127277454451,0.6020679586408272
0.9723205535889282,0.9696206075878483
0.6185476290474191,0.5770484590308194
0.47795044099118017,0.509109817803644
0.4036919261614768,0.31763364732705346
0.3984920301593968,0.31043379132417354
0.032799344013119736,0.06643867122657547
0.7693046139077219,0.742805143897122
0.500269994600108,0.48163036739265214
0.4272114557708846,0.4231915361692766
0.630487390252195,0.5447091058178837
0.7373252534949302,0.9134017319653607
0.9694806103877923,0.9811403771924562
0.0034599308013839726,0.00753984920301594
0.08121837563248735,0.08135837283254335
0.3557328853422932,0.8169836603267935
0.14479710405791885,0.5238495230095398
0.625867482650347,0.4008319833603328
0.24341513169736606,0.2023159536809264
0.9244015119697606,0.9265814683706326
0.004779904401911962,0.014019719605607888
0.05771884562308754,0.061038779224415515
0.2126557468850623,0.2609547809043819
0.18401631967360654,0.9214815703685927
0.4879302413951721,0.4669306613867723
0.28411431771364576,0.2634147317053659
0.7546449071018579,0.7200255994880103
0.0504989900201996,0.19401611967760646
0.9912801743965121,0.9913401731965361
0.6347873042539149,0.8126837463250736
0.7710245795084099,0.630247395052099
0.5956680866382672,0.40837183256334875
0.6652866942661148,0.8570828583428332
0.07095858082838344,0.059418811623767526
0.25771484570308595,0.2640547189056219
0.4773504529909402,0.3424131517369653
0.880682386352273,0.875482490350193
0.8085238295234095,0.8197636047279054
0.6588068238635227,0.6620267594648107
0.620107597848043,0.7006459870802584
0.6378872422551549,0.6690666186676266
0.5151696966060679,0.47315053698926024
0.25287494250115,0.2791144177116458
0.8227035459290815,0.881862362752745
0.9642607147857043,0.9574808503829924
0.5551688966220676,0.5734485310293794
0.7854842903141938,0.759304813903722
0.2714545709085818,0.15667686646267076
0.7310053798924022,0.6705465890682186
0.0029399412011759767,0.003559928801423972
0.5419491610167797,0.625347493050139
0.882882342353153,0.632027359452811
0.9917201655966881,0.9733405331893362
0.5238695226095478,0.39729205415891683
0.4421311573768525,0.43365132697346054
0.6571668566628668,0.5409891802163956
0.5229695406091879,0.5556888862222755
0.39887202255954884,0.3914121717565649
0.3995320093598128,0.4145717085658287
0.8439031219375612,0.8626427471450572
0.6817463650726986,0.6757664846703066
0.015199696006079878,0.015459690806183876
0.6849063018739625,0.9775004499910002
0.8449031019379613,0.8625227495450092
0.3518529629407412,0.26885462290754186
0.8892822143557129,0.8605627887442251
0.5557088858222836,0.5491690166196677
0.16887662246755064,0.19453610927781445
0.636147277054459,0.6695666086678267
0.7826643467130657,0.21535569288614229
0.10515789684206316,0.14227715445691086
0.36131277374452514,0.45653086938261234
0.4636307273854523,0.7867842643147137
0.025859482810343795,0.015319693606127878
0.6598468030639387,0.5782284354312914
0.01747965040699186,0.010959780804383912
0.9314813703725926,0.9138817223655528
0.2627947441051179,0.1622567548649027
0.39539209215815685,0.3392532149357013
0.5796884062318753,0.624787504249915
0.033539329213415736,0.18519629607407853
0.44805103897922044,0.4793504129917402
0.8505229895402092,0.8236435271294574
0.3244735105297894,0.38241235175296495
0.8614427711445771,0.6678266434671307
0.4153716925661487,0.6170076598468031
0.13307733845323094,0.43639127217455653
0.99680006399872,0.9943401131977361
0.375832483350333,0.38173236535269295
0.874182516349673,0.8111237775244495
0.6771064578708426,0.7279654406911862
0.42535149297014063,0.38219235615287694
0.2634347313053739,0.29491410171796567
0.18451630967380653,0.19313613727725445
0.9568408631827364,0.8735825283494331
0.252194956100878,0.2617947641047179
0.9949201015979681,0.9891802163956721
0.45589088218235635,0.6181276374472511
0.07767844643107139,0.04373912521749565
0.43267134657306855,0.37167256654866904
0.15695686086278274,0.20405591888162236
0.3399532009359813,0.3089138217235655
0.5398292034159317,0.4207515849683007
0.5423091538169237,0.7439251214975701
0.5684086318273635,0.5415291694166117
0.2771344573108538,0.23311533769324613
0.09231815363692726,0.21467570648587028
0.10655786884262315,0.07787844243115138
0.42011159776804463,0.625727485450291
0.2776544469110618,0.17159656806863863
0.5916681666366673,0.7270254594908102
0.26021479570408595,0.2381952360952781
0.2018759624807504,0.24583508329833403
0.8010839783204337,0.743265134697306
0.5852282954340914,0.5772284554308914
0.5748485030299394,0.4651906961860763
0.18051638967220657,0.1770164596708066
0.10227795444091119,0.1396172076558469
0.6107477850442992,0.2616747665046699
0.7203455930881383,0.7888442231155377
0.3905521889562209,0.4023119537609248
0.6526069478610428,0.630067398652027
0.6424471510569789,0.5297694046119078
0.9345413091738165,0.9462810743785125
0.4105117897642047,0.48249035019299613
0.7054058918821624,0.6862462750744985
0.9715205695886082,0.9720005599888003
0.9791004179916402,0.9797404051918962
0.7354652906941861,0.8948821023579528
0.5887082258354833,0.5162496750064999
0.6177276454470911,0.08213835723285534
0.014579708405831884,0.01897962040759185
0.34377312453750924,0.5443291134177317
0.9375812483750325,0.9197216055678886
0.9462210755784884,0.9003419931601369
0.7848643027139457,0.8118437631247375
0.9136817263654727,0.8253034939301215
0.9834203315933682,0.9882202355952882
0.7081458370832584,0.7191456170876582
0.6192276154476911,0.5850682986340273
0.5148697026059479,0.6382072358552829
0.6079878402431952,0.6137877242455151
0.4675306493870123,0.5284094318113638
0.9829803403931922,0.9896602067958641
0.7163056738865223,0.6973260534789304
0.4875302493950121,0.616787664246715
0.6162076758464831,0.6870462590748185
0.7039059218815624,0.7128057438851223
0.6612867742645148,0.8872622547549049
0.7744645107097858,0.7923841523169537
0.2742745145097098,0.19451610967780644
0.3898322033559329,0.4019919601607968
0.9853802923941521,0.9863202735945281
0.44451110977780445,0.5853082938341233
0.14405711885762285,0.1629567408651827
0.631567368652627,0.8823823523529529
0.9805003899922002,0.9839203215935681
0.9764804703905923,0.9782804343913122
0.04585908281834363,0.04653906921861563
0.9593808123837524,0.9629207415851684
0.5784484310313794,0.6664066718665627
0.9587408251834963,0.9518009639807204
0.26679466410671787,0.4629507409851803
0.0251194976100478,0.019179616407671848
0.10541789164216717,0.5054898902021959
0.20629587408251834,0.22373552528949422
0.9283414331713367,0.8527829443411132
0.061438771224575514,0.06431871362572748
0.9092218155636888,0.753104937901242
0.03657926841463171,0.03255934881302374
0.5131497370052599,0.3904121917561649
0.011199776004479911,0.011839763204735905
0.5810683786324273,0.5199496010079798
0.4734705305893882,0.4410511789764205
0.6506669866602668,0.6637267254654907
0.24849503009939802,0.014399712005759886
0.2370752584948301,0.24579508409831805
0.26565468690626187,0.18023639527209456
0.9648007039859203,0.9620807583848323
0.42215155696886064,0.41939161216775667
0.5446891062178757,0.4299514009719806
0.8601627967440652,0.882202355952881
0.5963880722385553,0.6148077038459231
0.9880402391952161,0.9910001799964001
0.7724245515089698,0.7121257574848503
0.10249795004099918,0.07451850962980741
0.4517309653806924,0.43643127137457255
0.7003259934801305,0.751764964700706
0.9652406951860963,0.9693006139877203
0.8965020699586008,0.7694046119077619
0.8494430111397773,0.882062358752825
0.8918421631567369,0.2990140197196056
0.74382512349753,0.7954840903181937
0.6810063798724025,0.5894482110357793
0.34125317493650126,0.3921121577568449
0.882782344353113,0.8955820883582328
0.4605507889842203,0.19097618047639048
0.4666506669866603,0.5259694806103878
0.5804683906321874,0.6129477410451791
0.3053138937221256,0.4786704265914682
0.5587488250234995,0.8708425831483371
0.006979860402791945,0.009559808803823924
0.5488490230195396,0.5384492310153797
0.35929281414371717,0.44349113017739644
0.0381992360152797,0.04181916361672767
0.8331033379332413,0.7880242395152097
0.3532329353412932,0.2770744585108298
0.125697486050279,0.24709505809883803
0.19279614407711845,0.20545589088218236
0.6204875902481951,0.5054698906021879
0.505189896202076,0.49523009539809204
0.4268914621707566,0.6811263774724505
0.995160096798064,0.9954400911981761
0.5993680126397473,0.5382892342153157
0.38247235055298895,0.31723365532689346
0.9754404911901763,0.9743805123897522
0.6540869182616348,0.5987480250394992
0.13505729885402293,0.1381972360552789
0.9640207195856083,0.9563808723825524
0.8411231775364493,0.9133217335653288
0.6721465570688586,0.5664486710265795
0.8558428831423371,0.8487030259394812
0.7842443151136977,0.9027419451610968
0.628347433051339,0.39235215295694087
0.8279634407311854,0.6981460370792585
0.28457430851382975,0.23371532569348613
0.3073138537229256,0.33735325293494134
0.7933841323173537,0.7731245375092498
0.6918261634767305,0.503369932601348
0.4109717805643887,0.2659946801063979
0.9545009099818004,0.8909821803563929
0.20399592008159836,0.2125557488850223
0.5957880842383153,0.6367872642547149
0.5305693886122278,0.46331073378532434
0.8992820143597129,0.8341633167336654
0.28319433611327777,0.5694486110277794
0.618747625047499,0.5121097578048439
0.8493030139397212,0.8539029219415611
0.7185056298874023,0.6889862202755945
0.10751784964300715,0.12345753084938302
0.45531089378212436,0.495530089398212
0.17983640327193456,0.1873362532749345
0.051358972820543594,0.10339793204135918
0.10867782644347114,0.11681766364672706
0.872042559148817,0.8227635447291054
0.9755604887902243,0.5557288854222916
0.41093178136437275,0.6860662786744265
0.16889662206755865,0.2624747505049899
0.05651886962260755,0.054698906021879566
0.74212515749685,0.6611867762644748
0.5249695006099878,0.5944081118377633
0.31203375932481353,0.2695746085078298
0.9772804543909123,0.9764604707905842
0.39047219055618887,0.3641927161456771
0.8292634147317054,0.755244895102098
0.37149257014859705,0.5174896502069959
0.6115077698446031,0.6748665026699466
0.5383892322153557,0.25875482490350193
0.7146057078858423,0.6890462190756185
0.7325653486930261,0.7240855182896342
0.20737585248295035,0.0750984980300394
0.25699486010279793,0.4926101477970441
0.6670866582668347,0.6226675466490671
0.6696866062678747,0.4638707225855483
0.6044279114417712,0.622147557048859
0.054898902021959566,0.08587828243435132
0.7880042399152017,0.8245435091298174
0.6117277654446911,0.6575468490630187
0.5926481470370593,0.4382912341753165
0.24207515849683006,0.28145437091258174
0.9629607407851843,0.9556208875822484
0.7255654886902262,0.750204995900082
0.6614067718645628,0.6784664306713866
0.6465670686586269,0.6439271214575709
0.3924521509569809,0.41655166896662066
0.626187476250475,0.9402811943761125
0.5588688226235475,0.5202295954080919
0.48191036179276414,0.3034339313213736
0.4521909561808764,0.5558088838223235
0.500529989400212,0.7749045019099619
0.8987220255594889,0.9231415371692566
0.37281254374912504,0.2912341753164937
0.8482430351392972,0.750344993100138
0.2959340813183736,0.4021319573608528
0.252094958100838,0.36005279894402115
0.2885142297154057,0.2762944741105178
0.9451410971780565,0.8134037319253615
0.1485970280594388,0.126897462050759
0.022699546009079818,0.01145977080458391
0.2858742825143497,0.5348093038139238
0.11589768204635907,0.09927801443971121
0.38217235655286896,0.3973720525589488
0.36759264814703707,0.32159356812863743
0.25245495090098197,0.2146957060858783
0.3549929001419972,0.38317233655326893
0.5878882422351553,0.5900681986360273
0.36973260534789304,0.33519329613407733
0.2627547449051019,0.18045639087218257
0.9427411451770965,0.9313413731725366
0.08259834803303934,0.05999880002399952
0.9016619667606648,0.8652226955460891
0.18589628207435852,0.19649607007859843
0.08213835723285534,0.08267834643307134
0.9399612007759846,0.29789404211915765
0.6389472210555789,0.6498070038599228
0.2879742405151897,0.3144937101257975
0.9416611667766644,0.9034219315613689
0.08205835883282335,0.2804543909121818
0.18307633847323054,0.09779804403911922
0.5296094078118437,0.17777644447111057
0.4919301613967721,0.4889102217955641
0.6239475210495791,0.11741765164696706
0.6861862762744745,0.7767444651106978
0.05331893362132758,0.14141717165656686
0.17419651606967862,0.12205755884882302
0.49133017339653207,0.5688486230275395
0.376012479750405,0.380052398952021
0.44525109497810045,0.5394292114157717
0.13493730125397493,0.1116177676446471
0.27367452650946983,0.4636107277854443
0.24637507249855004,0.5370492590148197
0.49447011059778806,0.41271174576508474
0.629687406251875,0.6892062158756825
0.9866802663946721,0.9801803963920722
0.44411111777764445,0.7036259274814504
0.27195456090878184,0.3281134377312454
0.6908661826763465,0.6679866402671947
0.08381832363352733,0.07947841043179137
0.4033119337613248,0.41705165896682067
0.37207255854882904,0.4171916561668767
0.24095518089638207,0.28979420411591766
0.12133757324853503,0.1375972480550389
0.1891362172756545,0.18463630727385452
0.030399392012159757,0.030719385612287757
0.8708225835483291,0.8500629987400252
0.750104997900042,0.6874862502749945
0.2609347813043739,0.18551628967420652
0.5293494130117398,0.6653266934661307
0.16753664926701467,0.10967780644387112
0.19329613407731847,0.3043339133217336
0.8450430991380172,0.9203015939681207
0.378332433351333,0.2902541949161017
0.23433531329373414,0.01143977120457591
0.8163436731265376,0.7871442571148577
0.4002919941601168,0.38457230855382896
0.9269814603707927,0.9429011419771605
0.07089858202835944,0.059718805623887525
0.6455670886582269,0.6963660726785464
0.17035659286814264,0.14443711125777484
0.05837883242335153,0.10739785204295914
0.7203655926881463,0.6184676306473871
0.14165716685666288,0.14163716725665487
0.7055258894822104,0.633467330653387
0.6755264894702107,0.5336893262134758
0.4354912901741965,0.498910021799564
0.5674286514269715,0.7781044379112418
0.3549529009419812,0.3153336933261335
0.6971860562788744,0.6943261134777304
0.48291034179316417,0.505109897802044
0.8398032039359213,0.7952240955180897
0.5462290754184916,0.6766464670706586
0.5991080178396432,0.5970480590388192
0.22965540689186217,0.20755584888302234
0.7800643987120258,0.8293034139317214
0.6014479710405792,0.6771864562708746
0.3395732085358293,0.3887922241555169
0.7793044139117218,0.750664986700266
0.26875462490750185,0.37985240295194095
0.7929641407171857,0.6701465970680587
0.8945221095578089,0.9013219735605288
0.9635207295854084,0.9534609307813844
0.9806403871922562,0.34605307893842124
0.30749385012299757,0.03359932801343973
0.005639887202255955,0.006779864402711946
0.4194916101677967,0.4752304953900922
0.4815903681926362,0.6477070458590828
0.870902581948361,0.8135037299254015
0.6658866822663547,0.8049839003219936
0.9808403831923362,0.9847203055938881
0.8948221035579289,0.9125417491650167
0.13971720565588688,0.14101717965640687
0.6678066438671226,0.6844263114737705
0.9184416311673766,0.9010219795604089
0.8450830983380333,0.875562488750225
0.8427431451370972,0.871822563548729
0.9616007679846403,0.9579408411831764
0.75262494750105,0.9497610047799044
0.5345093098138037,0.49689006219875603
0.9181016379672406,0.9211615767684647
0.41053178936421275,0.40809183816323674
0.29497410051798967,0.36543269134617307
0.8170036599268015,0.8408631827363453
0.6938061238775225,0.6382472350552989
0.11995760084798304,0.1782164356712866
0.7770044599108018,0.8129237415251696
0.1494170116597668,0.12369752604947902
0.39549209015819686,0.37107257854842907
0.5780484390312194,0.5937881242375153
0.508489830203396,0.5603487930241395
0.4256114877702446,0.38485230295394096
0.999040019199616,0.998940021199576
0.876922461550769,0.7875442491150177
0.2868942621147577,0.2738145237095258
0.5777884442311154,0.4263714725705486
0.4156116877662447,0.38331233375332496
0.04225915481690366,0.042379152416951664
0.7674446511069779,0.6466070678586429
0.19671606567868644,0.29529409411811763
0.6421271574568509,0.42045159096818063
0.3140737185256295,0.3010139797204056
0.7771844563108739,0.8011239775204496
0.8585428291434172,0.8583028339433212
0.751204975900482,0.9296414071718566
0.625467490650187,0.7697846043079138
0.9780404391912162,0.9771804563908723
0.11395772084558309,0.08993820123597529
0.7483450330993381,0.760864782704346
0.7288254234915302,0.6788464230715386
0.7180656386872263,0.8298234035319294
0.3150936981260375,0.3324733505329894
0.4030919381612368,0.4214315713685726
0.9805803883922322,0.9784204315913682
0.5689286214275715,0.6441671166576669
0.5190696186076279,0.9408811823763525
0.5082298354032919,0.42041159176816467
0.6795664086718266,0.746105077898442
0.23319533609327814,0.15737685246295074
0.7088458230835384,0.7000459990800184
0.33159336813263735,0.17307653846923063
0.373172536549269,0.5469090618187636
0.7238055238895222,0.34113317733645326
0.9133617327653447,0.9105417891642168
0.9844803103937921,0.9836803263934721
0.624687506249875,0.6005479890402192
0.5926681466370672,0.5542489150216996
0.251134977300454,0.31753364932701345
0.08925821483570329,0.09931801363972721
0.5812683746325074,0.5916081678366433
0.23273534529309414,0.27011459770804586
0.5644287114257716,0.5299894002119958
0.378452430951381,0.33189336213275733
0.37031259374812503,0.36905261894762104
0.756164876702466,0.6728465430691386
0.11607767844643108,0.11607767844643108
0.15415691686166277,0.17301653966920663
0.49805003899922,0.373792524149517
0.6077878442431152,0.6507869842603148
0.128557428851423,0.09435811283774324
0.12895742085158296,0.10609787804243916
0.8559228815423692,0.35759284814303716
0.8946821063578728,0.9466010679786404
0.9221215575688486,0.9573408531829364
0.5640887182256356,0.7039459210815784
0.6678266434671307,0.5627687446251075
0.37475250494990103,0.5058298834023319
0.7141057178856424,0.7702045959080819
0.7067858642827144,0.8314033719325614
0.16693666126677467,0.15941681166376673
0.9096018079638407,0.9195416091678167
0.5656286874262515,0.5250894982100358
0.14043719125617488,0.1517369652606948
0.23129537409251816,0.25995480090398193
0.47521049579008423,0.4810703785924282
0.9557808843823123,0.9588208235835284
0.7173456530869383,0.8538829223415532
0.8050838983220336,0.7758044839103219
0.37099258014839703,0.2648147037059259
0.9593608127837444,0.9633407331853363
0.9328413431731366,0.885042299154017
0.3874722505549889,0.3883722325553489
0.5997480050398992,0.6478670426591469
0.11773764524709507,0.09101817963640728
0.3267934641307174,0.3501729965400692
0.35693286134277313,0.40701185976280474
0.37875242495150097,0.35861282774344516
0.5491690166196677,0.44861102777944445
0.9056018879622408,0.9001819963600728
0.8075238495230096,0.4534509309813804
0.8749425011499771,0.6760664786704266
0.7254254914901702,0.7021259574808504
0.9947801043979121,0.9862602747945042
0.012319753604927902,0.6446271074578509
0.25583488330233395,0.4395712085758285
0.40569188616227675,0.4855902881942361
0.1742965140697186,0.15531689366212675
0.8515229695406092,0.8317433651326974
0.8707025859482811,0.8984420311593768
0.13029739405211896,0.1134177316453671
0.31981360372792544,0.2775744485110298
0.7326253474930502,0.7235855282894342
0.4354312913741725,0.5264094718105639
0.250654986900262,0.25623487530249395
0.763504729905402,0.8092838143237135
0.7789244215115698,0.8735625287494251
0.41993160136797264,0.4029319413611728
0.43265134697306057,0.4138517229655407
0.13015739685206296,0.125797484050319
0.251254974900502,0.22473550528989422
0.8554028919421612,0.871682566348673
0.8543029139417212,0.9142417151656967
0.16625667486650267,0.14421711565768686
0.5808083838323234,0.5621887562248755
0.7923241535169296,0.8022439551208976
0.3270534589308214,0.4725505489890202
0.26761464770704585,0.40539189216215676
0.8028839423211536,0.7251654966900662
0.8142637147257055,0.8287234255314894
0.5669286614267715,0.24283514329713407
0.28217435651286976,0.2813543729125418
0.5423291534169317,0.5720285594288115
0.34369312613747727,0.30713385732285353
0.7374052518949621,0.7693446131077378
0.09367812643747125,0.07845843083138337
0.14135717285654287,0.22843543129137417
0.14557708845823084,0.15971680566388674
0.9556008879822404,0.9448611027779444
0.3509129817403652,0.36851262974740506
0.24335513289734206,0.08603827923441532
0.3232535349293014,0.24255514889702207
0.8259634807303854,0.9341613167736645
0.29531409371812567,0.44487110257794843
0.30797384052318955,0.505289894202116
0.9043619127617448,0.9001219975600488
0.8618427631447372,0.890782184356313
0.3849523009539809,0.4933501329973401
0.4162716745665087,0.4052118957620848
0.21021579568408633,0.22013559728805424
0.75942481150377,0.7123257534849303
0.2684346313073739,0.44947101057978844
0.8853622927541449,0.9063418731625368
0.9775804483910322,0.9865202695946081
0.2254354912901742,0.19025619487610249
0.8477230455390893,0.8294034119317614
0.3136737265254695,0.39357212855742885
0.0037399252014959704,0.004219915601687966
0.5609087818243635,0.5888082238355233
0.255914881702366,0.2272354552908942
0.6180276394472111,0.5283094338113238
0.028259434811303774,0.03589928201435971
0.6694866102677947,0.6169476610467791
0.3672926541469171,0.5468690626187477
0.9345013099738005,0.9482810343793124
0.19445611087778245,0.24703505929881403
0.11827763444731106,0.13095738085238295
0.8373232535349293,0.8536829263414732
0.7146257074858503,0.7265654686906262
0.2918141637167257,0.3317333653326934
0.17265654686906262,0.28359432811343777
0.36909261814763705,0.3872522549549009
0.504189916201676,0.5524489510209796
0.5231295374092518,0.5654286914261715
0.11705765884682306,0.10959780804383913
0.7797044059118818,0.7800443991120178
0.15321693566128677,0.05955880882382353
0.7220655586888263,0.7091858162836744
0.7087258254834904,0.7397652046959061
0.19421611567768646,0.6500669986600268
0.8836423271534569,0.8889222215555689
0.17969640607187856,0.16657666846663066
0.8363832723345533,0.8671626567468651
0.6401071978560429,0.6641067178656427
0.036139277214455715,0.023099538009239817
0.5256094878102439,0.3995320093598128
0.5644487110257795,0.42913141737165256
0.3898922021559569,0.381192376152477
0.27097458050838985,0.44529109417811646
0.0868182636347273,0.11053778924421512
0.11487770244595108,0.1139177216455671
0.4259314813703726,0.3907121857562849
0.0002799944001119978,0.000379992400151997
0.06583868322633547,0.12079758404831904
0.5906881862362753,0.4171316573668527
0.31575368492630146,0.28017439651206977
0.8419831603367933,0.8674026519469611
0.8499030019399613,0.8866422671546569
0.997120057598848,0.997480050398992
0.2638747225055499,0.6342473150536989
0.3560328793424132,0.12025759484810304
0.2969140617187656,0.29531409371812567
0.16109677806443873,0.17799644007119858
0.6321873562528749,0.5843283134337314
0.31197376052478953,0.3262334753304934
0.04573908521829564,0.09167816643667127
0.25641487170256594,0.3245135097298054
0.7906241875162497,0.8699026019479611
0.630867382652347,0.6584268314633708
0.45869082618347634,0.7712845743085138
0.7290254194916101,0.04341913161736766
0.13241735165296695,0.12745745085098298
0.9668806623867523,0.8688626227475451
0.6202875942481151,0.8155236895262095
0.5975080498390032,0.38211235775284497
0.8422231555368893,0.8291834163316734
0.6039079218415632,0.6911461770764585
0.3522529549409012,0.3014139717205656
0.7330653386932262,0.2664346713065739
0.125617487650247,0.1134777304453911
0.7971040579188416,0.7118857622847543
0.501489970200596,0.47229055418891625
0.18257634847303056,0.16789664206715865
0.36675266494670106,0.49507009859802803
0.3244535109297814,0.23077538449231016
0.30901381972360553,0.2901741965160697
0.40945181096378075,0.4526509469810604
0.5165896682066359,0.5221495570088598
0.6357072858542829,0.498230035399292
0.7361852762944742,0.7555648887022259
0.3406931861362773,0.3118937621247575
0.2249555008899822,0.4249115017699646
0.21757564848703026,0.5365692686146277
0.9016019679606408,0.7599248015039699
0.6102277954440911,0.4888102237955241
0.3293734125317494,0.33057338853222934
0.5726885462290754,0.6910061798764024
0.4482510349793004,0.45869082618347634
0.6099078018439631,0.5597888042239155
0.16593668126637467,0.1015579688406232
0.34399312013759725,0.3089738205235895
0.2778544429111418,0.3169336613267735
0.09777804443911123,0.1115177696446071
0.5752284954300915,0.2989540209195816
0.4918301633967321,0.5273894522109558
0.7421051578968421,0.6867062658746825
0.2599748005039899,0.1390772184556309
0.4522309553808924,0.41677166456670867
0.624647507049859,0.6099878002439951
0.6649267014659707,0.9837203255934882
0.28505429891402173,0.3128537429251415
0.4051318973620528,0.4491710165796684
0.029359412811743767,0.0125197496050079
0.47349053018939624,0.5810283794324114
0.9727405451890963,0.9480410391792164
0.24349513009739807,0.251194976100478
0.6806663866722665,0.7198256034879302
0.9684206315873682,0.9559408811823764
0.9909201815963681,0.9915601687966241
0.7341253174936502,0.7039259214815704
0.9812603747925042,0.9814803703925922
0.45695086098278037,0.4896502069958601
0.08355832883342333,0.07937841243175137
0.2035159296814064,0.27179456410871783
0.9591608167836644,0.9837003259934801
0.04757904841903162,0.40769184616307674
0.4785704285914282,0.49497010059798807
0.5193496130077399,0.30843383132337354
0.14739705205895884,0.21573568528629428
0.7732645347093059,0.5910081798364033
0.1905961880762385,0.09055818883622328
0.5460290794184116,0.5200295994080119
0.5447891042179157,0.6521069578608428
0.5161896762064759,0.5177696446071078
0.75592488150237,0.8358632827343453
0.21193576128477432,0.1654366912661747
0.10961780764384713,0.09445811083778324
0.5555688886222275,0.5882682346353073
0.26537469250614987,0.3452730945381092
0.7683846323073539,0.6386672266554669
0.8651826963460731,0.8608227835443292
0.48241035179296415,0.40733185336293276
0.6039279214415711,0.6117877642447151
0.044299114017719646,0.05631887362252755
0.7742645147097058,0.8430431391372173
0.2258954820903582,0.22147557048859023
0.000379992400151997,0.5398292034159317
0.75172496550069,0.7771244575108498
0.06033879322413552,0.06933861322773545
0.4897902041959161,0.39595208095838086
0.46011079778404435,0.5746085078298434
0.8248035039299214,0.8309033819323614
0.43209135817283656,0.5253494930101398
0.9545609087818244,0.9220815583688327
0.8619427611447771,0.8078438431231376
0.759084818303634,0.7175656486870263
0.2234355312893742,0.22055558888822224
0.4277714445711086,0.27001459970800584
0.25337493250134996,0.3649327013459731
0.45697086058278835,0.5832683346333074
0.876782464350713,0.874502509949801
0.28245435091298177,0.499710005799884
0.2128357432851343,0.39705205895882084
0.7246255074898502,0.9120617587648248
0.6380272394552109,0.5837683246335074
0.6089478210435791,0.5724285514289714
0.9783604327913442,0.9801603967920642
0.39385212295754085,0.6711665766684667
0.2851342973140537,0.37075258494830104
0.4305913881722366,0.25535489290214197
0.09589808203835924,0.03535929281414372
0.9875402491950162,0.9878802423951522
0.377132457350853,0.42125157496850063
0.9323413531729365,0.9333013339733206
0.12911741765164697,0.18325633487330253
0.01723965520689586,0.018379632407351854
0.7807843843123138,0.8402831943361133
0.36171276574468514,0.1609767804643907
0.5396092078158437,0.9371212575748485
0.4680306393872123,0.623287534249315
0.4385712285754285,0.5674086518269634
0.6519869602607948,0.6783264334713306
0.503669926601468,0.6755464890702186
0.22885542289154218,0.19101617967640647
0.7817043659126818,0.8924821503569929
0.5380892382152357,0.45867082658346836
0.006159876802463951,0.00497990040199196
0.034499310013799724,0.039439211215775684
0.8556628867422652,0.8237035259294815
0.35769284614307717,0.38123237535249294
0.7348053038939222,0.6448871022579549
0.9911001779964401,0.9817203655926882
0.8033639327213457,0.8370832583348333
0.747065058698826,0.7380052398952022
0.12401751964960701,0.11723765524689507
0.7989640207195856,0.7643847123057539
0.31163376732465353,0.39425211495770085
0.2632147357052859,0.23199536009279814
0.4159316813663727,0.2727745445091098
0.6749465010699787,0.6178476430471391
0.9479410411791764,0.9514409711805765
0.11077778444431112,0.09673806523869523
0.03931921361572769,0.025279494410111798
0.18235635287294255,0.1892562148757025
0.09419811603767925,0.17757644847103057
0.7562448751024979,0.7651846963060739
0.4449911001779965,0.50644987100258
0.49671006579868404,0.506109877802444
0.126617467650647,0.12263754724905503
0.8056438871222575,0.6614267714645707
0.7214855702885943,0.756984860302794
0.45733085338293233,0.40739185216295676
0.625287494250115,0.7405051898962021
0.3123537529249415,0.29561408771824566
0.635807283854323,0.24745505089898204
0.9042819143617128,0.8704825903481931
0.7688446231075379,0.6711465770684587
0.624307513849723,0.5174696506069879
0.2853542929141417,0.1122777544449111
0.9605807883842323,0.9623207535849283
0.5184696306073878,0.5503489930201396
0.6430071398572029,0.7052458950820983
0.13249735005299895,0.13071738565228697
0.3362332753344933,0.3638527229455411
0.7051858962820744,0.625787484250315
0.08517829643407132,0.0883182336353273
0.9426611467770645,0.9451010979780404
0.2644747105057899,0.23611527769444612
0.28057438851222977,0.26897462050758986
0.1650966980660387,0.20717585648287035
0.2939941201175977,0.6928061438771225
0.5488890222195556,0.7291454170916581
0.7728245435091299,0.7247055058898823
0.11219775604487911,0.13001739965200695
0.628987420251595,0.5746485070298594
0.7737045259094818,0.7657046859062819
0.2131357372852543,0.26943461130777385
0.9419811603767925,0.9448211035779285
0.4775904481910362,0.41913161736765264
0.2021959560808784,0.24841503169936602
0.7398652026959461,0.620367592648147
0.3510129797404052,0.9916401671966562
0.6865462690746186,0.9446411071778564
0.6915061698766025,0.744305113897722
0.5273294534109318,0.3527729445411092
0.8171436571268574,0.7757044859102818
0.50714985700286,0.5166496670066599
0.8443431131377372,0.8258834823303535
0.35457290854182916,0.24359512809743805
0.19563608727825443,0.1623767524649507
0.0250794984100318,0.030459390812183757
0.9158016839663207,0.880682386352273
0.9151616967660647,0.9201015979680407
0.8560828783424331,0.881982360352793
0.29409411811763764,0.5390092198156037
0.043519129617407656,0.633047339053219
0.5853482930341394,0.5771884562308754
0.4764504709905802,0.6425071498570029
0.626627467450651,0.6022679546409072
0.6095878082438352,0.5510289794204116
0.38213235735285295,0.3966120677586448
0.6657066858662827,0.5947681046379073
0.34355312893742124,0.5738085238295234
0.3425931481370373,0.5148897022059559
0.004599908001839964,0.008539829203415932
0.618527629447411,0.748565028699426
0.6084078318433631,0.625487490250195
0.4883702325953481,0.5737485250294995
0.5180296394072119,0.7083258334833303
0.6515069698606029,0.7092258154836903
0.21777564448711026,0.253234935301294
0.44085118297634046,0.761784764304714
0.4190316193676127,0.3319533609327814
0.6502069958600828,0.6979660406791864
0.35851282974340515,0.38647227055458894
0.5423491530169396,0.4007719845603088
0.054178916421671566,0.047519049619007624
0.6070878582428352,0.6693466130677387
0.8605227895442091,0.8454830903381932
0.07239855202895942,0.05705885882282354
0.8597428051438971,0.7581848363032739
0.630547389052219,0.6949461010779785
0.4688906221875563,0.5859082818343634
0.15337693246135078,0.14917701645967082
0.8646027079458412,0.5077698446031079
0.30847383052338956,0.5406091878162437
0.3638927221455571,0.33295334093318135
0.8393432131357373,0.8171436571268574
0.4864902701945961,0.745445091098178
0.5613687726245475,0.4785704285914282
0.39465210695786085,0.47985040299194015
0.48057038859222817,0.6471070578588428
0.8626627467450652,0.8972420551588969
0.9516009679806404,0.9513009739805204
0.20415591688166237,0.20533589328213436
0.6848063038739225,0.6971860562788744
0.6434471310573788,0.6519069618607628
0.25247495050099,0.22041559168816624
0.7999440011199777,0.8635827283454331
0.7127057458850823,0.7151056978860423
0.637047259054819,0.9348013039739206
0.5338893222135558,0.5176696466070678
0.3165936681266375,0.2754744905101898
0.2113157736845263,0.10235795284094318
0.4788504229915402,0.42207155856882866
0.8335433291334173,0.8102437951240975
0.7146857062858744,0.7709045819083619
0.5085698286034279,0.5258294834103319
0.19727605447891042,0.26263474730505393
0.05201895962080758,0.11011779764404712
0.4544109117817644,0.6421071578568429
0.17275654486910264,0.23977520449591008
0.9398612027759445,0.884162316753665
0.371352572948541,0.27937441251174977
0.8967020659586808,0.9017019659606809
0.7365852682946341,0.7777644447111058
0.255334893302134,0.28417431651366976
0.9003819923601528,0.4700305993880123
0.48171036579268417,0.4759104817903642
0.33523329533409335,0.5519289614207716
0.3153136937261255,0.4058318833623328
0.20323593528129438,0.6091878162436751
0.47841043179136417,0.8497830043399133
0.6740065198696026,0.6483870322593548
0.7661646767064659,0.8077238455230895
0.5769884602307954,0.39367212655746886
0.8124637507249856,0.7667246655066899
0.12935741285174296,0.1366772664546709
0.9340413191736165,0.9569808603827924
0.36021279574408516,0.45549089018219635
0.6617067658646827,0.6767664646707066
0.3010339793204136,0.251034979300414
0.14823703525929482,0.15441691166176677
0.8265234695306094,0.8004039919201617
0.21095578088438233,0.24029519409611808
0.19465610687786244,0.14367712645747086
0.6049679006419871,0.4793104137917242
0.29647407051858965,0.28115437691246176
0.4663706725865483,0.3643727125457491
0.5394292114157717,0.6047679046419072
0.8946421071578569,0.8497230055398892
0.5832683346333074,0.4755304893902122
0.2960540789184216,0.13433731325373494
0.1883362332753345,0.23375532489350215
0.6355072898542029,0.6015079698406032
0.7910641787164256,0.8443031139377213
0.7769444611107779,0.7710245795084099
0.4771104577908442,0.44561108777824443
0.12713745725085498,0.11579768404631907
0.40533189336213277,0.45781084378312437
0.626567468650627,0.6446871062578748
0.34635307293854123,0.3487130257394852
0.7908841823163537,0.7963640727185457
0.4509909801803964,0.5763284734305314
0.3341333173336533,0.38139237215255695
0.26263474730505393,0.21307573848523031
0.621627567448651,0.5483690326193477
0.7170656586868263,0.7348253034939302
0.3869722605547889,0.44557108857822847
0.28231435371292574,0.29427411451770963
0.3652926941461171,0.0869182616347673
0.628947421051579,0.2392152156956861
0.5687886242275154,0.5435091298174036
0.6522269554608908,0.6706065878682427
0.16797664046719066,0.125517489650207
0.29483410331793364,0.19955600887982242
0.6951860962780745,0.7854242915141697
0.15855682886342273,0.20973580528389432
0.2752544949101018,0.31151376972460554
0.19259614807703845,0.1761364772704546
0.5313893722125558,0.623307533849323
0.997220055598888,0.996460070798584
0.6155076898462031,0.5584888302233956
0.15527689446211076,0.13251734965300693
0.4450510989780205,0.3883522329553409
0.48887022259554813,0.4157716845663087
0.9239815203695927,0.9278814423711526
0.10485790284194317,0.10591788164236715
0.027239455210895783,0.045799084018319634
0.3460130797384052,0.25285494290114197
0.9953400931981361,0.9957800843983121
0.2016759664806704,0.06597868042639148
0.30625387492250156,0.2931941361172777
0.9524609507809844,0.12075758484830304
0.1897962040759185,0.05505889882202356
0.9926001479970401,0.39383212335753287
0.16575668486630268,0.15933681326373472
0.5414691706165877,0.5406491870162597
0.7367452650946982,0.7029259414811704
0.3283734325313494,0.3416731665366693
0.6891662166756665,0.5942681146377072
0.4751904961900762,0.44649107017859646
0.5471890562188756,0.6104277914441711
0.5646887062258755,0.32993340133197335
0.03917921641567169,0.01645967080658387
0.9007219855602888,0.8913221735565289
0.20687586248275036,0.09987800243995121
0.36623267534649306,0.21605567888642227
0.9433811323773524,0.9319213615727686
0.32005359892802143,0.32193356132877343
0.010139797204055919,0.036039279214415715
0.8349833003339934,0.8388232235355293
0.5909281814363713,0.6484670306593868
0.27101457970840587,0.2750544989100218
0.9386012279754405,0.9549609007819844
0.9386812263754726,0.9322213555728885
0.07923841523169536,0.23247535049299015
0.3643327133457331,0.3393332133357333
0.1641967160656787,0.21587568248635028
0.09905801883962322,0.14171716565668688
0.9452810943781125,0.9510609787804244
0.2273354532909342,0.05775884482310354
0.6051078978420432,0.765464690706186
0.9863402731945361,0.9868402631947362
0.3494330113397732,0.3648927021459571
0.5992880142397152,0.47217055658886825
0.5156096878062439,0.48133037339253215
0.07305853882922342,0.08033839323213536
0.879982400351993,0.8908621827563449
0.0376992460150797,0.030799384012319755
0.9783004339913202,0.9645807083858323
0.8340633187336254,0.751984960300794
0.505669886602268,0.11767764644707106
0.8854422911541769,0.8626227475450491
0.2138957220855583,0.376612467750645
0.24433511329773405,0.249995000099998
0.8236635267294654,0.8196236075278495
0.4274314513709726,0.3986720265594688
0.9636807263854723,0.9822603547929042
0.8957420851582969,0.7865442691146177
0.8205235895282095,0.8611827763444732
0.5370692586148277,0.4785304293914122
0.3278534429311414,0.507829843403132
0.01137977240455191,0.011199776004479911
0.037059258814823706,0.028319433611327775
0.497770044599108,0.5274694506109878
0.5248895022099558,0.3249135017299654
0.5655486890262195,0.5530089398212036
0.01019979600407992,0.011519769604607908
0.12157756844863103,0.1377572448551029
0.9066418671626568,0.873842523149537
0.50244995100098,0.5635087298254036
0.7253854922901543,0.6453270934581309
0.24505509889802204,0.06797864042719146
0.20867582648347033,0.2251154976900462
0.6053078938421231,0.5844883102337953
0.5171696566068679,0.40859182816343675
0.755704885902282,0.8256034879302414
0.9930001399972,0.993240135197296
0.38237235255294894,0.5475290494190116
0.5440691186176276,0.5208895822083559
0.6925861482770345,0.6155676886462271
0.8162236755264894,0.8137637247255055
0.20613587728245436,0.029499410011799766
0.8494230115397692,0.8395232095358093
0.7785444291114177,0.7833843323133538
0.42999140017199655,0.32127357452850946
0.8279234415311694,0.881262374752505
0.3009739805203896,0.3382332353352933
0.5187696246075079,0.4524309513809724
0.6953860922781545,0.6615467690646187
0.3182936341273175,0.36623267534649306
0.2268154636907262,0.15241695166096678
0.5955880882382353,0.5966480670386592
0.1475370492590148,0.1755164896702066
0.508289834203316,0.7100257994840103
0.741785164296714,0.7700045999080019
0.6839663206735865,0.5838483230335394
0.18511629767404653,0.19535609287814246
0.37045259094818106,0.42437151256974864
0.2373552528949421,0.30825383492330155
0.16499670006599867,0.22245555088898222
0.501889962200756,0.5181696366072679
0.9777804443911122,0.9721205575888483
0.9618207635847283,0.9681606367872643
0.5430891382172357,0.43049139017219656
0.2731345373092538,0.41041179176416476
0.31871362572748546,0.19703605927881443
0.6897262054758905,0.634867302653947
0.5649287014259715,0.6940661186776265
0.07237855242895143,0.057298854022919544
0.7739845203095939,0.7444451110977781
0.5353492930141397,0.7441251174976501
0.14983700325993482,0.17951640967180657
0.30753384932301353,0.615307693846123
0.747465050698986,0.753644927101458
0.027039459210815783,0.03511929761404772
0.996420071598568,0.99620007599848
0.2763344733105338,0.6458070838583229
0.32301353972920543,0.34589308213835723
0.8880622387552249,0.8075638487230256
0.8439631207375853,0.747285054298914
0.5903681926361473,0.6519669606607869
0.8538829223415532,0.8687426251474971
0.9711605767884642,0.9770004599908002
0.8935621287574249,0.8941621167576649
0.3660926781464371,0.3934121317573649
0.09987800243995121,0.5092498150036999
0.41859162816743667,0.372612547749045
0.8543429131417372,0.874162516749665
0.8390632187356253,0.9022619547609048
0.9296214075718486,0.9398812023759525
0.6777064458710826,0.6632867342653147
0.9945801083978321,0.9945201095978081
0.8006239875202497,0.7615447691046179
0.376952460950781,0.41993160136797264
0.19101617967640647,0.15717685646287075
0.37239255214895706,0.45919081618367635
0.8173636527269454,0.7748445031099378
0.5569888602227956,0.7584248315033699
0.06345873082538349,0.07179856402871942
0.4269914601707966,0.6186676266474671
0.19775604487910242,0.17995640087198256
0.9896802063958721,0.9880402391952161
0.11415771684566309,0.08329833403331934
0.9980800383992321,0.9981000379992401
0.9237215255694886,0.9340613187736245
0.34565308693826124,0.3526329473410532
0.5256294874102518,0.5572888542229155
0.8410831783364333,0.9169216615667687
0.35405291894162116,0.3365732685346293
0.9977400451990961,0.9982000359992801
0.7631047379052419,0.6724865502689946
0.7848243035139297,0.6326273474530509
0.6445871082578348,0.7789444211115778
0.9703605927881442,0.8966420671586569
0.024479510409791804,0.0751384972300554
0.5584888302233956,0.5863282734345313
0.0032999340013199737,0.002259954800903982
0.6705665886682266,0.5789884202315954
0.46097078058438834,0.8325433491330174
0.9522609547809044,0.9679606407871842
0.35475290494190115,0.5480890382192356
0.1869962600747985,0.18605627887442253
0.9092618147637047,0.9036419271614567
0.0499190016199676,0.47179056418871623
0.4547709045819084,0.4267514649707006
0.6907061858762825,0.5853882922341553
0.9617607647847043,0.9635007299854004
0.21029579408411833,0.6523669526609468
0.25039499210015803,0.248595028099438
0.6484470310593788,0.6106477870442591
0.9032819343613128,0.6046879062418752
0.8848023039539209,0.8016239675206496
0.4895902081958361,0.5543489130217396
0.8716225675486491,0.8588228235435291
0.9732005359892802,0.9864202715945681
0.6672866542669147,0.6103277934441311
0.1507569848603028,0.13183736325273496
0.5064098718025639,0.5115097698046039
0.6808263834723306,0.5745485090298195
0.8092238155236896,0.7947241055178896
0.6834463310733786,0.6972860542789144
0.7914041719165616,0.7920841583168337
0.1514769704605908,0.18659626807463853
0.9517809643807125,0.9389812203755925
0.022799544009119817,0.027059458810823785
0.007199856002879943,0.007159856802863943
0.9086218275634488,0.9121217575648487
0.13229735405291895,0.35697286054278915
0.9686006279874403,0.9593008139837204
0.7164256714865703,0.7074858502829944
0.0006599868002639947,0.0005799884002319954
0.2955940881182376,0.3509929801403972
0.4394512109757805,0.40847183056338876
0.25481490370192594,0.2749145017099658
0.23143537129257416,0.11647767044659108
0.9726205475890483,0.9750404991900162
0.7614047719045619,0.6939661206775865
0.13389732205355892,0.1630967380652387
0.9815203695926081,0.9833403331933361
0.255054898902022,0.2008359832803344
0.762144757104858,0.7079258414831704
0.9604207915841684,0.9781004379912402
0.7895242095158097,0.9609807803843924
0.9532609347813044,0.9482410351792965
0.38275234495310095,0.3265734685306294
0.7923441531169377,0.8268434631307374
0.758964820703586,0.6758664826703467
0.9313213735725285,0.9238015239695206
0.13059738805223897,0.11501769964600708
0.014199716005679886,0.15601687966240677
0.998060038799224,0.99770004599908
0.44349113017739644,0.31747365052698945
0.43383132337353253,0.4893902121957561
0.38231235375292494,0.3882522349553009
0.40791184176316475,0.3963320733585328
0.9111217775644488,0.9109417811643767
0.7721245575088499,0.6875262494750105
0.7273654526909462,0.7737845243095138
0.9765204695906082,0.9779404411911762
0.6385672286554269,0.6124877502449951
0.8033239335213296,0.7962040759184816
0.9384212315753685,0.9209615807683846
0.9766004679906403,0.9809603807923842
0.8502229955400892,0.8437231255374893
0.41665166696666067,0.3925121497570049
0.10827783444331114,0.11125777484450311
0.30905381892362155,0.6449671006579869
0.42107157856842864,0.3637327253454931
0.6035079298414032,0.622847543049139
0.2010159796804064,0.2269754604907902
0.08203835923281534,0.0875382492350153
0.5651086978260434,0.6526069478610428
0.2758544829103418,0.2607747845043099
0.21747565048699027,0.24871502569948603
0.2879942401151977,0.20819583608327835
0.6142477150456991,0.6152476950460991
0.6218675626487471,0.7230855382892343
0.876982460350793,0.8974020519589608
0.5183696326073479,0.5412091758164836
0.17117657646847065,0.1864162716745665
0.8869822603547929,0.9600807983840324
0.6534069318613628,0.7264054718905623
0.5494490110197796,0.5731885362292755
0.1746965060698786,0.19709605807883843
0.9732205355892882,0.9610807783844324
0.8355232895342093,0.8167836643267135
0.5701885962280755,0.625927481450371
0.751144977100458,0.6173476530469391
0.5864282714345713,0.49935001299974
0.9876202475950482,0.9944601107977841
0.8221835563288734,0.7763244735105298
0.5695086098278035,0.49699006019879605
0.031919361612767747,0.029559408811823763
0.04061918761624768,0.04161916761664767
0.7896842063158737,0.7983440331193377
0.2140357192856143,0.20553588928221436
0.36903261934761306,0.48325033499330017
0.8742425151496971,0.871902561948761
0.04393912121757565,0.19797604047919043
0.15743685126297474,0.18187636247275055
0.022999540009199817,0.23429531409371812
0.7482250354992901,0.5827683446331073
0.12029759404811904,0.07643847123057539
0.7153856922861543,0.7002659946801064
0.5485290294194116,0.6158276834463311
0.877582448351033,0.6942861142777145
0.44455110897782046,0.3874122517549649
0.11797764044719106,0.2255354892902142
0.9188616227675447,0.9079618407631848
0.4568308633827324,0.3955320893582128
0.034919301613967724,0.036959260814783707
0.29711405771884564,0.34565308693826124
0.6027479450410992,0.48669026619467615
0.5265894682106358,0.19069618607627847
0.04133917321653567,0.05591888162236756
0.10339793204135918,0.09241815163696726
0.7011859762804744,0.6168076638467231
0.48391032179356414,0.504889902201956
0.49611007779844407,0.30665386692266156
0.4132917341653167,0.35417291654166916
0.4153916921661567,0.4799904001919962
0.9200815983680327,0.9544609107817844
0.43313133737325255,0.506789864202716
0.9021019579608408,0.9002819943601128
0.877922441551169,0.8926421471570569
0.9237415251694966,0.9294214115717686
0.9697206055878883,0.9667206655866883
0.4902101957960841,0.4419111617767645
0.9575608487830244,0.9546009079818404
0.45515089698206035,0.5356492870142597
0.7746045079098418,0.5969080618387632
0.8296034079318414,0.8130037399252015
0.8276634467310654,0.7138457230855383
0.17327653446931063,0.09135817283654327
0.45701085978280437,0.6126477470450591
0.5508689826203476,0.5396092078158437
0.39499210015799685,0.46835063298734025
0.7990440191196176,0.7227055458890822
0.9465010699786005,0.9425211495770085
0.8007439851202977,0.887342253154937
0.8918621627567449,0.8747225055498891
0.39613207735845285,0.5926681466370672
0.7206055878882422,0.6031079378412432
0.623887522249555,0.6590668186636267
0.49493010139797206,0.46257074858502834
0.9086018279634408,0.9092418151636967
0.2680346393072139,0.28091438171236577
0.9080818383632328,0.9224415511689766
0.503609927801444,0.4660306793864123
0.7154056918861623,0.6434671306573869
0.4623107537849243,0.2994940101197976
0.7656246875062499,0.75202495950081
0.5111897762044759,0.501809963800724
0.19429611407771846,0.19759604807903844
0.13287734245315094,0.2631947361052779
0.5585288294234115,0.5620287594248116
0.880022399552009,0.8415231695366093
0.5849483010339793,0.6467670646587068
0.9487210255794885,0.9421611567768645
0.1517969640607188,0.11143777124457512
0.2912941741165177,0.24561508769824605
0.7826243475130498,0.8952620947581049
0.7411851762964741,0.35559288814223716
0.8353232935341294,0.8535229295414092
0.08729825403491931,0.07633847323053539
0.3682126357472851,0.35371292574148516
0.44597108057838847,0.40797184056318875
0.5196096078078438,0.8336633267334653
0.05441891162176757,0.05585888282234355
0.2979340413191736,0.20387592248155037
0.4540109197816044,0.3282534349313014
0.6584668306633867,0.22081558368832624
0.5801283974320514,0.4058918821623568
0.5234695306093878,0.6509869802603948
0.8197436051278975,0.6659066818663627
0.24083518329633408,0.21547569048619028
0.7084058318833624,0.7156456870862583
0.8973220535589288,0.9066418671626568
0.8501029979400412,0.8015839683206336
0.4616307673846523,0.49465010699786005
0.46611067778644427,0.5954480910381793
0.3209135817283654,0.3970720585588288
0.2766744665106698,0.3585928281434371
0.8295634087318254,0.7989040219195617
0.07723845523089538,0.22513549729005422
0.7003459930801385,0.9461210775784484
0.07391852162956741,0.09387812243755125
0.12711745765084698,0.10583788324233516
0.006779864402711946,0.006999860002799944
0.45657086858262835,0.4177116457670847
0.29561408771824566,0.31225375492490154
0.8986020279594409,0.6388072238555229
0.19801603967920642,0.374992500149997
0.40071198576028483,0.3978120437591248
0.6107277854442912,0.5341293174136518
0.24293514129717406,0.3676926461470771
0.8984820303593929,0.8954620907581848
0.27103457930841385,0.3249935001299974
0.999860002799944,0.999860002799944
0.1776364472710546,0.26543469130617386
0.4478510429791404,0.34867302653946924
0.7820643587128258,0.7202455950880983
0.502469950600988,0.4542109157816844
0.7980640387192256,0.8579628407431852
0.869062618747625,0.8557628847423052
0.9823803523929522,0.9868802623947521
0.7669646607067859,0.9641407171856563
0.44501109977800446,0.39243215135697285
0.27355452890942183,0.2629347413051739
0.9969600607987841,0.9969400611987761
0.3557928841423172,0.4939901201975961
0.39253214935701286,0.45801083978320434
0.9109217815643688,0.9243815123697526
0.6213275734485311,0.6716065678686427
0.9328213435731286,0.9292214155716886
0.24279514409711805,0.25313493730125397
0.29299414011719765,0.25327493450131
0.49185016299674006,0.29435411291774166
0.628967420651587,0.8121437571248575
0.08131837363252735,0.08629827403451931
0.42821143577128457,0.3224535509289814
0.8955220895582089,0.8414231715365693
0.7754844903101938,0.8082038359232816
0.5341493170136598,0.5490090198196036
0.051858962820743586,0.05449891002179957
0.5944481110377793,0.5270894582108357
0.9168016639667207,0.881062378752425
0.7649647007059859,0.7299254014919702
0.2626747465050699,0.125757484850303
0.5157096858062838,0.6806463870722586
0.08429831403371933,0.14063718725625488
0.16775664486710265,0.28317433651326973
0.44193116137677246,0.4878502429951401
0.2142357152856943,0.8181436371272575
0.2245755084898302,0.02903941921161577
0.15943681126377474,0.17811643767124657
0.8584628307433851,0.8458630827383453
0.15499690006199876,0.19847603047939041
0.47171056578868426,0.41049179016419673
0.24469510609787806,0.25761484770304593
0.39351212975740485,0.3400531989360213
0.9746205075898482,0.9649607007859843
0.38635227295454094,0.374912501749965
0.31827363452730945,0.38213235735285295
0.09613807723845523,0.14591708165836684
0.06043879122417552,0.14935701285974282
0.9123617527649447,0.8697826043479131
0.370372592548149,0.38111237775244494
0.6435471290574188,0.6514669706605868
0.9894802103957921,0.9869802603947921
0.508989820203596,0.41151176976460474
0.8292834143317134,0.8617627647447051
0.9509209815803684,0.9729805403891922
0.1872162556748865,0.24619507609847804
0.3933121337573249,0.44387112257754846
0.9741005179896403,0.9687406251874963
0.6440871182576349,0.6533869322613548
0.7667846643067139,0.7331253374932502
0.5278694426111478,0.33051338973220534
0.19769604607907842,0.2005559888802224
0.9601407971840563,0.9682206355872883
0.7680246395072099,0.8486430271394573
0.22113557728845423,0.21487570248595028
0.4644907101857963,0.7975840483190336
0.9731805363892723,0.9712205755884883
0.36297274054518913,0.4661306773864523
0.004559908801823964,0.0055598888022239555
0.2624947501049979,0.2707145857082858
0.10289794204115918,0.07351852962940741
0.09487810243795125,0.1123177536449271
0.08855822883542329,0.08471830563388733
0.6333073338533229,0.5654086918261635
0.27331453370932585,0.34417311653766924
0.033499330013399733,0.008959820803583929
0.7236055278894422,0.501229975400492
0.5351692966140678,0.5084698306033879
0.8885822283554329,0.9226615467690646
0.5311493770124598,0.4654706905861883
0.869722605547889,0.8390632187356253
0.21527569448611028,0.15823683526329474
0.9148617027659447,0.9345413091738165
0.4862702745945081,0.4937101257974841
0.6585468290634188,0.511269774604508
0.14289714205715887,0.43137137257254854
0.14619707605847884,0.1631967360652787
0.44245115097698046,0.49579008419831605
0.9725405491890162,0.9781404371912562
0.09105817883642328,0.08115837683246335
0.38399232015359697,0.3656126877462451
0.35393292134157317,0.33297334053318933
0.9172016559668807,0.9035419291614168
0.04063918721625567,0.16053678926421472
0.877282454350913,0.756864862702746
0.8281034379312414,0.867802643947121
0.8248635027299455,0.7914841703165937
0.628447431051379,0.6431871362572749
0.0251994960100798,0.07817843643127138
0.005659886802263955,0.006079878402431952
0.9227615447691047,0.9119617607647847
0.11913761724765505,0.12265754684906302
0.5997880042399152,0.4678706425871483
0.4675906481870363,0.34255314893702127
0.1005979880402392,0.06991860162796744
0.3906921861562769,0.4168716625667487
0.41151176976460474,0.32809343813123737
0.374612507749845,0.3390132197356053
0.6010879782404353,0.4145917081658367
0.633827323453531,0.4734505309893802
0.26985460290794183,0.26423471530569387
0.251694966100678,0.2017359652806944
0.1010179796404072,0.05601887962240756
0.631287374252515,0.5419691606167877
0.879502409951801,0.8508629827403452
0.8357632847343054,0.8105237895242096
0.9280614387712246,0.9413011739765205
0.4061118777624448,0.4003319933601328
0.19477610447791044,0.1876162476750465
0.4922101557968841,0.4972500549989
0.14131717365652688,0.1138177236455271
0.05683886322273555,0.04003919921601568
0.0630787384252315,0.07363852722945541
0.7042659146817064,0.8123437531249376
0.7678446431071378,0.6795264094718105
0.7162256754864903,0.627007459850803
0.7247255054898902,0.7305253894922101
0.5853682926341474,0.5736485270294595
0.09877802443951121,0.12907741845163098
0.20769584608307834,0.12725745485090298
0.5456690866182676,0.5908281834363313
0.631647367052659,0.6180076398472031
0.7246855062898743,0.7410051798964021
0.6554068918621628,0.5940081198376033
0.39933201335973284,0.3614127717445651
0.9689406211875763,0.9786404271914562
0.25661486770264597,0.20501589968200637
0.32963340733185337,0.2811343773124538
0.3512329753404932,0.28407431851362974
0.632567348653027,0.4611707765844683
0.4503109937801244,0.9431211375772485
0.7164656706865863,0.5783884322313554
0.755844883102338,0.4693506129877403
0.9137217255654887,0.9107217855642887
0.7262854742905143,0.7181456370872583
0.882622347553049,0.883122337553249
0.8886422271554569,0.869282614347713
0.17961640767184656,0.16985660286794266
0.21003579928401434,0.3029739405211896
0.6659066818663627,0.6905461890762185
0.16069678606427873,0.125677486450271
0.35679286414271716,0.4510309793804124
0.875642487150257,0.30895382092358153
0.06765864682706346,0.09679806403871923
0.4074318513629728,0.39697206055878886
0.3918921621567569,0.39385212295754085
0.4008319833603328,0.5790884182316354
0.9399412011759765,0.9695606087878242
0.6201875962480751,0.7014459710805784
0.6747465050698986,0.5760884782304354
0.23399532009359814,0.3880322393552129
0.5914881702365953,0.7897242055158897
0.7495050098998021,0.7825243495130098
0.9010219795604089,0.9097018059638807
0.1996560068798624,0.18479630407391853
0.1381372372552549,0.10281794364112717
0.5877282454350913,0.6570268594628108
0.7679246415071699,0.7963040739185216
0.44521109577808443,0.48203035939281214
0.34033319333613327,0.3160136797264055
0.07623847523049539,0.08961820763584728
0.5783484330313394,0.5216295674086519
0.501109977800444,0.5565888682226355
0.24935501289974202,0.24175516489670207
0.8594428111437772,0.8254034919301614
0.18931621367572649,0.1397972040559189
0.7833443331133377,0.8365032699346013
0.0879982400351993,0.0996580068398632
0.7339253214935701,0.7284454310913782
0.22525549489010221,0.21969560608787825
0.34365312693746125,0.31317373652526953
0.23559528809423813,0.37093258134837304
0.21595568088638228,0.1133577328453431
0.3206935861282774,0.48265034699306014
0.28767424651506973,0.2951940961180777
0.04889902201955961,0.06655866882662347
0.2877142457150857,0.22165556688866223
0.7039659206815864,0.6803463930721386
0.7726445471090578,0.7842243155136898
0.21925561488770226,0.20713585728285436
0.4891302173956521,0.41323173536529273
0.3205735885282294,0.24577508449831004
0.6703265934681306,0.4916501669966601
0.17891642167156657,0.2717545649087018
0.6975860482790345,0.5288694226115478
0.34251314973700525,0.3705525889482211
0.5215495690086198,0.48219035619287615
0.4140517189656207,0.24397512049759007
0.6423671526569469,0.5822083558328833
0.9671206575868483,0.9689806203875923
0.02277954440911182,0.12989740205195896
0.5670286594268115,0.5662086758264835
0.5835283294334114,0.4785504289914202
0.3141937161256775,0.34669306613867723
0.22047559048819024,0.8616627667446651
0.5994680106397873,0.9011619767604648
0.4096518069638607,0.5849883002339954
0.7145257094858103,0.8157236855262895
0.994820103597928,0.9950000999980001
0.1881562368752625,0.12861742765144699
0.009719805603887922,0.4005119897602048
0.4143117137657247,0.42809143817123657
0.9121017579648407,0.9251414971700567
0.2814143717125658,0.6218675626487471
0.46697066058678827,0.4548909021819564
0.025979480410391793,0.03657926841463171
0.9183216335673287,0.9563208735825284
0.3024939501209976,0.638427231455371
0.8988620227595449,0.9213615727685447
0.9914201715965681,0.9875202495950082
0.16967660646787064,0.1724365512689746
0.1902161956760865,0.1985360292794144
0.6842063158736825,0.7346053078938422
0.9240215195696087,0.9054618907621848
0.028299434011319773,0.029659406811863763
0.15383692326153478,0.6541269174616507
0.8405831883362334,0.8715025699486011
0.7124057518849624,0.6825463490730186
0.7822643547129058,0.7995240095198096
0.8105637887242255,0.7760044799104018
0.8351432971340573,0.7608047839043219
0.39609207815843683,0.42013159736805267
0.08845823083538329,0.08003839923201536
0.6936661266774665,0.7089058218835623
0.6602467950640988,0.7470850582988341
0.32013359732805347,0.3479730405391892
0.7693646127077459,0.9749605007899842
0.8909221815563689,0.5977680446391073
0.05519889602207956,0.04259914801703966
0.48137037259254817,0.5240495190096198
0.5650286994260115,0.48665026699466013
0.9264414711705766,0.34481310373792523
0.8330833383332333,0.8578828423431532
0.7000659986800264,0.6778664426711466
0.02385952280954381,0.02363952720945581
0.2786144277114458,0.7586648267034659
0.5853282934341313,0.7924041519169617
0.2680946381072379,0.16393672126557468
0.6468270634587309,0.6511469770604588
0.3145537089258215,0.15223695526089479
0.998720025599488,0.9894402111957761
0.9702605947881042,0.9729405411891763
0.20389592208155838,0.08077838443231136
0.2709545809083818,0.376772464550709
0.21155576888462232,0.1615967680646387
0.8048439031219375,0.8412831743365133
0.4475710485790284,0.5325693486130277
0.47887042259154816,0.3058338833223336
0.6001279974400512,0.6399472010559789
0.22407551848963023,0.28431431371372573
0.9336813263734726,0.9331413371732565
0.14285714285714285,0.11497770044599108
0.5271094578108438,0.6419471610567788
0.7374252514949702,0.743605127897442
0.05137897242055159,0.06105877882442352
0.18631627367452652,0.16941661166776664
0.1749765004699906,0.29819403611927764
0.4145317093658127,0.4260514789704206
0.756384872302554,0.7211655766884663
0.12185756284874302,0.1629967400651987
0.7877242455150897,0.7675246495070099
0.4513909721805564,0.510129797404052
0.4142317153656927,0.3651726965460691
0.1864762704745905,0.2912541749165017
0.3042939141217176,0.33485330293394133
0.630307393852123,0.6361872762544749
0.49547009059818803,0.50734985300294
0.22401551968960623,0.3404131917361653
0.9199816003679927,0.9305613887722246
0.1752164956700866,0.18389632207355855
0.4400911981760365,0.4424711505769885
0.2726745465090698,0.2846143077138457
0.43689126217475655,0.37977240455190897
0.27011459770804586,0.2929741405171897
0.18923621527569448,0.21493570128597428
0.3038939221215576,0.24721505569888602
0.6747065058698827,0.7767044659106818
0.6792064158716826,0.5809483810323793
0.9847803043939122,0.9914201715965681
0.10215795684086319,0.09827803443931121
0.11119777604447911,0.12645747085058298
0.36113277734445315,0.4230915381692366
0.3149337013259735,0.4137517249655007
0.3992320153596928,0.6445071098578029
0.8955020899582009,0.8995220095598089
0.2006959860802784,0.13579728405431893
0.871802563948721,0.8695426091478171
0.7863642727145458,0.7903241935161297
0.25813483730325393,0.16069678606427873
0.8118037639247215,0.8557828843423132
0.49899002019959604,0.5388092238155238
0.05763884722305554,0.06625867482650347
0.7305853882922342,0.6750864982700346
0.49835003299934005,0.49985000299994004
0.45651086978260436,0.4623507529849403
0.4563708725825484,0.4119317613647727
0.08999820003599929,0.12087758244835103
0.2757744845103098,0.33237335253294936
0.20509589808203837,0.1784164316713666
0.9827203455930882,0.9806203875922482
0.8673626527469451,0.8329233415331694
0.4206915861682767,0.36823263534729306
0.9679606407871842,0.9581208375832484
0.054378912421751566,0.043079138417231655
0.3125537489250215,0.3380732385352293
0.8086838263234736,0.6045079098418031
0.6066678666426671,0.5361092778144437
0.06665866682666347,0.125077498450031
0.49505009899802005,0.4283514329713406
0.24273514529709406,0.3042739145217096
0.6587268254634907,0.8084838303233935
0.7770844583108338,0.28235435291294175
0.4361912761744765,0.40585188296234076
0.9057618847623048,0.9272014559708807
0.8188036239275215,0.7131457370852583
0.8504429911401772,0.8579828403431932
0.49785004299914004,0.46623067538649227
0.30769384612307754,0.39155216895662087
0.5280094398112037,0.5524889502209956
0.9144417111657768,0.9637007259854803
0.03457930841383172,0.08437831243375132
0.009859802803943921,0.010299794004119917
0.9097018059638807,0.8999020019599608
0.5893282134357313,0.24263514729705407
0.1639767204655907,0.14291714165716687
0.625167496650067,0.43175136497270056
0.6824663506729866,0.6648067038659227
0.3403531929361413,0.3239935201295974
0.8579028419431611,0.875822483550329
0.5381292374152518,0.6642667146657067
0.505889882202356,0.5719685606287874
0.5978480430391392,0.5581688366232676
0.3012139757204856,0.27835443291134176
0.3257934841303174,0.3346933061338773
0.25797484050319,0.3628127437451251
0.34319313613727725,0.39893202135957284
0.8438231235375293,0.8406831863362733
0.4755704885902282,0.5420291594168117
0.11111777764444712,0.11727765444691107
0.9424611507769844,0.9354812903741926
0.2373352532949341,0.3010939781204376
0.7900441991160178,0.31819363612727747
0.31021379572408553,0.40357192856142876
0.8298234035319294,0.6764064718705626
0.9198016039679207,0.99790004199916
0.9159816803663927,0.9234015319693606
0.6552668946621067,0.7679846403071939
0.8831823363532729,0.6407871842563149
0.7747445051098978,0.9714405711885763
0.9669006619867603,0.8915021699566009
0.9953600927981441,0.8524629507409852
0.002739945201095978,0.0033399332013359733
0.5340893182136357,0.4913501729965401
0.49561008779824406,0.4855702885942281
0.2755944881102378,0.22905541889162218
0.09675806483870322,0.11695766084678307
0.44475110497790044,0.5118497630047399
0.45901081978360436,0.5380692386152277
0.1758564828703426,0.18411631767364653
0.9881202375952481,0.9901401971960561
0.12093758124837503,0.13291734165316693
0.43021139577208456,0.4150516989660207
0.37915241695166096,0.43277134457310856
0.24729505409891803,0.250214995700086
0.4486510269794604,0.3235535289294214
0.7710645787084258,0.6966860662786745
0.6978660426791464,0.7495050098998021
0.43259134817303657,0.6050078998420032
0.4481310373792524,0.48591028179436413
0.8870622587548249,0.887242255154897
0.4850102997940041,0.748165036699266
0.7838043239135217,0.6541069178616428
0.7809243815123698,0.5793284134317314
0.30865382692346155,0.38179236415271695
0.24477510449791004,0.12033759324813505
0.4151316973660527,0.36051278974420514
0.8607427851442971,0.9362012759744806
0.3420331593368133,0.3478530429391412
0.879442411151777,0.877482450350993
0.9646207075858483,0.9399212015759685
0.29421411571768563,0.3398332033359333
0.8325033499330013,0.7993640127197457
0.9018819623607528,0.8716425671486571
0.2146357072858543,0.20921581568368633
0.5942081158376833,0.28497430051398975
0.5526289474210516,0.5462290754184916
0.47447051058978823,0.5508489830203396
0.8195436091278174,0.8033839323213536
0.8449631007379853,0.872842543149137
0.4297914041719166,0.48245035099298017
0.6200675986480271,0.3128737425251495
0.5173896522069559,0.46743065138697226
0.615187696246075,0.6631667366652667
0.5834683306333873,0.47967040659186816
0.1386572268554629,0.03173936521269575
0.7900641987160257,0.7665646687066259
0.6145677086458271,0.6815263694726106
0.9633007339853203,0.9582808343833124
0.8616827663446731,0.891242175156497
0.31809363812723745,0.3501529969400612
0.9233215335693287,0.9377012459750805
0.4121517569648607,0.3863922721545569
0.08957820843583128,0.10469790604187916
0.06453870922581549,0.06939861202775945
0.762584748305034,0.6844063118737626
0.043699126017479654,0.036839263214735705
0.8732225355492891,0.8860422791544169
0.34525309493810125,0.34209315813683727
0.8300833983320334,0.5575888482230356
0.3263534729305414,0.37995240095198096
0.8611227775444491,0.9502209955800884
0.19705605887882244,0.3126337473250535
0.33519329613407733,0.5682286354272915
0.7232655346893062,0.507629847403052
0.21931561368772626,0.20559588808223836
0.4030719385612288,0.35485290294194116
0.9825803483930322,0.9910801783964321
0.126337473250535,0.1404171916561669
0.7023259534809304,0.7441451170976581
0.2260754784904302,0.31895362092758145
0.7725845483090339,0.7628847423051539
0.08169836603267935,0.15791684166316675
0.6599868002639947,0.6603067938641227
0.3478530429391412,0.24949501009979802
0.6175076498470031,0.5919481610367793
0.2782544349113018,0.29397412051758964
0.34851302973940523,0.5992080158396832
0.16933661326773466,0.17321653566928663
0.5205695886082279,0.6632067358652827
0.5495090098198037,0.6428071438571229
0.8418031639367213,0.6620867582648348
0.18339633207335854,0.8868622627547449
0.28115437691246176,0.2871942561148777
0.0033399332013359733,0.004179916401671967
0.25943481130377394,0.26205475890482194
0.7607247855042899,0.7942641147177056
0.9371012579748406,0.9166616667666647
0.1523169536609268,0.2264354712905742
0.41879162416751664,0.5466490670186597
0.8023839523209536,0.8975220495590088
0.2278354432911342,0.3144137117257655
0.10753784924301514,0.1507969840603188
0.0012999740005199896,0.001739965200695986
0.37309253814923704,0.46143077138457234
0.5496090078198437,0.5878682426351474
0.9573608527829444,0.881502369952601
0.30717385652286955,0.37447251054978903
0.886762264754705,0.9565208695826084
0.31089378212435753,0.30533389332213356
0.9570408591828163,0.9507209855802884
0.8379232415351693,0.8447231055378893
0.7345253094938101,0.6884262314753705
0.5596088078238436,0.6777064458710826
0.09615807683846324,0.08413831723365534
0.5951880962380752,0.636107277854443
0.44227115457690847,0.5664686706265875
0.5657286854262915,0.628947421051579
0.23369532609347815,0.24587508249835005
0.16959660806783866,0.13537729245415092
0.18573628527429453,0.17327653446931063
0.8934221315573689,0.8838823223535529
0.4643307133857323,0.41009179816403674
0.24691506169876604,0.24809503809923802
0.9276814463710726,0.9182016359672807
0.048339033219335616,0.07187856242875143
0.4358512829743405,0.46131077378452434
0.07949841003179936,0.07365852682946342
0.5139897202055959,0.630947381052379
0.17213655726885463,0.2652346953060939
0.8003439931201376,0.6446471070578589
0.41049179016419673,0.49921001579968405
0.4407111857762845,0.4384712305753885
0.9103817923641527,0.9406811863762725
0.9785004299914002,0.9811603767924642
0.18565628687426253,0.19515609687806246
0.45331093378132437,0.626107477850443
0.24497510049799004,0.19929601407971842
0.8969620607587848,0.8981620367592649
0.2762144757104858,0.2652546949061019
0.2127957440851183,0.5693286134277314
0.14459710805783885,0.21067578648427032
0.14139717205655888,0.25389492210155795
0.8529429411411772,0.8482630347393052
0.09707805843883123,0.15983680326393473
0.06883862322753545,0.07847843043139137
0.9429811403771925,0.9517209655806884
0.28305433891322174,0.35565288694226116
0.42073158536829264,0.5308293834123318
0.5643487130257395,0.6184876302473951
0.6099478010439792,0.6092278154436912
0.877662446751065,0.8310833783324334
0.4059518809623808,0.4118917621647567
0.26103477930441393,0.26999460010799786
0.8678626427471451,0.8919821603567929
0.9525209495810084,0.9417411651766965
0.874062518749625,0.9770604587908243
0.5786284274314514,0.6600867982640347
0.6532469350612988,0.5756084878302434
0.5272494550108998,0.49225015499690006
0.053598928021439576,0.06413871722565549
0.06989860202795944,0.09685806283874322
0.07467850642987141,0.4403711925761485
0.16651666966660666,0.2618547629047419
0.09807803843923121,0.09597808043839123
0.4603107937841243,0.6093078138437231
0.8520629587408252,0.7457250854982901
0.11573768524629507,0.13407731845363094
0.41603167936641267,0.3510329793404132
0.7640447191056179,0.6513269734605308
0.747945041099178,0.6568268634627308
0.8663626727465451,0.8021039579208417
0.43199136017279655,0.6063278734425311
0.7834243315133698,0.7205055898882022
0.3664726705465891,0.24943501129977402
0.12931741365172697,0.19273614527709446
0.07749845003099938,0.17445651086978262
0.8358832823343534,0.8497630047399052
0.888742225155497,0.9525809483810325
0.24299514009719805,0.41317173656526873
0.5954280914381712,0.6103477930441391
0.6641067178656427,0.5945281094378113
0.43799124017519653,0.4635907281854363
0.16591668166636667,0.18135637287254255
0.11249775004499911,0.0993380132397352
0.11899762004759905,0.060118797624047524
0.45485090298194036,0.27073458530829386
0.01523969520609588,0.011959760804783904
0.45851082978340435,0.5146297074058519
0.7418051638967221,0.755804883902322
0.7711045779084419,0.7352252954940901
0.3979320413591728,0.4085118297634047
0.6562268754624908,0.6988060238795224
0.20609587808243837,0.2398752024959501
0.8355032899342013,0.8491630167396652
0.43443131137377256,0.4568308633827324
0.6948861022779544,0.7147657046859063
0.23421531569368614,0.15181696366072678
0.048739025219495614,0.03881922361552769
0.880922381552369,0.8931421371572569
0.054778904421911565,0.04555908881822364
0.6138077238455231,0.5509289814203716
0.0880382392352153,0.1856762864742705
0.9318813623727525,0.9310013799724006
0.07367852642947141,0.04213915721685566
0.22163556728865424,0.17739645207095858
0.3608727825443491,0.37943241135177297
0.9049219015619688,0.9235415291694167
0.14363712725745487,0.1498570028599428
0.9495810083798324,0.9379612407751845
0.5908081838363233,0.7228455430891383
0.14401711965760686,0.1399972000559989
0.5084498310033799,0.47219055618887623
0.9009019819603609,0.8564028719425612
0.39883202335953283,0.0739985200295994
0.1366772664546709,0.09517809643807124
0.6584468310633788,0.6521469570608588
0.5589888202235955,0.5306093878122438
0.622087558248835,0.51204975900482
0.3013139737205256,0.3012139757204856
0.9092818143637128,0.3389932201355973
0.9089618207635848,0.9068618627627448
0.15467690646187077,0.252234955300894
0.37121257574848504,0.4912301753964921
0.40659186816263676,0.27171456570868585
0.75392492150157,0.7322253554928901
0.2977740445191096,0.30493390132197357
0.5370092598148037,0.45515089698206035
0.38359232815343697,0.32855342893142137
0.35793284134317316,0.36765264694706107
0.4315513689726206,0.2875942481150377
0.254194916101678,0.3131937361252775
0.008139837203255935,0.008379832403351934
0.03385932281354373,0.02605947881042379
0.8640227195456092,0.8964820703585928
0.6359872802543949,0.6688866222675547
0.30489390212195755,0.37095258094838107
0.24347513049739006,0.1891362172756545
0.7063058738825224,0.6432671346573069
0.24235515289694207,0.19043619127617448
0.7839643207135858,0.7635647287054259
0.5624287514249715,0.5679286414271715
0.9145617087658248,0.8871822563548729
0.6651466970660587,0.1011979760404792
0.9392012159756805,0.7345853082938342
0.6766664666706667,0.5825083498330034
0.34147317053658927,0.4643507129857403
0.376272474550509,0.43581128377432454
0.37899242015159695,0.4124717505649887
0.017939641207175856,0.019499610007799845
0.20971580568388634,0.1888362232755345
0.4829503409931801,0.35655286894262117
0.5928881422371552,0.7333253334933302
0.7442051158976821,0.7855242895142097
0.5317893642127157,0.45577088458230836
0.5640287194256115,0.6031679366412672
0.630247395052099,0.5434091318173637
0.5529289414211715,0.48551028979420413
0.06909861802763945,0.036239275214495714
0.48017039659206817,0.376032479350413
0.5924481510369792,0.6006679866402672
0.876222475550489,0.8488830223395533
0.46217075658486834,0.21261574768504632
0.4047319053618928,0.37051258974820506
0.7345853082938342,0.7243655126897462
0.5720885582288354,0.6217875642487151
0.9556408871822564,0.9391212175756485
0.8666226675466491,0.8734625307493851
0.7148257034859303,0.5494090118197636
0.34323313533729327,0.5380092398152038
0.6934261314773704,0.7131857362852744
0.3271134577308454,0.31089378212435753
0.17379652406951862,0.08935821283574329
0.10255794884102318,0.08713825723485531
0.1607167856642867,0.24293514129717406
0.5271494570108598,0.504189916201676
0.3089738205235895,0.5302293954120918
0.07005859882802344,0.07025859482810344
0.8501629967400652,0.2925141497170057
0.03575928481430372,0.03027939441211176
0.9967200655986881,0.9973000539989201
0.030839383212335755,0.0753784924301514
0.6635467290654187,0.6845863082738346
0.7136457270854584,0.747045059098818
0.08339833203335933,0.16951660966780666
0.5306893862122758,0.5847883042339154
0.23297534049319013,0.22849543009139817
0.018419631607367853,0.02165956680866383
0.6362672746545069,0.7266854662906742
0.6573868522629548,0.5971080578388432
0.6586468270634588,0.633587328253435
0.29423411531769367,0.3026939461210776
0.22911541769164617,0.2619947601047979
0.47457050858982824,0.34445311093778125
0.2258354832903342,0.23091538169236617
0.5377292454150917,0.6428471430571389
0.3526529469410612,0.38437231255374893
0.8534229315413692,0.9096418071638568
0.6805063898722026,0.5827283454330914
0.26039479210415795,0.17347653046939063
0.11471770564588708,0.22659546809063819
0.7347853042939142,0.7293454130917382
0.20585588288234236,0.252134957300854
0.9010019799604009,0.9209015819683607
0.8211635767284654,0.7972640547189056
0.19509609807803843,0.2153756924861503
0.6355272894542109,0.5595888082238355
0.42307153856922863,0.1880362392752145
0.9161816763664727,0.8476630467390652
0.6128677426451471,0.5948081038379233
0.9131217375652487,0.873882522349553
0.3413331733365333,0.25795484090318194
0.9648807023859524,0.9394212115757685
0.38659226815463693,0.4777504449911002
0.4078318433631328,0.5570888582228356
0.8425031499370013,0.8318633627327454
0.9380412391752165,0.9497210055798885
0.23817523649527012,0.2155156896862063
0.018019639607207857,0.017099658006839862
0.5984280314393713,0.6539469210615788
0.5373292534149318,0.5780884382312353
0.33279334413311734,0.32141357172856544
0.7415051698966021,0.5804083918321634
0.4694106117877643,0.3892922141557169
0.124297514049719,0.11869762604747905
0.3876522469550609,0.6754864902701946
0.123997520049599,0.15857682846343074
0.5388092238155238,0.6572868542629148
0.627647447051059,0.6982060358792824
0.22879542409151818,0.3419131617367653
0.45739085218295633,0.4531709365812684
0.09497810043799125,0.13179736405271894
0.8431231375372493,0.6979260414791705
0.869742605147897,0.8179836403271935
0.6820863582728346,0.876502469950601
0.45707085858282837,0.5458290834183317
0.04017919641607168,0.0504589908201836
0.6091478170436592,0.5411891762164757
0.6694466110677787,0.4316113677726446
0.5814083718325633,0.6470870582588348
0.7463850722985541,0.6967860642787145
0.9278414431711366,0.9426811463770725
0.7298454030919382,0.6694066118677626
0.497470050598988,0.5378692426151477
0.5515889682206356,0.42563148737025264
0.9686406271874562,0.9663406731865363
0.21681566368672628,0.11421771564568708
0.43369132617347655,0.17803643927121457
0.9564608707825843,0.9685806283874323
0.30681386372272557,0.24791504169916603
0.12307753844923101,0.19229615407691847
0.627427451450971,0.377032459350813
0.3366532669346613,0.252814943701126
0.18877622447551048,0.25549489010219795
0.998520029599408,0.9980800383992321
0.3509729805403892,0.26063478730425393
0.12073758524829503,0.16881662366752664
0.381692366152677,0.3025139497210056
0.2842743145137097,0.28401431971360575
0.885882282354353,0.880902381952361
0.19203615927681447,0.3115537689246215
0.35983280334393314,0.38391232175356493
0.7090458190836183,0.7001659966800664
0.3612727745445091,0.4510509789804204
0.24101517969640607,0.20443591128177438
0.12033759324813505,0.10531789364212717
0.1763564728705426,0.14643707125857483
0.9498610027799445,0.9482210355792885
0.9253614927701447,0.9912201755964881
0.8401031979360413,0.8334633307333854
0.5622287554248915,0.51104977900442
0.7285854282914342,0.7735445291094178
0.47227055458890826,0.4296514069718606
0.9342213155736886,0.9277814443711127
0.8372432551348973,0.7705045899082018
0.878542429151417,0.8832823343533129
0.5998280034399313,0.5508089838203236
0.6811263774724505,0.7166656666866663
0.03983920321593568,0.03851922961540769
0.21991560168796626,0.1757164856702866
0.11431771364572708,0.10753784924301514
0.9482810343793124,0.9548209035819284
0.7909241815163697,0.7362452750944981
0.22015559688806224,0.6700265994680107
0.09951800963980721,0.06767864642707146
0.16611667766644667,0.031679366412671744
0.8705025899482011,0.873022539549209
0.18757624847503052,0.3000739985200296
0.3685526289474211,0.17193656126877463
0.4409711805763885,0.6042679146417071
0.07169856602867943,0.07783844323113538
0.03631927361452771,0.034519309613807725
0.15867682646347073,0.20833583328333435
0.6665066698666027,0.6584468310633788
0.5702285954280915,0.0755384892302154
0.4671106577868443,0.5412891742165157
0.15593688126237476,0.05267894642107158
0.10213795724085518,0.18029639407211856
0.46863062738745226,0.5766084678306435
0.33105337893242137,0.3962120757584848
0.5952680946381073,0.5360692786144278
0.625347493050139,0.6541869162616748
0.4638507229855403,0.626667466650667
0.17017659646807065,0.20693586128277436
0.4058918821623568,0.39761204775904485
0.9654606907861844,0.9620607587848243
0.9642007159856804,0.9679806403871923
0.881302373952521,0.7807843843123138
0.05279894402111958,0.05329893402131958
0.6713865722685547,0.633127337453251
0.8037839243215136,0.7881842363152737
0.2836943261134777,0.254094918101638
0.880602387952241,0.9285814283714326
0.6132877342453151,0.7373252534949302
0.029959400811983762,0.03375932481350373
0.16741665166696668,0.1758764824703506
0.8256634867302655,0.8220035599288015
0.08519829603407932,0.12155756884862304
0.21009579808403833,0.20201595968080638
0.624947501049979,0.5207695846083078
0.10659786804263915,0.3131337373252535
0.39053218935621287,0.13565728685426293
0.6620067598648027,0.6539269214615708
0.7943641127177457,0.758604827903442
0.49979000419991604,0.26067478650426995
0.08423831523369534,0.02161956760864783
0.43615127697446054,0.36733265334693305
0.2255754884902302,0.3340733185336293
0.873422531549369,0.16645667086658267
0.4925701485970281,0.4762504749905002
0.36057278854422914,0.4126717465650687
0.29385412291754165,0.24995500089998202
0.7962040759184816,0.7815243695126097
0.9373812523749525,0.9414211715765685
0.06991860162796744,0.09707805843883123
0.7065258694826104,0.7675446491070179
0.2626147477050459,0.3107537849243015
0.8516829663406732,0.875002499950001
0.8006639867202656,0.755264894702106
0.744185116297674,0.762364752704946
0.20367592648147037,0.39677206455870884
0.631067378652427,0.39687206255874885
0.2583748325033499,0.3870722585548289
0.6398272034559309,0.6140677186456271
0.47435051298974024,0.4420311593768125
0.09445811083778324,0.12931741365172697
0.2870742585148297,0.2868542629147417
0.35807283854322913,0.38311233775324494
0.7458250834983301,0.5822683546329074
0.743385132297354,0.7775644487110258
0.25487490250195,0.31937361252774943
0.11961760764784704,0.06611867762644748
0.9300013999720006,0.7385052298954021
0.9468810623787525,0.877662446751065
0.00503989920201596,0.00619987600247995
0.4552308953820924,0.374252514949701
0.09099818003639927,0.126017479650407
0.9982200355992881,0.9940601187976241
0.2769544609107818,0.13349733005339895
0.42093158136837266,0.21699566008679827
0.5881882362352753,0.503669926601468
0.7709445811083778,0.7674046519069618
0.20397592048159038,0.24495510089798206
0.6924861502769944,0.756264874702506
0.2635747285054299,0.2362152756944861
0.9188816223675527,0.9184216315673687
0.30803383932321354,0.30573388532229356
0.4325313493730126,0.49825003499930004
0.06449871002579949,0.0745985080298394
0.752604947901042,0.7195456090878183
0.7281654366912662,0.8151036979260415
0.21559568808623827,0.250934981300374
0.7113457730845383,0.7413851722965541
0.7336653266934662,0.5393492130157397
0.2136557268854623,0.4891502169956601
0.25741485170296596,0.2873542529149417
0.5805283894322114,0.509089818203636
0.7555648887022259,0.4660106797864043
0.49791004179916404,0.4753104937901242
0.012779744405111898,0.024759504809903802
0.8634027319453611,0.8694626107477851
0.3922921541569169,0.14109717805643887
0.23565528689426213,0.20671586568268635
0.45961080778384433,0.3369932601347973
0.8743825123497531,0.8560828783424331
0.42369152616947664,0.5430691386172277
0.7326053478930422,0.7795044099118018
0.19257614847703047,0.20243595128097439
0.502629947401052,0.5369092618147637
0.21937561248775025,0.2621347573048539
0.7038659226815464,0.7035259294814104
0.9638807223855523,0.9671406571868563
0.9019419611607769,0.7362052758944821
0.029259414811703768,0.028439431211375772
0.33249335013299736,0.22291554168916622
0.8549029019419612,0.7192856142877143
0.6163876722465551,0.4879102417951641
0.758244835103298,0.7189856202875943
0.8496230075398492,0.882002359952801
0.5369092618147637,0.5073298534029319
0.04111917761644767,0.10803783924321514
0.6663266734665307,0.37989240215195696
0.6584068318633628,0.5984480310393793
0.9302013959720806,0.9312013759724805
0.9835803283934321,0.9832203355932881
0.23089538209235816,0.251014979700406
0.28503429931401375,0.15445691086178276
0.9007419851602968,0.877162456750865
0.5968680626387473,0.7257654846903062
0.08327833443331134,0.10493790124197516
0.4427711445771085,0.4687106257874843
0.3468130637387252,0.3646127077458451
0.5406091878162437,0.4365112697746045
0.041679166416671666,0.04535909281814364
0.06831863362732746,0.07009859802803944
0.9309213815723686,0.9461010779784405
0.9111017779644407,0.9144817103657927
0.5618087638247236,0.49201015979680407
0.6540469190616188,0.044719105617887646
0.8017439651206976,0.882462350752985
0.12405751884962302,0.0862182756344873
0.46847063058738825,0.5400291994160117
0.4055318893622128,0.2850142997140057
0.998920021599568,0.99860002799944
0.6822063558728826,0.21027579448411032
0.23503529929401412,0.1501969960600788
0.6955860882782344,0.13233735325293494
0.17221655566888663,0.22863542729145417
0.20973580528389432,0.4004919901601968
0.8367632647347053,0.5437091258174837
0.7705645887082259,0.4453910921781565
0.6093078138437231,0.6925661486770265
0.8815823683526329,0.877402451950961
0.6760464790704186,0.2641147177056459
0.9447211055778885,0.9472810543789124
0.4908301833963321,0.497810043799124
0.30259394812103757,0.2401351972960541
0.9645407091858164,0.9586608267834643
0.32167356652866946,0.2666746665066699
0.7859642807143857,0.8188636227275454
0.6520869582608348,0.6644067118657627
0.14627707445851085,0.08193836123277534
0.5333293334133318,0.6578468430631388
0.9467210655786885,0.9458010839783204
0.9189016219675606,0.4913101737965241
0.9183616327673447,0.9244415111697767
0.19857602847943043,0.21789564208715825
0.28589428211435775,0.25693486130277393
0.09161816763664728,0.29743405131897366
0.2792344153116938,0.3036739265214696
0.038059238815223696,0.03139937201255975
0.6058278834423312,0.630647387052259
0.07961840763184737,0.12285754284914302
0.25497490050198995,0.24399512009759805
0.7022859542809144,0.747265054698906
0.380332393352133,0.49755004899902006
0.38431231375372493,0.40831183376332475
0.7787844243115138,0.7999640007199856
0.4179516409671807,0.4604707905841883
0.9700205995880082,0.9784604307913842
0.10295794084118318,0.10885782284354313
0.2794144117117658,0.15287694246115077
0.5367292654146917,0.7575248495030099
0.026999460010799784,0.012299754004919903
0.20635587288254237,0.2800343993120138
0.42139157216855666,0.995860082798344
0.24877502449951003,0.4390512189756205
0.29641407171856565,0.25463490730185395
0.7716045679086418,0.9264014719705607
0.2390352192956141,0.3627327453450931
0.9522209555808884,0.9463010739785205
0.1379572408551829,0.06139877202455951
0.6896062078758425,0.6874662506749866
0.6186476270474591,0.5559888802223956
0.43137137257254854,0.3237935241295174
0.7621647567048659,0.8104037919241616
0.5469090618187636,0.19517609647807044
0.001139977200455991,0.0012999740005199896
0.46131077378452434,0.5224295514089718
0.878742425151497,0.8605427891442171
0.7985440291194177,0.20669586608267834
0.34661306773864525,0.06369872602547949
0.9205615887682247,0.8125837483250336
0.9678406431871363,0.9604007919841604
0.03477930441391172,0.024419511609767807
0.0027799444011119777,0.0007399852002959941
0.5216895662086758,0.4850702985940281
0.004039919201615968,0.003259934801303974
0.251194976100478,0.2785144297114058
0.09509809803803924,0.15867682646347073
0.7876242475150498,0.8128637427251455
0.01511969760604788,0.0888382232355353
0.6153276934461311,0.6756264874702507
0.4772304553908922,0.3209735805283894
0.7778244435111298,0.7215655686886262
0.28527429451410974,0.30505389892202156
0.620247595048099,0.620907581848363
0.5768484630307394,0.5474490510189797
0.4278314433711326,0.42849143017139657
0.9840603187936242,0.9859402811943762
0.46549069018619627,0.503789924201516
0.8275434491310174,0.8047039059218816
0.756104877902442,0.8136637267254655
0.41031179376412474,0.32477350452990944
0.9700605987880243,0.9622407551848964
0.7904241915161697,0.8394032119357613
0.012819743605127897,0.00987980240395192
0.9364812703745925,0.9266014679706406
0.5825483490330193,0.629187416251675
0.6617467650646988,0.5465290694186117
0.253614927701446,0.1872962540749185
0.625507489850203,0.05199896002079959
0.4650906981860363,0.5762084758304834
0.8580028399432011,0.9150216995660088
0.44295114097718047,0.42889142217155657
0.19491610167796644,0.20915581688366233
0.9202015959680807,0.9151616967660647
0.011399772004559909,0.006919861602767945
0.0743385132297354,0.07373852522949541
0.46703065938681226,0.45807083858322833
0.7202855942881142,0.6803663926721466
0.3521729565408692,0.31883362332753346
0.5541489170216596,0.4530109397812044
0.48497030059398816,0.5360292794144117
0.8645227095458091,0.8263634727305454
0.9423211535769285,0.9252614947701047
0.4750504989900202,0.1882362352752945
0.5387892242155157,0.5726685466290674
0.30831383372332555,0.34987300253994924
0.9526809463810724,0.9293814123717526
0.6673666526669467,0.8378632427351453
0.500589988200236,0.7310253794924102
0.3452730945381092,0.26841463170736585
0.05539889202215956,0.02611947761044779
0.3635727285454291,0.2659146817063659
0.758604827903442,0.7231855362892743
0.7610647787044259,0.3518529629407412
0.0633387332253355,0.0998380032399352
0.34965300693986123,0.3999520009599808
0.11099778004439911,0.1754364912701746
0.4890702185956281,0.513309733805324
0.5314493710125797,0.5301493970120598
0.4779304413911722,0.3995920081598368
0.6738665226695466,0.76192476150477
0.0377792444151117,0.025219495610087798
0.9979800403991921,0.998260034799304
0.23951520969580609,0.373292534149317
0.8104837903241936,0.8650426991460171
0.036039279214415715,0.03513929721405572
0.7771244575108498,0.4158716825663487
0.10415791684166317,0.1129177416451671
0.23279534409311814,0.06467870642587148
0.3589328213435731,0.4221715565688686
0.29973400531989364,0.30739385212295756
0.9610007799844004,0.9582008359832803
0.5372692546149077,0.5317893642127157
0.2896542069158617,0.42167156656866867
0.7877042459150817,0.7044659106817864
0.7800043999120018,0.7298054038919222
0.15829683406331874,0.21781564368712628
0.10669786604267915,0.046319073618527634
0.756184876302474,0.7037859242815144
0.2767144657106858,0.9453410931781364
0.035619287614247715,0.03379932401351973
0.5198896022079559,0.5756484870302594
0.4524109517809644,0.44369112617747647
0.4321913561728766,0.5364092718145638
0.3016939661206776,0.2365552688946221
0.5874682506349873,0.5788284234315314
0.7144257114857703,0.6089878202435951
0.8077438451230976,0.2395552088958221
0.027879442411151777,0.027079458410831786
0.01661966760664787,0.010859782804343913
0.27973440531189375,0.2896542069158617
0.5641887162256755,0.502129957400852
0.8920021599568009,0.9708405831883362
0.4532309353812924,0.5123497530049399
0.9372012559748806,0.8978020439591209
0.5620487590248195,0.4363112737745245
0.4103517929641407,0.40641187176256477
0.7885042299154017,0.4842703145937081
0.5967680646387072,0.6654266914661707
0.8247235055298894,0.9873002539949202
0.42191156176876465,0.4397712045759085
0.6946861062778744,0.7333053338933222
0.40527189456210877,0.41979160416791667
0.3142337153256935,0.3589928201435971
0.6434871302573949,0.8522229555408892
0.08403831923361534,0.10687786244275115
0.999780004399912,0.999840003199936
0.49345013099738005,0.5933481330373392
0.5319493610127798,0.36933261334773304
0.641047179056419,0.6613067738645227
0.9814803703925922,0.9519209615807684
0.6887662246755065,0.6842463150736986
0.993580128397432,0.9903801923961522
0.8025439491210176,0.6474870502589949
0.125937481250375,0.13405731885362293
0.47121057578848424,0.44541109177816446
0.5940681186376273,0.8116637667246656
0.15335693286134278,0.26983460330793385
0.7421451570968581,0.6411471770564589
0.09741805163896722,0.07217855642887143
0.6217475650486991,0.622747545049099
0.6604267914641707,0.5906281874362513
0.38439231215375697,0.255694886102278
0.5291094178116438,0.5586688266234675
0.5277094458110838,0.5395892082158357
0.7063858722825543,0.6679266414671707
0.07387852242955141,0.07807843843123138
0.6665266694666107,0.6694466110677787
0.4398112037759245,0.5778284434311314
0.8624427511449771,0.8428631427371452
0.2250354992900142,0.30781384372312554
0.6531869362612748,0.7178856422871542
0.3616327673446531,0.2251754964900702
0.3488330233395332,0.2930741385172297
0.7930841383172337,0.6528869422611548
0.2144357112857743,0.5679086418271635
0.8654426911461771,0.8802023959520809
0.1896762064758705,0.11577768444631108
0.4514909701805964,0.4805103897922042
0.15713685726285476,0.12293754124917503
0.014719705605887883,0.05515889682206356
0.5609887802243956,0.6425871482570349
0.27469450610987783,0.1496570068598628
0.007119857602847944,0.004539909201815964
0.028699426011479772,0.02761944761104778
0.6814463710725785,0.6782664346713067
0.7213455730885383,0.5860482790344194
0.7110457790844184,0.758804823903522
0.2838143237135257,0.19777604447911043
0.14851702965940683,0.10719785604287915
0.8117237655246895,0.8646627067458651
0.748885022299554,0.8498230035399292
0.6092478150436992,0.6903461930761385
0.9235215295694087,0.7951840963180736
0.48773024539509213,0.4275514489710206
0.07023859522809545,0.11163776724465511
0.6770864582708346,0.5151696966060679
0.8414431711365773,0.8837623247535049
0.14271714565708687,0.14035719285614287
0.761904761904762,0.7834643307133857
0.885382292354153,0.8541029179416412
0.24735505289894202,0.28127437451250975
0.1758964820703586,0.7196056078878422
0.5307893842123158,0.6358472830543389
0.47093058138837224,0.5896882062358753
0.3316733665326694,0.3128137437251255
0.6977860442791144,0.6921061578768425
0.877042459150817,0.8110437791244175
0.7745445091098179,0.7716245675086498
0.01769964600707986,0.018439631207375854
0.8042639147217056,0.9711805763884722
0.20591588168236635,0.23053538929221418
0.6935461290774185,0.8609827803443931
0.16023679526409473,0.28573428531429373
0.6428271434571309,0.6317273654526909
0.12645747085058298,0.11785764284714306
0.061838763224735506,0.052558948821023584
0.7093858122837543,0.751604967900642
0.5801683966320674,0.5826683466330673
0.9414411711765766,0.9212615747685047
0.8437031259374813,0.5626887462250755
0.5624487510249795,0.5956080878382433
0.20337593248135039,0.2234955300893982
0.1756364872702546,0.1995760084798304
0.16937661246775065,0.14751704965900683
0.9794404111917762,0.9816203675926481
0.9480610387792244,0.9496410071798564
0.8297634047319054,0.8434631307373853
0.18099638007239857,0.20369592608147838
0.251514969700606,0.21045579088418231
0.7345653086938262,0.6906261874762505
0.07617847643047139,0.07305853882922342
0.08047839043219136,0.0762984740305194
0.3134137317253655,0.37001259974800504
0.6708065838683227,0.6468070638587229
0.4625907481850363,0.42313153736925263
0.7823443531129378,0.6700065998680027
0.7815043699126017,0.8660426791464171
0.7865242695146097,0.7248055038899223
0.9537009259814804,0.9268014639707206
0.09213815723685527,0.11793764124717505
0.6152676946461071,0.6574668506629867
0.5683086338273234,0.5860882782344353
0.06447871042579148,0.28313433731325377
0.03257934841303174,0.05933881322373553
0.75492490150197,0.745665086698266
0.07167856642867143,0.05657886842263155
0.37141257174856507,0.4487110257794844
0.0634387312253755,0.12057758844823104
0.30695386092278154,0.19829603407931842
0.50784984300314,0.5531289374212516
0.9750004999900003,0.9821803563928722
0.9669406611867764,0.9660006799864003
0.1772364552708946,0.15613687726245476
0.7142857142857143,0.7089458210835784
0.09845803083938322,0.05089898202035959
0.5964280714385712,0.6417871642567149
0.6846863062738745,0.4654506909861803
0.12745745085098298,0.2768944621107578
0.7215855682886343,0.7307653846923062
0.372772544549109,0.3886522269554609
0.13711725765484692,0.14413711725765485
0.3511529769404612,0.4363512729745405
0.6006479870402592,0.3642127157456851
0.6593868122637547,0.6603467930641388
0.621007579848403,0.5396292074158517
0.2910341793164137,0.20785584288314235
0.999160016799664,0.999660006799864
0.758364832703346,0.7858242835143298
0.6746065078698427,0.7938641227175457
0.3221735565288694,0.8176436471270575
0.4866102677946441,0.3875322493550129
0.8350232995340093,0.8461030779384413
0.08315833683326333,0.06473870522589549
0.8303633927321454,0.7945641087178257
0.25447491050179,0.3016939661206776
0.10925781484370313,0.08031839363212737
0.5854882902341954,0.5989080218395633
0.7978640427191457,0.8261634767304654
0.42397152056958864,0.3840323193536129
0.5103097938041239,0.38395232095358095
0.4898902021959561,0.4428311433771325
0.6927461450770985,0.6563668726625468
0.5338693226135477,0.6386272274554509
0.2378352432951341,0.14513709725805485
0.38309233815323696,0.31865362692746146
0.6970660586788264,0.7128257434851303
0.6387072258554829,0.6039679206415872
0.874342513149737,0.8512829743405133
0.8616627667446651,0.887002259954801
0.2964540709185816,0.48333033339333215
0.16759664806703867,0.17975640487190256
0.07989840203195936,0.013299734005319894
0.3430531389372213,0.39093218135637287
0.4388912221755565,0.45033099338013244
0.5673686526269475,0.37395252094958104
0.50734985300294,0.4280714385712286
0.08547829043419132,0.1512569748605028
0.32929341413171737,0.7180656386872263
0.7299054018919622,0.633067338653227
0.498610027799444,0.32271354572908545
0.7312053758924821,0.7746045079098418
0.8095638087238256,0.7506449871002581
0.743505129897402,0.8842223155536889
0.8927621447571049,0.8154036919261615
0.4936501269974601,0.40311193776124477
0.9294614107717846,0.9524809503809925
0.10449791004179916,0.06973860522789545
0.8637027259454811,0.8662226755464891
0.7174856502869943,0.7032459350812984
0.38243235135297293,0.43003139937201257
0.31511369772604547,0.25245495090098197
0.32075358492830147,0.32729345413091737
0.34523309533809327,0.1770764584708306
0.8691226175476491,0.8308633827323454
0.5198696026079479,0.48105037899242015
0.39441211175776486,0.43673126537469253
0.7627447451050979,0.6861662766744665
0.3081138377232455,0.33557328853422935
0.888042239155217,0.8902621947561049
0.03513929721405572,0.03367932641347173
0.24807503849923002,0.4276914461710766
0.9836603267934642,0.9833803323933522
0.6850662986740266,0.6582068358632828
0.496330073398532,0.27109457810843784
0.7814843703125938,0.7985840283194336
0.9841603167936641,0.874902501949961
0.47451050978980425,0.45291094178116437
0.8684626307473851,0.8606427871442571
0.03265934681306374,0.09201815963680726
0.8958820823583529,0.9026819463610728
0.06777864442711146,0.5448491030179397
0.7118657626847463,0.2005159896802064
0.6007479850402992,0.41237175256494873
0.21755564888702228,0.30693386132277356
0.7785644287114258,0.8835223295534089
0.37921241575168496,0.48167036659266815
0.7243055138897222,0.7021459570808584
0.6083078338433232,0.4194916101677967
0.0007199856002879943,0.0010199796004079918
0.7297454050918982,0.3969120617587648
0.3908921821563569,0.6500069998600029
0.9114417711645767,0.9078218435631288
0.16867662646747067,0.08683826323473531
0.34313313733725326,0.4295114097718046
0.8539629207415852,0.883702325953481
0.0630587388252235,0.08591828163436732
0.3029539409211816,0.40827183456330873
0.12203755924881503,0.33123337533249336
0.32455350892982143,0.33793324133517333
0.25567488650226994,0.19683606327873443
0.38223235535289296,0.2631347373052539
0.6614467710645787,0.3304733905321894
0.031899362012759745,0.374732505349893
0.624927501449971,0.5344293114137717
0.8264634707305855,0.8486230275394493
0.2383552328953421,0.14659706805863884
0.6040479190416191,0.6680266394672106
0.870982580348393,0.8270634587308254
0.6288674226515469,0.4923901521969561
0.3373932521349573,0.26617467650646986
0.5661686766264675,0.5707885842283155
0.9535009299814005,0.9479610407791844
0.6939261214775705,0.6967260654786904
0.6781064378712426,0.6544269114617708
0.6817263654726906,0.6527269454610908
0.37789244215115697,0.4775304493910122
0.2629547409051819,0.20283594328113438
0.5731085378292434,0.624307513849723
0.4028919421611568,0.4290914181716366
0.503009939801204,0.49965000699986
0.5580888382232355,0.5538289234215316
0.13963720725585488,0.1613967720645587
0.6700265994680107,0.25601487970240594
0.7204655906881863,0.6918861622767545
0.8121837563248735,0.7404251914961701
0.8289234215315694,0.7446651066978661
0.6702665946681067,0.6597868042639148
0.1388972220555589,0.16633667326653467
0.5397692046159077,0.4130317393652127
0.8269234615307695,0.9229415411691766
0.5967280654386913,0.5702085958280835
0.9256214875702486,0.9298814023719526
0.09623807523849523,0.09247815043699126
0.46725065498690027,0.3153536929261415
0.17105657886842263,0.18405631887362253
0.0882182356352873,0.27253454930901383
0.21057578848423034,0.5210095798084039
0.76432471350573,0.7257054858902822
0.3639327213455731,0.41529169416611666
0.6337673246535069,0.5601487970240595
0.9126217475650488,0.9251814963700726
0.625787484250315,0.6234875302493951
0.3248735025299494,0.5083498330033399
0.8200635987280255,0.7904041919161617
0.30339393212135757,0.37365252694946105
0.35839283214335715,0.33175336493270136
0.41705165896682067,0.34429311413771724
0.6517469650606988,0.7237655246895063
0.5233095338093239,0.5400891982160357
0.29185416291674166,0.50034999300014
0.3141337173256535,0.29451410971780567
0.2731745365092698,0.34827303453930925
0.7069458610827783,0.5985680286394273
0.24363512729745407,0.28273434531309377
0.4353912921741565,0.5834083318333634
0.47037059258814823,0.5597088058238835
0.6410671786564269,0.6135477290454191
0.8981020379592408,0.9575008499830003
0.4771304573908522,0.0495990080198396
0.5312093758124837,0.22991540169196617
0.2254954900901982,0.21741565168696628
0.3122737545249095,0.5149897002059959
0.25157496850063,0.3259734805303894
0.378832423351533,0.39911201775964483
0.6644867102657948,0.6966260674786504
0.44405111897762045,0.4640507189856203
0.8060038799224016,0.8115237695246096
0.5201895962080758,0.4901901961960761
0.06375872482550349,0.13943721125577488
0.6997660046799065,0.7766844663106738
0.4411111777764445,0.3510529789404212
0.4507509849803004,0.4158316833663327
0.2973740525189496,0.5906481870362593
0.6907261854762905,0.07843843123137538
0.9333813323733525,0.9628207435851284
0.629447411051779,0.6254274914501711
0.11799764004719906,0.12101757964840704
0.5152096958060839,0.5108697826043479
0.9364412711745765,0.9473010539789205
0.25451490970180596,0.5329293414131717
0.873642527149457,0.8595428091438172
0.9857802843943122,0.9833603327933441
0.5792284154316913,0.497930041399172
0.5242695146097078,0.49603007939841204
0.08593828123437532,0.09815803683926322
0.2640547189056219,0.13185736285274294
0.7754644907101859,0.763964720705586
0.4183516329673407,0.43263134737305253
0.8453630927381452,0.7433451330973381
0.498510029799404,0.48305033899322014
0.02759944801103978,0.030599388012239756
0.08105837883242335,0.048139037219255616
0.28311433771324573,0.2881942361152777
0.8689026219475611,0.8724225515489691
0.22025559488810226,0.7045459090818184
0.8539029219415611,0.9039419211615768
0.9543609127817444,0.9384012319753605
0.6156876862462751,0.7043659126817464
0.47259054818903623,0.5931081378372433
0.7883442331153377,0.872722545549089
0.8877222455550889,0.8897222055558889
0.15957680846383074,0.06141877162456751
0.7953840923181537,0.7264654706905862
0.29985400291994163,0.2624147517049659
0.7957640847183056,0.7691646167076659
0.5782084358312833,0.6022079558408832
0.7706645867082659,0.7768044639107218
0.9569408611827763,0.9541609167816644
0.7372052558948822,0.7180456390872183
0.8666626667466651,0.6155076898462031
0.4313913721725566,0.501509969800604
0.4501309973800524,0.4770704585908282
0.3625527489450211,0.36107277854442915
0.5300493990120198,0.45525089498210036
0.10359792804143918,0.04837903241935161
0.128357432851343,0.38351232975340493
0.24395512089758206,0.16439671206575868
0.3666726665466691,0.2267554648907022
0.7674846503069939,0.740065198696026
0.6671666566668667,0.23133537329253415
0.7204055918881622,0.2136157276854463
0.15993680126397472,0.15337693246135078
0.18409631807363852,0.5606487870242596
0.19201615967680646,0.1882162356752865
0.7239655206895862,0.7360452790944182
0.8188836223275535,0.7904241915161697
0.5637687246255075,0.38149237015259696
0.04523909521809564,0.09473810523789525
0.9552808943821124,0.9437411251774965
0.6729465410691786,0.7426251474970501
0.8295434091318173,0.8417631647367053
0.5531289374212516,0.3041739165216696
0.08895822083558329,0.08177836443271135
0.4281714365712686,0.5446891062178757
0.42403151936961264,0.5074298514029719
0.04759904801903962,0.04521909561808764
0.5616287674246515,0.5337893242135158
0.7069858602827944,0.7606247875042499
0.34433311333773325,0.3268334633307334
0.46931061378772426,0.48537029259414816
0.15539689206215876,0.15815683686326273
0.43129137417251656,0.47165056698866026
0.002659946801063979,0.7267054658906822
0.5841683166336673,0.5660086798264035
0.873942521149577,0.8603027939441211
0.9591808163836724,0.9461810763784725
0.27807443851122976,0.253014939701206
0.6637067258654827,0.8378432431351374
0.4658506829863403,0.11575768484630308
0.622967540649187,0.6178876422471551
0.7408051838963221,0.4353912921741565
0.7690646187076259,0.8317033659326813
0.7265054698906022,0.6983460330793384
0.8045239095218096,0.8221235575288495
0.8748425031499371,0.8540629187416252
0.8509029819403612,0.8240235195296094
0.9532809343813125,0.9766204675906482
0.15323693526129478,0.15725685486290275
0.2870942581148377,0.2778744425111498
0.13301733965320695,0.07771844563108739
0.8449831003379933,0.8384432311353773
0.48201035979280415,0.6049279014419712
0.8563028739425211,0.8904621907561849
0.14397712045759084,0.11513769724605508
0.8499830003399932,0.8501429971400573
0.5751284974300515,0.6755664886702266
0.7734245315093699,0.7699046019079618
0.5518889622207556,0.35989280214395714
0.6825863482730345,0.619527609447811
0.99610007799844,0.9958200835983281
0.6075478490430192,0.5344693106137878
0.7124257514849703,0.7169256614867703
0.028199436011279777,0.10751784964300715
0.38293234135317294,0.3330933381332373
0.19117617647647048,0.24167516649667006
0.6755064898702026,0.6616467670646587
0.25387492250154997,0.2620947581048379
0.8859022819543609,0.8599628007439851
0.9182016359672807,0.9342813143737125
0.5889282214355713,0.9496810063798724
0.7778644427111459,0.5825283494330113
0.008679826403471931,0.006579868402631948
0.007299854002919942,0.004799904001919961
0.06769864602707946,0.12105757884842304
0.4146117077658447,0.4002119957600848
0.4851302973940521,0.6049079018419632
0.6101477970440592,0.6166276674466511
0.7858242835143298,0.8286834263314734
0.9446411071778564,0.9091418171636567
0.125257494850103,0.10355792884142317
0.46017079658406834,0.629507409851803
0.879482410351793,0.9284414311713766
0.5434491310173797,0.0997380052398952
0.6907661846763065,0.6926661466770665
0.45983080338393234,0.39807203855922885
0.5797884042319154,0.5918681626367472
0.25689486210275797,0.3647527049459011
0.6573068538629228,0.7097258054838903
0.7082658346833064,0.7209055818883623
0.4893702125957481,0.6606667866642667
0.047439051218975625,0.054478910421791565
0.3099538009239815,0.7947641047179057
0.27213455730885383,0.24405511889762205
0.6965060698786024,0.6391872162556749
0.4160516789664207,0.29475410491790166
0.013019739605207897,0.005419891602167957
0.013459730805383893,0.016899662006759866
0.31739365212695747,0.14283714325713487
0.9061818763624728,0.6623467530649387
0.37021259574808507,0.7911441771164577
0.2878942421151577,0.2724945501089978
0.5307493850122997,0.46669066618667626
0.5701685966280674,0.4391312173756525
0.5758284834303314,0.5218495630087399
0.9257614847703046,0.9301813963720726
0.3613927721445571,0.3648527029459411
0.33373332533349337,0.33299334013319737
0.06931861362772745,0.09185816283674327
0.07127857442851143,0.04255914881702366
0.06399872002559949,0.04403911921761565
0.37051258974820506,0.2905541889162217
0.14497710045799084,0.1637767244655107
0.8000239995200096,0.7849843003139938
0.5575088498230035,0.6074678506429871
0.6033879322413552,0.30791384172316555
0.9735805283894322,0.9749805003899923
0.504769904601908,0.5498890022199556
0.11379772404551909,0.0994380112397752
0.1879962400751985,0.10847783044339114
0.5217495650086998,0.49367012659746806
0.8589228215435691,0.752644947101058
0.6877862442751145,0.7148657026859463
0.3982720345593088,0.5247295054098918
0.8005239895202096,0.7110257794844104
0.05773884522309554,0.03651926961460771
0.8582428351432971,0.8608027839443212
0.9080618387632248,0.8651626967460652
0.42495150096998063,0.628807423851523
0.17999640007199857,0.26085478290434194
0.8249835003299935,0.7725645487090258
0.8730025399492011,0.9317013659726806
0.8147837043259135,0.7504049919001621
0.39517209655806884,0.28315433691326175
0.034839303213935725,0.04605907881842363
0.380792384152317,0.32185356292874145
0.5264094718105639,0.868242635147297
0.7328053438931221,0.7248455030899382
0.8517229655406893,0.8897422051558969
0.6133677326453472,0.5675686486270275
0.40775184496310074,0.39133217335653286
0.9447611047779044,0.9393412131757365
0.9804403911921762,0.9372012559748806
0.33131337373252534,0.3622527549449011
0.2009559808803824,0.20895582088358233
0.6682666346673066,0.6447471050578989
0.28669426611467774,0.33513329733405334
0.40987180256394873,0.38413231735365294
0.09565808683826324,0.13605727885442293
0.4800903981920362,0.45509089818203635
0.7817643647127058,0.7397252054958902
0.5253694926101479,0.5689486210275795
0.08385832283354333,0.378232435351293
0.3491530169396612,0.43415131697366055
0.8498430031399372,0.3432731345373093
0.7029259414811704,0.4723705525889482
0.4493910121797564,0.6040279194416112
0.03535929281414372,0.06887862242755145
0.43159136817263655,0.2799744005119898
0.9944001119977601,0.99380012399752
0.9106217875642487,0.9547809043819124
0.6636467270654587,0.5805083898322034
0.3637927241455171,0.5149297014059719
0.10759784804303914,0.06391872162556748
0.5288494230115398,0.5639087218255635
0.5378292434151317,0.10777784444311114
0.3860522789544209,0.3630127397452051
0.7944241115177697,0.7165856682866343
0.5298094038119238,0.3845523089538209
0.39567208655826885,0.3613327733445331
0.26941461170776587,0.3021739565208696
0.5552688946221076,0.5764884702305955
0.3690126197476051,0.377472450550989
0.8950820983580329,0.9126417471650567
0.34719305613887724,0.4010319793604128
0.4522709545809084,0.8326633467330654
0.7875842483150337,0.878522429551409
0.13181736365272695,0.15565688686226276
0.4396512069758605,0.4136917261654767
0.5932081358372833,0.7950240995180097
0.1743165136697266,0.1860162796744065
0.35291294174116516,0.35695286094278117
0.3405331893362133,0.3046739065218696
0.3565928681426372,0.32077358452830945
0.761704765904682,0.5310693786124278
0.8285634287314254,0.8298634027319454
0.5799484010319794,0.5866682666346673
0.34595308093838123,0.3389732205355893
0.9230215395692086,0.9312213755724886
0.6604867902641948,0.6702065958680826
0.0755584888302234,0.09893802123957521
0.3664926701465971,0.4631707365852683
0.18091638167236657,0.2964540709185816
0.009679806403871923,0.01001979960400792
0.8544429111417772,0.6969460610787784
0.015419691606167877,0.21155576888462232
0.5907881842363153,0.5586888262234756
0.7701245975080498,0.8626827463450731
0.9813803723925522,0.9822403551928962
0.870442591148177,0.8922421551568969
0.8855822883542329,0.8546829063418732
0.29533409331813365,0.3396932061358773
0.9020219595608088,0.9294814103717925
0.32083358332833345,0.27915441691166176
0.9724405511889762,0.9755404891902162
0.7422851542969141,0.8051238975220496
0.09101817963640728,0.10813783724325514
0.6899462010759785,0.6325073498530029
0.8184836303273935,0.8622027559448812
0.8691026179476411,0.7019659606807864
0.21743565128697426,0.26871462570748583
0.0008599828003439931,0.0008199836003279935
0.9556608867822644,0.9525609487810244
0.9804603907921842,0.9793604127917442
0.6412271754564909,0.6710265794684106
0.0020399592008159837,0.001639967200655987
0.8319033619327614,0.8097238055238896
0.047039059218815626,0.06463870722585549
0.46955060898782025,0.3597928041439171
0.010279794404111918,0.21935561288774225
0.1353572928541429,0.2854142917141657
0.6242875142497151,0.5663486730265395
0.023099538009239817,0.019019619607607847
0.9685806283874323,0.9609007819843604
0.9583408331833364,0.9263414731705366
0.6976260474790504,0.7781844363112738
0.04607907841843163,0.08205835883282335
0.6390072198556029,0.5874682506349873
0.07183856322873543,0.08221835563288735
0.125297494050119,0.48189036219275616
0.34707305853882925,0.2680346393072139
0.8482630347393052,0.8360032799344014
0.15317693646127079,0.14317713645727087
0.09945801083978321,0.09741805163896722
0.9121617567648648,0.8324833503329934
0.9073018539629207,0.8470830583388332
0.6926061478770424,0.21565568688626227
0.8613827723445532,0.4712905741885162
0.8506629867402652,0.8413431731365373
0.012139757204855904,0.35769284614307717
0.8736825263494731,0.8525629487410252
0.15865682686346275,0.14371712565748684
0.5814883702325954,0.46001079978400433
0.0382792344153117,0.04283914321713566
0.7769644607107858,0.6986660266794664
0.6038879222415552,0.5407491850162996
0.22923541529169417,0.2131557368852623
0.8643027139457211,0.9416411671766565
0.996340073198536,0.9947801043979121
0.884962300753985,0.8423031539369213
0.4267914641707166,0.23537529249415012
0.40721185576288477,0.40947181056378873
0.5228895422091558,0.506009879802404
0.01985960280794384,0.018539629207415854
0.4916901661966761,0.5481090378192436
0.14291714165716687,0.14741705165896682
0.3590528189436211,0.3231535369292614
0.9873602527949441,0.9576408471830564
0.504009919801604,0.24159516809663809
0.04263914721705566,0.042079158416831665
0.7912241755164897,0.8316833663326734
0.7397852042959141,0.45429091418171635
0.8369832603347933,0.21095578088438233
0.23491530169396613,0.33311333773324536
0.2267554648907022,0.15775684486310274
0.627667446651067,0.8610827783444331
0.878822423551529,0.8955020899582009
0.1878562428751425,0.18075638487230256
0.06127877442451151,0.06603867922641547
0.9021619567608649,0.6944061118777625
0.9501609967800644,0.9337213255734885
0.8454230915381693,0.7347253054938901
0.4256514869702606,0.6136677266454671
0.631107377852443,0.6981860362792744
0.24547509049819005,0.12893742125157498
0.6594268114637708,0.630027399452011
0.4556708865822684,0.4314513709725806
0.8616227675446492,0.8449231015379692
0.26663466730665386,0.25451490970180596
0.514809703805924,0.32175356492870144
0.00755984880302394,0.007919841603167936
0.8179036419271615,0.8202835943281135
0.31053378932421355,0.24523509529809404
0.09889802203955922,0.08371832563348733
0.8096238075238495,0.8158436831263375
0.9328613427731446,0.9170416591668167
0.9985400291994161,0.9984600307993841
0.26635467290654186,0.4789504209915802
0.18723625527489451,0.19269614607707847
0.4943901121977561,0.6016079678406432
0.7310653786924262,0.7354452910941781
0.7980440391192176,0.7625047499050019
0.054658906821863563,0.028259434811303774
0.9413211735765284,0.9459810803783925
0.11951760964780705,0.10717785644287114
0.06441871162576748,0.05701885962280755
0.4909501809963801,0.3340133197336053
0.9551408971820564,0.9360612787744246
0.6926461470770585,0.6920461590768184
0.6005879882402352,0.5429491410171797
0.19615607687846243,0.20491590168196636
0.9972800543989121,0.49651006979860407
0.5697286054278915,0.4176516469670607
0.4099918001639967,0.41557168856622867
0.40767184656306876,0.44713105737885245
0.04029919401611968,0.044799104017919644
0.634307313853723,0.5909281814363713
0.4778704425911482,0.42243155136897265
0.38511229775404493,0.3610527789444211
0.20671586568268635,0.24557508849823004
0.3687126257474851,0.6439471210575789
0.372832543349133,0.5178096438071239
0.6412071758564829,0.8250434991300174
0.6058678826423471,0.875242495150097
0.8528629427411452,0.9353812923741526
0.6135477290454191,0.2259354812903742
0.3256534869302614,0.40957180856382874
0.3015539689206216,0.250154996900062
0.7030059398812024,0.6692866142677146
0.8638027239455212,0.9037219255614888
0.13923721525569488,0.1888962220755585
0.5389492210155797,0.6441471170576589
0.16421671566568669,0.2261354772904542
0.021239575208495832,0.02137957240855183
0.6604067918641627,0.5240695186096278
0.32037359252814945,0.3878922421551569
0.127477450450991,0.15731685366292675
0.7700045999080019,0.6361672766544669
0.4226915461690766,0.23373532529349414
0.00499990000199996,0.01019979600407992
0.5913081738365233,0.5944881102377952
0.34449311013779726,0.376552468950621
0.03645927081458371,0.036939261214775705
0.8314033719325614,0.8511829763404732
0.628547429051419,0.6456870862582749
0.08647827043459132,0.06749865002699947
0.5533489330213396,0.5188296234075319
0.4386912261754765,0.40751184976300475
0.11117777644447112,0.14391712165756684
0.12061758764824704,0.5835883282334353
0.8862422751544969,0.9179416411671767
0.013899722005559889,0.049939001219975604
0.36727265454690905,0.33457330853382933
0.7277054458910822,0.5342493150136998
0.009779804403911923,0.014799704005919883
0.7176256474870503,0.7801843963120738
0.7996440071198576,0.8992420151596968
0.5289294214115717,0.5488690226195476
0.9202415951680967,0.9198616027679447
0.5885282294354113,0.6899462010759785
0.5713085738285234,0.6159276814463711
0.6121077578448432,0.5829483410331794
0.030559388812223757,0.06975860482790344
0.5452090958180836,0.6101877962440752
0.2848943021139577,0.26097478050438994
0.6406671866562669,0.5955680886382273
0.624227515449691,0.5665286694266115
0.4056518869622608,0.36183276334473313
0.9268414631707366,0.7056458870822584
0.7879242415151697,0.8102637947241056
0.7100057998840024,0.5666486670266595
0.7455250894982101,0.7756444871102578
0.4399112017759645,0.4903901921961561
0.2607747845043099,0.31941361172776545
0.2905541889162217,0.2723145537089258
0.22217555648887022,0.2267754644907102
0.25307493850123,0.1126777464450711
0.4077118457630848,0.379232415351693
0.5212095758084838,0.49515009699806006
0.02001959960800784,0.018039639207215855
0.39655206895862083,0.19427611447771045
0.5678486430271394,0.5819283614327714
0.880182396352073,0.620107597848043
0.43729125417491654,0.6563868722625548
0.9308213835723286,0.7379052418951622
0.48245035099298017,0.3504129917401652
0.8330433391332174,0.8356432871342574
0.11731765364692706,0.13717725645487092
0.3385732285354293,0.380732385352293
0.32225355492890145,0.37589248215035703
0.253494930101398,0.2237555248895022
0.7047859042819143,0.7748245035099298
0.627967440651187,0.01137977240455191
0.025359492810143797,0.040579188416231676
0.0014399712005759885,0.0014599708005839883
0.06917861642767145,0.06513869722605548
0.9586408271834563,0.9558208835823284
0.01501969960600788,0.03427931441371173
0.124757504849903,0.16907661846763064
0.9513409731805365,0.9573208535829284
0.24089518209635807,0.4013119737605248
0.18463630727385452,0.639667206655867
0.7669046619067619,0.626167476650467
0.4049719005619888,0.250414991700166
0.48613027739445214,0.6023679526409472
0.9696206075878483,0.9602807943841124
0.3507729845403092,0.3169736605267895
0.5781684366312674,0.7447051058978821
0.08285834283314333,0.10381792364152717
0.8125037499250015,0.8451630967380652
0.49629007419851606,0.5602287954240915
0.8304833903321934,0.8920021599568009
0.05581888362232756,0.8143637127257455
0.9365212695746086,0.9345813083738326
0.10709785804283915,0.09497810043799125
0.4013319733605328,0.38115237695246096
0.6678466430671387,0.7026459470810584
0.44793104137917245,0.5632687346253075
0.24481510369792606,0.23549529009419812
0.126837463250735,0.14783704325913483
0.756344873102538,0.6916261674766505
0.9815803683926322,0.9808603827923442
0.9852402951940962,0.9860802783944321
0.50384992300154,0.4623307533849323
0.3246935061298774,0.30671386572268555
0.5202895942081158,0.1902761944761105
0.5678886422271555,0.629967400651987
0.8124037519249615,0.8448031039379212
0.9277814443711127,0.8915421691566169
0.5723885522289555,0.4788504229915402
0.8933021339573208,0.8998220035599288
0.17869642607147856,0.2121957560848783
0.49935001299974,0.5936281274374513
0.5250294994100119,0.5190696186076279
0.38137237255254897,0.6341073178536429
0.9952200955980881,0.9937401251974961
0.5919081618367633,0.5906881862362753
0.5314293714125717,0.634767304653907
0.6957660846783065,0.6811663766724666
0.4501909961800764,0.4660906781864363
0.6518269634607308,0.7004459910801785
0.3674526509469811,0.3418931621367573
0.7804043919121618,0.7706845863082739
0.7707845843083139,0.9000419991600168
0.5668686626267475,0.5605887882242355
0.6835863282734346,0.7037059258814824
0.44769104617907646,0.47841043179136417
0.2917741645167097,0.36799264014719707
0.24179516409671808,0.13691726165476692
0.9072018559628807,0.8537829243415131
0.5267094658106838,0.5331893362132758
0.8243035139297215,0.755764884702306
0.870542589148217,0.8462630747385053
0.26801463970720585,0.249795004099918
0.6553468930621388,0.7629247415051699
0.6626667466650668,0.5246095078098438
0.01627967440651187,0.018179636407271854
0.6396472070558589,0.6146677066458671
0.4161116777664447,0.35463290734185315
0.6155876882462351,0.6334273314533709
0.4685506289874203,0.34323313533729327
0.5165296694066119,0.5407691846163077
0.49139017219655606,0.42363152736945264
0.5197696046079079,0.4507709845803084
0.44719105617887644,0.5190496190076198
0.6738465230695386,0.6901861962760745
0.7802043959120818,0.7972840543189137
0.30579388412231756,0.27195456090878184
0.005319893602127958,0.004639907201855963
0.09075818483630328,0.06511869762604748
0.3118137637247255,0.3137937241255175
0.6382672346553069,0.6026479470410592
0.7135857282854343,0.7953640927181457
0.017899642007159856,0.01633967320653587
0.6027679446411072,0.506989860202796
0.8653626927461451,0.8982620347593049
0.13213735725285494,0.17473650526989462
0.4047919041619168,0.5602687946241075
0.875082498350033,0.8467630647387052
0.9892802143957121,0.9967200655986881
0.019879602407951842,0.010399792004159917
0.32741345173096537,0.3673526529469411
0.047099058018839624,0.04295914081718366
0.08037839243215136,0.019419611607767846
0.9701605967880643,0.9732805343893123
0.45855082898342037,0.7748045039099218
0.9004219915601688,0.7688046239075219
0.049419011619767604,0.9412011759764805
0.5503289934201316,0.47005059898802026
0.9494410111797764,0.9506809863802724
0.2903741925161497,0.023379532409351814
0.0506789864202716,0.126277474450511
0.9807603847923042,0.9836603267934642
0.9072218555628888,0.882402351952961
0.4041719165616688,0.21147577048459032
0.1875362492750145,0.19705605887882244
0.12003759924801505,0.15583688326233475
0.33217335653286933,0.3163936721265575
0.506469870602588,0.11533769324613508
0.5831483370332593,0.6812863742725146
0.21807563848723027,0.26291474170516593
0.9559808803823924,0.9459410811783765
0.6621267574648507,0.6622267554648907
0.22101557968840624,0.32105357892842146
0.15849683006339874,0.12985740285194297
0.21195576088478232,0.24717505649887003
0.7860442791144178,0.7427851442971141
0.20923581528369434,0.25635487290254194
0.7161456770864583,0.6540469190616188
0.9891402171956561,0.9579008419831604
0.1623367532649347,0.07191856162876743
0.21879562408751826,0.2647747045059099
0.47405051898962025,0.3905121897562049
0.20887582248355033,0.2276754464910702
0.0017199656006879863,0.026679466410671787
0.7414451710965781,0.7003459930801385
0.8368032639347214,0.5238295234095318
0.7243255134897302,0.7785644287114258
0.24871502569948603,0.23359532809343814
0.34581308373832526,0.23737525249495012
0.8601027979440411,0.47245055098898026
0.29591408171836564,0.373632527349453
0.48699026019479613,0.4736305273894522
0.7655046899062019,0.7953440931181377
0.5190896182076359,0.752544949101018
0.8264834703305934,0.8118837623247536
0.8149837003259935,0.7782644347113058
0.2649947001059979,0.22401551968960623
0.251114977700446,0.17941641167176658
0.7740045199096018,0.5717285654286914
0.29309413811723767,0.35011299774004523
0.24721505569888602,0.19883602327953442
0.3390532189356213,0.3667726645467091
0.7837443251134978,0.7419851602967941
0.003479930401391972,0.003419931601367973
0.06515869682606348,0.1761164776704466
0.29311413771724565,0.29597408051838964
0.7818243635127298,0.6480470390592188
0.21701565968680628,0.22051558968820625
0.5858882822343553,0.6762264754704906
0.8621427571448571,0.8484030319393613
0.8567828643427132,0.8610227795444091
0.1871962560748785,0.39647207055858885
0.883342333153337,0.880262394752105
0.9262614747705046,0.4407711845763085
0.47127057458850824,0.5422291554168917
0.33719325613487733,0.42113157736845264
0.10489790204195916,0.37273254534909306
0.2730145397092058,0.26645467090658187
0.0495990080198396,0.10899782004359913
0.14307713845723086,0.19199616007679848
0.9661406771864564,0.9569008619827604
0.40687186256274877,0.4025919481610368
0.21567568648627028,0.2275554488910222
0.9730805383892323,0.9683606327873443
0.05529889402211956,0.01759964800703986
0.11503769924601509,0.22937541249175017
0.11847763044739106,0.09907801843963121
0.253014939701206,0.39293214135717286
0.03969920601587969,0.012159756804863904
0.13531729365412692,0.18571628567428652
0.10861782764344713,0.15447691046179077
0.5707285854282914,0.4275714485710286
0.18015639687206256,0.2023759524809504
0.4537509249815004,0.33507329853402934
0.8288834223315534,0.7431051378972421
0.28205435891282177,0.26463470730585387
0.8628827423451532,0.9142017159656807
0.2850142997140057,0.36125277494450114
0.9668006639867203,0.9690806183876323
0.8470230595388093,0.7732645347093059
0.9078818423631527,0.8957620847583049
0.05449891002179957,0.06849863002739945
0.6917261654766905,0.6881262374752505
0.5201295974080519,0.4918701625967481
0.17885642287154258,0.125777484450311
0.4260514789704206,0.44423111537769244
0.6918861622767545,0.7341453170936582
0.6892862142757145,0.7140457190856183
0.9518209635807284,0.5739485210295794
0.6136077278454432,0.5414491710165796
0.1768964620707586,0.1754164916701666
0.5062498750025,0.5249095018099639
0.1503569928601428,0.45673086538269236
0.5872682546349073,0.5124297514049719
0.45857082858342835,0.5553888922221556
0.7046859062818744,0.7136857262854743
0.7977840443191136,0.8102037959240815
0.8555028899422011,0.7713645727085459
0.8966020679586408,0.8321633567328653
0.0883182336353273,0.23171536569268616
0.7133657326853463,0.6401871962560749
0.4734105317893642,0.7015059698806024
0.2771944561108778,0.31831363372732546
0.38607227855442894,0.3098738025239495
0.4346313073738525,0.36839263214735707
0.2846743065138697,0.3059338813223736
0.21221575568488632,0.20517589648207035
0.6897462050758985,0.7027659446811064
0.9092018159636808,0.8614027719445612
0.6748065038699226,0.6583068338633228
0.15619687606247876,0.11075778484430311
0.6838263234735306,0.6442671146577069
0.880962380752385,0.8246435071298575
0.35875282494350114,0.2696946061078779
0.3005139897202056,0.4392912141757165
0.24149517009659807,0.25517489650207
0.21817563648727026,0.249655006899862
0.09631807363852724,0.18305633887322253
0.9536809263814724,0.9095018099638007
0.3266134677306454,0.6619867602647947
0.8386232275354493,0.49087018259634807
0.25627487450250996,0.252154956900862
0.7375252494950101,0.890102197956041
0.6913461730765385,0.752264954700906
0.34461310773784526,0.6164876702465951
0.9029019419611608,0.7961840763184737
0.08969820603587929,0.08891822163556728
0.9182616347673047,0.9019419611607769
0.12177756444871103,0.2002559948801024
0.49767004659906805,0.3502529949401012
0.505309893802124,0.506129877402452
0.5157296854062919,0.6352672946541069
0.5787284254314914,0.5941681166376672
0.14795704085918282,0.252034959300814
0.28065438691226174,0.3141537169256615
0.46543069138617227,0.4525509489810204
0.8244235115297694,0.8326233475330493
0.11061778764424712,0.1004379912401752
0.20423591528169438,0.2836343273134537
0.5146497070058599,0.509989800203996
0.4245915081698366,0.44285114297714046
0.8436031279374413,0.8154636907261855
0.6508069838603228,0.7298254034919301
0.5111697766044679,0.49429011419771607
0.18293634127317454,0.14757704845903083
0.014039719205615888,0.013999720005599889
0.7324253514929702,0.6669866602667947
0.879822403551929,0.9363412731745365
0.4387512249755005,0.28967420651586967
0.6908861822763545,0.6445671086578268
0.5256494870102598,0.31853362932741347
0.26995460090798185,0.3065738685226296
0.029599408011839766,0.037019259614807704
0.9576008479830403,0.9465610687786244
0.7392852142957141,0.7273454530909382
0.9483810323793525,0.9439611207775844
0.9754204915901682,0.9722805543889123
0.750804983900322,0.755704885902282
0.8214435711285775,0.8046839063218736
0.27067458650826987,0.9729605407891843
0.3691726165476691,0.20853582928341433
0.6023479530409392,0.6367272654546909
0.9574808503829924,0.9625607487850243
0.2387952240955181,0.3061138777224456
0.9083418331633367,0.8088238235235296
0.872822543549129,0.9110017799644008
0.023299534009319816,0.019539609207815844
0.4119317613647727,0.5991680166396672
0.7950240995180097,0.7011259774804505
0.2269554608907822,0.34239315213695726
0.05887882242355153,0.07979840403191936
0.4241915161696766,0.6016279674406512
0.08909821803563929,0.09017819643607128
0.45735085298294037,0.4259714805703886
0.501529969400612,0.3364532709345813
0.6469670606587868,0.47131057378852426
0.7917041659166817,0.8895622087558249
0.6473870522589549,0.5852082958340833
0.8086638267234656,0.8424431511369773
0.5965480690386192,0.6091278174436512
0.9195216095678087,0.9209815803683926
0.4406511869762605,0.1131177376452471
0.4310913781724366,0.50354992900142
0.8621027579448411,0.9549809003819923
0.20615587688246237,0.1769764604707906
0.3125337493250135,0.33071338573228537
0.0249995000099998,0.02401951960960781
0.19141617167656647,0.2403351932961341
0.2647347053058939,0.25953480930381395
0.8530429391412172,0.7042459150816984
0.4172116557668847,0.5165096698066038
0.45027099458010844,0.4324713505729886
0.5419091618167636,0.5574688506229876
0.0009399812003759925,0.0011999760004799903
0.9315013699726006,0.9265614687706246
0.751964960700786,0.74292514149717
0.1537169256614868,0.20623587528249435
0.27383452330953384,0.39403211935761284
0.8589428211435771,0.8623827523449531
0.6905861882762345,0.5512089758204836
0.8114437711245776,0.7727045459090819
0.13187736245275095,0.20867582648347033
0.10877782444351114,0.058638827223455536
0.5541689166216676,0.5781884362312754
0.628687426251475,0.8218635627287455
0.9790804183916322,0.9772404551908962
0.8041439171216576,0.9462610747785044
0.09991800163996721,0.20649587008259834
0.8158636827263455,0.8336433271334573
0.5071898562028759,0.2906141877162457
0.8628627427451451,0.8149637007259856
0.03919921601567969,0.03863922721545569
0.044399112017759645,0.06619867602647947
0.5104297914041719,0.6153676926461471
0.5205295894082118,0.3008539829203416
0.19479610407791845,0.0759584808303834
0.44107117857642847,0.4347513049739005
0.6912261754764905,0.8628427431451371
0.03909921801563969,0.04725905481890362
0.30495390092198155,0.34513309733805325
0.1361372772544549,0.1379972400551989
0.8756224875502491,0.9457410851782965
0.18583628327433452,0.10889782204355913
0.9747205055898882,0.9760804783904322
0.0248595028099438,0.028339433211335776
0.09171816563668726,0.04443911121777565
0.23061538769224615,0.13983720325593488
0.47383052338953224,0.632587348253035
0.9432611347773044,0.9165616687666247
0.3253334933301334,0.4769704605907882
0.1512769744605108,0.15945681086378272
0.2787744245115098,0.6302273954520909
0.40769184616307674,0.49013019739605207
0.7080258394832104,0.7358852822943541
0.34463310733785324,0.30271394572108556
0.8822623547529049,0.8913021739565209
0.7006859862802745,0.8297834043319134
0.504989900201996,0.5836083278334433
0.2637347253054939,0.23269534609307815
0.7832843343133138,0.8460030799384013
0.008419831603367933,0.011599768004639908
0.7033459330813384,0.7928041439171217
0.873402531949361,0.8601227975440492
0.5884882302353953,0.624127517449651
0.3637127257454851,0.36645267094658107
0.9162816743665128,0.9253214935701286
0.5326493470130598,0.8373632527349454
0.5256894862102758,0.5189096218075638
0.9166616667666647,0.9102817943641127
0.46801063978720425,0.4631107377852443
0.04411911761764765,0.9027619447611048
0.7940841183176337,0.8116437671246576
0.9983200335993281,0.9420211595768085
0.7014859702805945,0.758384832303354
0.2115757684846303,0.10903781924361514
0.6440671186576269,0.2117957640847183
0.889402211955761,0.9202015959680807
0.5728085438291234,0.497010059798804
0.32969340613187736,0.17049659006819864
0.5959680806383872,0.503269934601308
0.9622407551848964,0.9527209455810884
0.46291074178516434,0.6156676866462671
0.18233635327293454,0.17305653886922262
0.6316073678526429,0.49761004779904405
0.17889642207155856,0.19137617247655048
0.9450210995780085,0.9277414451710966
0.6837463250734985,0.7670446591068178
0.6534869302613948,0.6723465530689386
0.5885482290354193,0.5391892162156757
0.1644367112657747,0.14545709085818284
0.10499790004199916,0.18397632047359053
0.378192436151277,0.34543309133817324
0.9873802523949521,0.9884802303953921
0.5339493210135797,0.40615187696246075
0.6885062298754026,0.6707265854682907
0.4165316693666127,0.4192716145677087
0.14955700885982282,0.14187716245675086
0.25543489130217395,0.22859542809143818
0.9454410911781764,0.9548409031819364
0.16607667846643068,0.19233615327693446
0.40843183136337274,0.37201255974880504
0.9434811303773925,0.9512009759804805
0.639567208655827,0.7038859222815544
0.7045859082818344,0.6684866302673946
0.7799444011119778,0.7971640567188657
0.8594628107437852,0.8597228055438891
0.7926041479170417,0.8217435651286975
0.7801643967120658,0.7792844143117138
0.7063458730825384,0.7371452570948581
0.34039319213615726,0.33491330173396533
0.40425191496170076,0.32483350332993344
0.22357552848943021,0.2154956900861983
0.8289434211315774,0.8975020499590008
0.07447851042979141,0.0637387252254955
0.4386312273754525,0.3517529649407012
0.7974440511189776,0.7773844523109538
0.35085298294034123,0.30569388612227755
0.37909241815163697,0.5864482710345793
0.39363212735745284,0.5206695866082679
0.5987080258394832,0.629847403051939
0.06467870642587148,0.05463890722185556
0.18073638527229455,0.18221635567288655
0.37023259534809305,0.3536329273414532
0.5186296274074519,0.45955080898382034
0.42735145297094057,0.42015159696806065
0.43379132417351657,0.40465190696186076
0.5689886202275954,0.5557888842223155
0.013479730405391892,0.0630187396252075
0.5801083978320434,0.6129877402451951
0.5509289814203716,0.5510889782204356
0.502409951800964,0.378432431351373
0.08351832963340733,0.16933661326773466
0.6121477570448591,0.7107057858842823
0.09793804123917522,0.09495810083798324
0.3121737565248695,0.40715185696286077
0.252534949301014,0.11623767524649507
0.05197896042079159,0.0997580048399032
0.02151956960860783,0.024339513209735805
0.8097438051238975,0.8241835163296735
0.8551428971420572,0.624487510249795
0.751004979900402,0.4925101497970041
0.6513069738605228,0.6908861822763545
0.9215015699686007,0.9295214095718086
0.35961280774384513,0.04587908241835163
0.3037539249215016,0.3060538789224216
0.04387912241755165,0.05641887162256755
0.08245835083298335,0.10385792284154317
0.8352632947341053,0.8453630927381452
0.5684286314273714,0.5227495450090999
0.28121437571248575,0.23289534209315815
0.0886782264354713,0.11919761604767905
0.33009339813203736,0.1762964740705186
0.8988820223595528,0.8972220555588889
0.2803943921121578,0.2367352652946941
0.8190836183276334,0.7891642167156657
0.500669986600268,0.31625367492650147
0.753864922701546,0.7472050558988821
0.21735565288694228,0.2389552208955821
0.1507969840603188,0.14797704045919083
0.5138497230055399,0.5027499450011
0.20375592488150238,0.2599148017039659
0.8640027199456011,0.752464950700986
0.6116277674446511,0.5800283994320113
0.39167216655666887,0.41785164296714067
0.4674706505869883,0.5525889482210355
0.2867942641147177,0.23003539929201416
0.7031259374812504,0.6880062398752025
0.4496910061798764,0.46075078498430033
0.8938421231575369,0.8594828103437931
0.21819563608727827,0.32135357292854144
0.7291454170916581,0.6683666326673466
0.7255854882902342,0.6983860322793545
0.14391712165756684,0.1641767164656707
0.11359772804543909,0.13003739925201496
0.8614827703445931,0.8586628267434652
0.5655286894262115,0.7285254294914102
0.8674026519469611,0.9107017859642808
0.37007259854802904,0.4004119917601648
0.05797884042319154,0.372372552548949
0.4529709405811884,0.4033119337613248
0.8325433491330174,0.7744245115097699
0.28399432011359776,0.2889142217155657
0.13931721365572688,0.12921741565168698
0.75112497750045,0.6867462650746985
0.09317813643727126,0.09567808643827123
0.055598888022239557,0.03325933481330374
0.7746845063098738,0.7848643027139457
0.8049239015219696,0.7821843563128738
0.45085098298034043,0.4948501029979401
0.8215435691286175,0.9329813403731926
0.9296414071718566,0.9475410491790165
0.4143317133657327,0.3947321053578929
0.48105037899242015,0.5976880462390752
0.7703245935081299,0.880142397152057
0.8647427051458971,0.7727445451090978
0.9455610887782244,0.9652406951860963
0.5359892802143957,0.5118097638047239
0.7734645307093858,0.757664846703066
0.4527509449811004,0.33707325853482933
0.7267254654906902,0.7577448451030979
0.03685926281474371,0.05091898162036759
0.4445311093778125,0.4276714465710686
0.16993660126797464,0.19237615247695047
0.2250154996900062,0.2921541569168617
0.5576288474230515,0.5893882122357553
0.07341853162936741,0.42147157056858864
0.26759464810703787,0.3375132497350053
0.1751164976700466,0.7036859262814744
0.9735405291894162,0.9737005259894802
0.9109617807643847,0.9436011279774404
0.8444631107377852,0.8509829803403932
0.23181536369272615,0.19265614687706248
0.033299334013319734,0.050338993220135596
0.6034879302413952,0.6803863922721546
0.8667826643467131,0.8362232755344894
0.4689506209875803,0.45661086778264437
0.06631867362652748,0.14683706325873483
0.1750964980700386,0.23101537969240615
0.015999680006399872,0.10517789644207116
0.868922621547569,0.8517429651406973
0.32049359012819745,0.33821323573528533
0.10999780004399913,0.22731545369092618
0.002899942001159977,0.0028399432011359774
0.10087798244035119,0.11349773004539909
0.17391652166956661,0.16515669686606269
0.7057458850822984,0.7007059858802824
0.06059878802423952,0.062038759224815505
0.6061678766424672,0.5935481290374193
0.9846403071938562,0.9729205415891683
0.9866602667946641,0.9893802123957521
0.17939641207175858,0.3283534329313414
0.3502929941401172,0.3281334373312534
0.5747485050298994,0.46851062978740426
0.6505469890602188,0.40723185536289275
0.8133037339253215,0.7733845323093539
0.991060178796424,0.9889802203955921
0.13077738445231096,0.30883382332353354
0.12395752084958302,0.11465770684586309
0.36073278534429315,0.8425831483370333
0.7237855242895143,0.7181656366872663
0.8168436631267375,0.8533429331413372
0.3161336773264535,0.3106737865242695
0.9872402551948961,0.9844603107937842
0.14615707685846283,0.10461790764184717
0.18285634287314254,0.13023739525209496
0.20893582128357432,0.21695566088678228
0.5225095498090039,0.6085678286434272
0.8853422931541369,0.8986420271594568
0.5260094798104038,0.503289934201316
0.6722865542689146,0.625687486250275
0.8856022879542409,0.8622427551448971
0.7896442071158577,0.7922841543169137
0.25795484090318194,0.11743765124697507
0.01133977320453591,0.01629967400651987
0.5624887502249956,0.4032119357612848
0.9984600307993841,0.998380032399352
0.7874042519149618,0.7197856042879143
0.6947061058778825,0.8886822263554729
0.6856862862742745,0.6097878042439151
0.5963280734385312,0.4721505569888602
0.18331633367332653,0.2618147637047259
0.6979660406791864,0.759864802703946
0.9468010639787204,0.8346633067338654
0.6997260054798904,0.6920261594768105
0.10677786444271115,0.2119957600847983
0.1125177496450071,0.19285614287714245
0.2678546429071419,0.33615327693446134
0.058398832023359534,0.05533889322213556
0.20667586648267036,0.15591688166236675
0.14963700725985482,0.17029659406811865
0.0629187416251675,0.014239715205695887
0.2146957060858783,0.2612347753044939
0.5119897602047959,0.5713685726285475
0.4662706745865083,0.48191036179276414
0.7028259434811304,0.5874282514349713
0.2929541409171817,0.37143257134857305
0.10309793804123918,0.2103157936841263
0.6844063118737626,0.7221855562888743
0.3656126877462451,0.501009979800404
0.5264694706105878,0.631927361452771
0.0754984900301994,0.10357792844143117
0.8122837543249135,0.7960240795184097
0.127557448851023,0.20479590408191836
0.7365052698946022,0.7660446791064179
0.8263634727305454,0.8306433871322574
0.10611787764244715,0.3690126197476051
0.5717285654286914,0.5754284914301714
0.18977620447591048,0.22003559928801425
0.44863102737945243,0.3895922081558369
0.30225395492090157,0.30747385052298953
0.7606847863042739,0.7409051818963621
0.3475130497390052,0.3921521569568609
0.15735685286294274,0.3180136397272055
0.3631327373452531,0.5825683486330273
0.7088258234835304,0.6933461330773385
0.4109117817643647,0.4020919581608368
0.14565708685826284,0.09771804563908722
0.996220075598488,0.9939001219975601
0.45647087058258834,0.44245115097698046
0.05293894122117558,0.047819043619127616
0.06519869602607949,0.05813883722325554
0.6862662746745065,0.48893022139557213
0.28239435211295777,0.17851642967140657
0.9972000559988801,0.997140057198856
0.5456290874182517,0.4294914101717966
0.09737805243895123,0.09253814923701527
0.023419531609367814,0.0755584888302234
0.6414071718565629,0.6521869562608748
0.10419791604167918,0.08513829723405532
0.07621847563048739,0.0891782164356713
0.15847683046339073,0.24909501809963802
0.7037659246815064,0.6712265754684906
0.8406031879362413,0.7205255894882102
0.6744865102697947,0.6728065438691226
0.3344733105337893,0.6737265254694906
0.007439851202975941,0.004059918801623968
0.15763684726305474,0.7111857762844743
0.5994080118397632,0.8135437291254175
0.4038319233615328,0.43615127697446054
0.7887442251154977,0.43351132977340456
0.5492490150196996,0.5631287374252515
0.2904341913161737,0.41609167816643666
0.21247575048499032,0.1002579948401032
0.4659106817863643,0.22203555928881424
0.04007919841603168,0.07393852122957541
0.621267574648507,0.39087218255634887
0.46165076698466034,0.874222515549689
0.3883922321553569,0.4183516329673407
0.36549269014619706,0.47225055498890023
0.882402351952961,0.9112017759644807
0.9403211935761285,0.9351412971740566
0.2037159256814864,0.2144357112857743
0.17065658686826263,0.1125577488450231
0.5185096298074039,0.5272894542109158
0.020639587208255837,0.0248995020099598
0.6745865082698346,0.5975880482390352
0.374712505749885,0.5473290534189317
0.621727565448691,0.5758684826303474
0.6834263314733705,0.7420451590968181
0.25983480330393394,0.3620127597448051
0.8939621207575849,0.8989820203595928
0.9667806643867123,0.9556408871822564
0.3237135257294854,0.26907461850762987
0.4026919461610768,0.5243295134097318
0.5382292354152917,0.5578688426231475
0.33581328373432534,0.16605667886642267
0.20029599408011842,0.1645567088658227
0.6823663526729465,0.6679466410671787
0.09211815763684726,0.11845763084738306
0.8291834163316734,0.75972480550389
0.6726865462690746,0.6525469490610188
0.8291434171316574,0.8218435631287374
0.7855242895142097,0.7763644727105458
0.3877722445551089,0.5223895522089559
0.9006819863602729,0.9065218695626088
0.500029999400012,0.5551688966220676
0.4424711505769885,0.6560468790624188
0.45593088138237237,0.2929541409171817
0.7007259854802904,0.7756244875102498
0.1872762544749105,0.13877722445551088
0.46983060338793226,0.50154996900062
0.6544269114617708,0.634167316653667
0.7951840963180736,0.6188276234475311
0.22997540049199017,0.17163656726865464
0.9490410191796165,0.9595808083838323
0.9809803803923922,0.9806403871922562
0.24811503769924603,0.24241515169696606
0.7463250734985301,0.6965260694786104
0.6366472670546589,0.42427151456970863
0.49961000779984405,0.5257694846103078
0.9935601287974241,0.9949001019979601
0.1638967220655587,0.33171336573268534
0.5560088798224035,0.47091058178836426
0.14295714085718286,0.1635567288654227
0.7688646227075459,0.7061058778824424
0.7332453350932981,0.7822643547129058
0.4309313813723726,0.33229335413291733
0.3397932041359173,0.46165076698466034
0.08489830203395933,0.06049879002419952
0.5559488810223796,0.5129097418051639
0.38087238255234895,0.2145557088858223
0.012919741605167897,0.6434271314573708
0.7699246015079698,0.7806243875122498
0.49659006819863605,0.28223435531289376
0.6596468070638587,0.6745665086698266
0.6087278254434911,0.6183676326473471
0.760304793904122,0.7763444731105378
0.5486490270194596,0.4694106117877643
0.4277914441711166,0.38555228895422095
0.7938441231175377,0.6151476970460591
0.19129617407651847,0.4013519729605408
0.4414511709765805,0.6026679466410672
0.12357752844943101,0.1364972700545989
0.627087458250835,0.6066878662426751
0.6754464910701786,0.6668666626667467
0.4372112557748845,0.4866702665946681
0.7912441751164977,0.7825843483130338
0.9677406451870962,0.9647607047859044
0.5426491470170597,0.6758864822703546
0.9848003039939202,0.9872802543949122
0.26693466130677385,0.24515509689806206
0.9778204435911282,0.9805803883922322
0.8234035319293614,0.7762644747105059
0.7967040659186817,0.39281214375712487
0.15395692086158277,0.18093638127237455
0.5742085158296835,0.6656266874662506
0.16723665526689466,0.15861682766344673
0.009539809203815924,0.008019839603207936
0.1123777524449511,0.21133577328453432
0.8315233695326094,0.5343093138137237
0.25931481370372594,0.254134917301654
0.6578468430631388,0.7407051858962821
0.014799704005919883,0.006519869602607948
0.009059818803623929,0.010879782404351914
0.3655726885462291,0.3607727845443091
0.9541609167816644,0.9686606267874642
0.8876422471550569,0.8240435191296175
0.9336613267734646,0.9356212875742486
0.04367912641747165,0.0247995040099198
0.38445231095378096,0.2989140217195656
0.6949061018779624,0.6087678246435072
0.874802503949921,0.867222655546889
0.5745285094298114,0.5299094018119638
0.623007539849203,0.6484870302593948
0.4259714805703886,0.5570488590228195
0.5914281714365713,0.48093038139237215
0.879322413551729,0.8416231675366493
0.2593348133037339,0.42387152256954863
0.9345813083738326,0.9375212495750085
0.7218455630887383,0.9594808103837924
0.634427311453771,0.4598508029839403
0.2132957340853183,0.2885742285154297
0.8690226195476091,0.1635767284654307
0.11493770124597509,0.1128977420451591
0.6643067138657227,0.6843463130737385
0.4660906781864363,0.4754704905901882
0.4907701845963081,0.42173156536869266
0.3556928861422772,0.35809283814323717
0.059638807223855526,0.10211795764084719
0.8843023139537209,0.8680426391472171
0.9318613627727446,0.9550608987820244
0.7878242435151297,0.8291034179316414
0.32253354932901346,0.3264734705305894
0.8368432631347373,0.6138677226455471
0.25067498650027,0.17371652566948662
0.14263714725705487,0.1752564948701026
0.41655166896662066,0.48367032659346815
0.8356632867342654,0.6907261854762905
0.8144837103257935,0.7146457070858583
0.7104057918841623,0.7295454090918182
0.9586008279834404,0.9618407631847363
0.7668646627067459,0.4622107557848843
0.8984420311593768,0.886422271554569
0.07217855642887143,0.05283894322113558
0.5958480830383392,0.46927061458770825
0.762244755104898,0.7645047099058019
0.9749005019899603,0.9887202255954881
0.1004979900401992,0.09885802283954322
0.31717365652686946,0.5386892262154757
0.009659806803863923,0.008179836403271934
0.051038979220415594,0.060918781624367514
0.03569928601427971,0.030539389212215756
0.6569268614627708,0.6759864802703947
0.2998340033199336,0.22917541649167017
0.8236035279294415,0.7010859782804344
0.7228055438891222,0.7646447071058579
0.015699686006279873,0.02149957000859983
0.4353312933741325,0.6873462530749386
0.9097818043639128,0.8912621747565049
0.9409211815763685,0.9394812103757925
0.3865522689546209,0.4716305673886522
0.759604807903842,0.8401431971360573
0.21281574368512632,0.26245475090498194
0.7074458510829784,0.7144257114857703
0.2774544509109818,0.3037539249215016
0.3375532489350213,0.3666526669466611
0.6796464070718586,0.6557868842623148
0.2804943901121978,0.373532529349413
0.05291894162116758,0.058518829623407535
0.5232895342093158,0.629127417451651
0.1383572328553429,0.1381172376552469
0.8922421551568969,0.6921461570768584
0.8280834383312334,0.3267934641307174
0.35629287414251715,0.49241015179696407
0.6341273174536509,0.501329973400532
0.6501269974600509,0.6972260554788905
0.754584908301834,0.3937721245575089
0.39235215295694087,0.26937461250774986
0.125097498050039,0.1999760004799904
0.30789384212315757,0.04159916801663967
0.39893202135957284,0.508069838603228
0.2777144457110858,0.22221555568888623
0.5829083418331633,0.09067818643627128
0.9625607487850243,0.9712005759884803
0.5282494350112998,0.4899502009959801
0.6090078198436032,0.27223455530889384
0.21863562728745425,0.35889282214355717
0.8632027359452811,0.3236735265294694
0.14741705165896682,0.1515969680606388
0.3875922481550369,0.49675006499870006
0.5388892222155557,0.6392472150556989
0.6491270174596508,0.6922061558768825
0.7413651726965461,0.7595848083038339
0.3629327413451731,0.378852422951541
0.8940221195576089,0.9115217695646087
0.0018999620007599848,0.0018199636007279855
0.7420851582968341,0.6775864482710346
0.6139277214455711,0.618847623047539
0.9614407711845764,0.9731205375892482
0.33305333893322137,0.3529329413411732
0.7097858042839144,0.7633247335053299
0.2413351732965341,0.38339233215335694
0.14807703845923081,0.2011759764804704
0.4302913941721166,0.496390072198556
0.2394552108957821,0.24513509729805405
0.759984800303994,0.762584748305034
0.9103417931641368,0.9485210295794084
0.9317813643727125,0.9425611487770245
0.9428411431771365,0.8755024899502011
0.3956520869582609,0.08183836323273534
0.7242055158896822,0.7419251614967701
0.14111717765644688,0.23491530169396613
0.8318833623327534,0.8364232715345693
0.2737545249095018,0.3138937221255575
0.998740025199496,0.9670606587868243
0.4015119697606048,0.30741385172296554
0.43775124497510054,0.4135917281654367
0.6609867802643947,0.873422531549369
0.8332833343333134,0.8199636007279855
0.9608607827843444,0.879062418751625
0.10625787484250315,0.14463710725785484
0.08565828683426331,0.13505729885402293
0.02763944721105578,0.05573888522229556
0.3880322393552129,0.48087038259234816
0.27767444651106976,0.20725585488290235
0.8104037919241616,0.7927041459170817
0.8082438351232976,0.8566028679426412
0.16513669726605468,0.17991640167196657
0.756904861902762,0.5462690746185076
0.09651806963860723,0.14557708845823084
0.8969020619587609,0.8129637407251855
0.8484230315393693,0.886662266754665
0.36159276814463714,0.37005259894802106
0.5929081418371632,0.6554668906621868
0.9698406031879363,0.9734605307893842
0.5677086458270835,0.498630027399452
0.15201695966080678,0.8734425311493771
0.07935841283174337,0.07953840923181536
0.638527229455411,0.5998680026399472
0.3355532889342213,0.2909141817163657
0.8529629407411852,0.7686046279074419
0.32421351572968543,0.3135337293254135
0.3068538629227416,0.3125537489250215
0.8626227475450491,0.8302833943321134
0.007139857202855943,0.007239855202895942
0.5956880862382753,0.875302493950121
0.7195656086878263,0.7727245455090899
0.4930701385972281,0.6426471470570588
0.3296734065318694,0.25677486450271
0.26771464570708586,0.1740965180696386
0.019379612407751847,0.0030599388012239755
0.371752564948701,0.30317393652126956
0.4804503909921802,0.5302493950120998
0.9371212575748485,0.9649807003859923
0.1744965100697986,0.15817683646327074
0.8404231915361693,0.7918441631167377
0.7384052318953621,0.751304973900522
0.08341833163336733,0.09557808843823123
0.6373272534549309,0.5675886482270355
0.03113937721245575,0.048439031219375615
0.7359052818943621,0.6585068298634028
0.8188636227275454,0.8137237255254895
0.6076878462430751,0.8078838423231536
0.30755384892302157,0.22123557528849425
0.07927841443171137,0.09753804923901523
0.38291234175316496,0.3504329913401732
0.14729705405891882,0.14355712885742286
0.7123857522849544,0.5751484970300594
0.8265834683306335,0.8500029999400013
0.46115077698446033,0.3122137557248855
0.0748585028299434,0.06335873282534349
0.029419411611767764,0.030519389612207758
0.5492690146197077,0.1769364612707746
0.1647167056658867,0.19357612847743047
0.9122617547649048,0.9723805523889523
0.9679806403871923,0.9776404471910562
0.40917181656366874,0.5044499110017799
0.755364892702146,0.4298514029719406
0.6045279094418112,0.622507549849003
0.7112657746845064,0.6390272194556109
0.09961800763984721,0.09319813603727926
0.25869482610347794,0.3396732065358693
0.31637367252654947,0.2615747685046299
0.2790544189116218,0.4421911561768765
0.9788604227915442,0.9830603387932242
0.37275254494910104,0.881602367952641
0.510229795404092,0.5205295894082118
0.2707745845083098,0.27211455770884585
0.4246915061698766,0.34319313613727725
0.37303253934921304,0.43689126217475655
0.7340053198936022,0.8540029199416012
0.29477410451790964,0.42569148617027663
0.6503069938601228,0.6402671946561069
0.059618807623847525,0.09689806203875923
0.45519089618207637,0.500669986600268
0.8912221755564889,0.8855622887542249
0.881762364752705,0.7072458550828984
0.5969080618387632,0.631627367452651
0.746805063898722,0.3891922161556769
0.8451630967380652,0.8484830303393932
0.5768284634307314,0.5358292834143318
0.4673906521869563,0.4129317413651727
0.6509469810603788,0.6031879362412752
0.8432631347373053,0.8598028039439212
0.5601887962240756,0.7739045219095618
0.6067478650426992,0.6048679026419472
0.14505709885802284,0.2158356832863343
0.2894742105157897,0.2645147097058059
0.5878082438351233,0.40981180376392473
0.9156816863662727,0.9207815843683127
0.5800083998320034,0.7029059418811624
0.23305533889322214,0.32397352052958944
0.4046919061618768,0.44719105617887644
0.2624747505049899,0.3666126677466451
0.375932481350373,0.22043559128817425
0.8462630747385053,0.8120637587248255
0.3658526829463411,0.4254714905701886
0.8972220555588889,0.8315033699326013
0.14831703365932683,0.16811663766724666
0.3383932321353573,0.44415111697766047
0.18297634047319053,0.3048539029219416
0.10805783884322313,0.2742545149097018
0.9410011799764005,0.9063618727625448
0.6902261954760905,0.7253454930901382
0.6707065858682827,0.254594908101838
0.0494990100197996,0.03213935721285575
0.5454090918181637,0.5754884902301954
0.09577808443831123,0.0500789984200316
0.5684486310273795,0.3293134137317254
0.4551108977820444,0.5508289834203316
0.7772844543109139,0.8211235775284494
0.14671706565868683,0.1635967280654387
0.8344433111337773,0.9430211395772085
0.3294934101317974,0.15541689166216677
0.9604607907841843,0.9483410331793365
0.2780944381112378,0.4865102697946041
0.9657406851862963,0.9617807643847124
0.07811843763124737,0.04105917881642367
0.889182216355673,0.884862302753945
0.13683726325473491,0.1509369812603748
0.4594508109837803,0.3480130397392052
0.511589768204636,0.750004999900002
0.7033059338813223,0.7335853282934341
0.6540069198616028,0.24691506169876604
0.9505809883802324,0.9474010519789604
0.7908641827163457,0.7473250534989301
0.4392712145757085,0.40823183536329277
0.7407851842963141,0.7892242155156897
0.7424451510969781,0.8483230335393293
0.3409331813363733,0.019319613607727847
0.33339333213335737,0.4032919341613168
0.6096078078438432,0.5630087398252035
0.015499690006199876,0.016959660806783863
0.7250254994900103,0.7821243575128498
0.41893162136757267,0.35319293614127717
0.15655686886262277,0.09491810163796724
0.06627867442651147,0.11405771884562309
0.1631567368652627,0.07795844083118338
0.9761404771904563,0.9741605167896642
0.0015399692006159878,0.00125997480050399
0.15797684046319074,0.0878782424351513
0.08391832163356733,0.10121797564048719
0.19443611127777446,0.20695586088278234
0.08679826403471931,0.10859782804343913
0.5918481630367393,0.7047459050818984
0.5542289154216916,0.5194496110077799
0.1620367592648147,0.16745665086698266
0.44497110057798844,0.5556288874222516
0.07401851962960741,0.6779464410711786
0.497710045799084,0.6349073018539629
0.09617807643847123,0.1002179956400872
0.8911821763564729,0.9106617867642648
0.21461570768584629,0.18951620967580649
0.8700025999480011,0.9283814323713526
0.7270054598908022,0.8168636627267455
0.9191616167676647,0.9114817703645928
0.880362392752145,0.8097438051238975
0.9351412971740566,0.9560008799824004
0.8930621387572248,0.8545429091418172
0.5177496450070999,0.5580088398232036
0.2934141317173657,0.4790504189916202
0.4027919441611168,0.34953300933981324
0.3412131757364853,0.30945381092378155
0.1373372532549349,0.15741685166296673
0.3521129577408452,0.32015359692806145
0.3613327733445331,0.33283334333313336
0.12481750364992701,0.1886362272754545
0.5292094158116838,0.5348893022139557
0.9370212595748085,0.9439411211775764
0.19587608247835045,0.3504929901401972
0.03929921401571969,0.06529869402611949
0.33043339133217337,0.374432511349773
0.5838883222335554,0.5504289914201717
0.4648107037859243,0.4625307493850123
0.27515449691006183,0.4381912361752765
0.48709025819483615,0.3376532469350613
0.0013399732005359892,0.0013399732005359892
0.06613867722645547,0.08007839843203136
0.3442531149377013,0.38423231535369295
0.08963820723585529,0.10675786484270315
0.7068258634827304,0.886902261954761
0.6452070958580829,0.5864682706345873
0.5970280594388112,0.627987440251195
0.7703645927081458,0.5540889182216356
0.8920621587568249,0.9837403251934962
0.9688206235875283,0.9936201275974481
0.22229555408891824,0.2902741945161097
0.9104017919641607,0.872922541549169
0.05271894562108758,0.051938961220775584
0.8701625967480651,0.6602267954640907
0.44125117497650046,0.2651546969060619
0.7464250714985701,0.9056418871622568
0.08155836883262335,0.0626187476250475
0.05091898162036759,0.043059138817223654
0.0750984980300394,0.07089858202835944
0.25725485490290195,0.29571408571828567
0.20607587848243036,0.34267314653706926
0.5410291794164117,0.8744825103497931
0.23455530889382215,0.26045479090418194
0.9187016259674807,0.8273234535309294
0.4890102197956041,0.45989080218395634
0.1130377392452151,0.4145117097658047
0.5631887362252755,0.8312033759324814
0.8166636667266655,0.7410651786964261
0.8362432751344974,0.8014439711205776
0.15759684806303875,0.16019679606407872
0.08749825003499931,0.0879382412351753
0.742345153096938,0.7626647467050659
0.39161216775664487,0.17911641767164657
0.8460430791384173,0.8061438771224576
0.8203835923281535,0.8359232815343693
0.15777684446311074,0.1619767604647907
0.378552428951421,0.4030919381612368
0.3994120117597648,0.4522709545809084
0.9686206275874483,0.9530609387812244
0.09437811243775125,0.07371852562948741
0.45891082178356435,0.498210035799284
0.4554108917821644,0.4646707065858683
0.7934841303173937,0.7718045639087219
0.501769964600708,0.5425091498170037
0.21267574648507032,0.17989640207195856
0.2384552308953821,0.24481510369792606
0.7311853762924742,0.8154436911261775
0.6784464310713786,0.03649927001459971
0.5728685426291474,0.5170896582068358
0.39979200415991684,0.41941161176776465
0.5421691566168677,0.5919081618367633
0.9164416711665767,0.9186616267674647
0.24123517529649408,0.17823643527129457
0.45933081338373233,0.5974680506389872
0.8488830223395533,0.8004439911201776
0.8289634207315854,0.8234235315293694
0.8402831943361133,0.8257434851302974
0.5862482750344993,0.21751564968700626
0.1787564248715026,0.20287594248115037
0.5900881982360353,0.626287474250515
0.9375012499750005,0.3618727625447491
0.3084538309233815,0.20657586848263035
0.9073818523629528,0.9744005119897602
0.07673846523069539,0.09579808403831924
0.016679666406671866,0.1649767004659907
0.48601027979440414,0.5587488250234995
0.7972240555188896,0.7701245975080498
0.5667686646267075,0.6491270174596508
0.8251834963300734,0.7308653826923461
0.19581608367832645,0.2878542429151417
0.754444911101778,0.7448051038979221
0.39415211695766084,0.49059018819623607
0.16895662086758265,0.1744165116697666
0.3180136397272055,0.3051938961220776
0.3015739685206296,0.2123157536849263
0.7044659106817864,0.7909641807163857
0.8548429031419372,0.4537309253814924
0.15631687366252675,0.23273534529309414
0.19341613167736646,0.2627947441051179
0.07187856242875143,0.06905861882762344
0.14045719085618288,0.12187756244875103
0.7011459770804584,0.7677446451070978
0.1373972520549589,0.16959660806783866
0.5711885762284754,0.5196896062078759
0.7867042659146818,0.7963840723185537
0.16973660526789464,0.20891582168356634
0.048639027219455615,0.058298834023319535
0.500709985800284,0.5894682106357874
0.7344653106937862,0.7499650006999861
0.28313433731325377,0.23463530729385412
0.7002659946801064,0.6411871762564749
0.2023359532809344,0.2378752424951501
0.4770704585908282,0.45679086418271636
0.3426931461370773,0.3173136537269255
0.5560488790224196,0.23943521129577408
0.7879842403151938,0.7242255154896903
0.9674406511869763,0.9635607287854243
0.9719405611887763,0.8929021419571609
0.5385292294154117,0.48179036419271615
0.8271634567308654,0.5997080058398833
0.6222275554488911,0.16619667606647867
0.04171916561668767,0.05101897962040759
0.35411291774164516,0.15209695806083878
0.1907961840763185,0.33461330773384534
0.23989520209595808,0.2907141857162857
0.5857482850342993,0.5878082438351233
0.7436851262974741,0.9187416251674967
0.2675146497070059,0.3063938721225576
0.3614527709445811,0.3436731265374693
0.28309433811323775,0.3259534809303814
0.4473910521789564,0.3498530029399412
0.03879922401551969,0.02263954720905582
0.18711625767484652,0.17891642167156657
0.9699006019879602,0.9820803583928321
0.8698826023479531,0.5866282674346514
0.16803663926721465,0.25287494250115
0.6445271094578109,0.6058278834423312
0.31853362932741347,0.17367652646947063
0.12363752724945501,0.08433831323373533
0.33495330093398135,0.37177256454870905
0.7476650466990661,0.5902881942361153
0.7902041959160817,0.7830843383132338
0.6809863802723946,0.6576868462630747
0.7696046079078419,0.8087238255234895
0.888382232355353,0.8487630247395053
0.757644847103058,0.7480050398992021
0.6080478390432191,0.7978840423191537
0.4007519849603008,0.4166916661666767
0.5218095638087239,0.5433891322173556
0.2283554328913422,0.20927581448371033
0.7293654126917462,0.8098838023239535
0.7338653226935462,0.9780004399912002
0.37177256454870905,0.1899962000759985
0.38337233255334896,0.382732345353093
0.7766444671106578,0.8422031559368813
0.15255694886102278,0.14277714445711087
0.49517009659806804,0.5791284174316513
0.014639707205855883,0.01661966760664787
0.08209835803283935,0.1132777344453111
0.619907601847963,0.6007879842403152
0.7233055338893223,0.6776464470710586
0.47065058698826023,0.4766904661906762
0.4353712925741485,0.5776484470310594
0.3898722025559489,0.44353112937741246
0.8902821943561129,0.9121617567648648
0.998380032399352,0.9987800243995121
0.8147237055258895,0.8344033119337614
0.9361612767744646,0.9707205855882882
0.7449251014979701,0.8023039539209216
0.4258314833703326,0.49715005699886006
0.505069898602028,0.6239475210495791
0.30911381772364555,0.23231535369292616
0.8626427471450572,0.7816043679126418
0.1503769924601508,0.22331553368932622
0.5509889802203957,0.6222075558488831
0.20195596088078238,0.2132957340853183
0.6656866862662747,0.7389452210955781
0.7422651546969061,0.8019839603207937
0.15691686166276675,0.19857602847943043
0.2129157416851663,0.17899642007159858
0.002119957600847983,0.002239955200895982
0.4572308553828924,0.5814483710325794
0.36097278054438914,0.39557208855822884
0.10927781444371112,0.4657906841863163
0.380952380952381,0.43369132617347655
0.637607247855043,0.6060078798424031
0.24343513129737407,0.06435871282574349
0.16899662006759866,0.22167556648867023
0.14735705285894282,0.6589068218635628
0.7494850102997941,0.7434251314973701
0.38451230975380496,0.2642747145057099
0.08703825923481531,0.07033859322813545
0.8114637707245855,0.8257034859302814
0.8887622247555049,0.6426271474570509
0.49883002339953203,0.4636907261854763
0.10475790484190317,0.10663786724265516
0.7946241075178496,0.7069458610827783
0.884842303153937,0.8467430651386972
0.7236455270894583,0.43265134697306057
0.09467810643787125,0.08943821123577529
0.5595088098238036,0.42981140377192456
0.9953200935981281,0.9953800923981521
0.21665566688666227,0.02641947161056779
0.35715285694286114,0.30967380652386955
0.7733045339093219,0.7057058858822823
0.5055898882022359,0.8569228615427692
0.9836403271934562,0.9675606487870243
0.8506829863402732,0.8593228135437292
0.09551808963820724,0.0871582568348633
0.9882002359952802,0.9861202775944481
0.3488130237395252,0.632227355452891
0.8691826163476731,0.884582308353833
0.20895582088358233,0.4338913221735565
0.0627187456250875,0.5356692866142677
0.29287414251714966,0.2615147697046059
0.17847643047139058,0.3108537829243415
0.3696926061478771,0.23555528889422211
0.10681786364272715,0.12211755764884703
0.09115817683646327,0.0623187536249275
0.5146697066058679,0.30615387692246154
0.1616967660646787,0.12249755004899902
0.999080018399632,0.999720005599888
0.09025819483610328,0.05625887482250355
0.7936841263174736,0.8511429771404572
0.6078678426431472,0.5135697286054279
0.35245295094098117,0.3353932921341573
0.3049139017219656,0.1618967620647587
0.2865142697146057,0.41833163336733264
0.9606807863842723,0.9273414531709366
0.6425271494570108,0.5569888602227956
0.7465250694986101,0.6581668366632668
0.6029879402411952,0.6185676286474271
0.38699226015479693,0.4642507149857003
0.5769484610307795,0.6195076098478031
0.44959100817983644,0.4518909621807564
0.8131437371252576,0.875662486750265
0.9311013779724406,0.9473810523789524
0.9128217435651287,0.9556608867822644
0.9484410311793764,0.9552208955820883
0.45715085698286034,0.39507209855802883
0.7987640247195056,0.8276834463310734
0.4789704205915882,0.4719705605887882
0.9292614147717047,0.9345213095738085
0.20939581208375832,0.25835483290334194
0.4435111297774045,0.2947341053178937
0.754204915901682,0.7404651906961861
0.0000999980000399992,0.0625787484250315
0.16631667366652667,0.0382992340153197
0.7329653406931862,0.754204915901682
0.31839363212735744,0.373992520149597
0.4007319853602928,0.4640107197856043
0.12999740005199897,0.15135697286054278
0.7888442231155377,0.7142857142857143
0.49709005819883606,0.4886302273954521
0.7230455390892182,0.759944801103978
0.2243555128897422,0.251254974900502
0.5580688386232275,0.5567888642227156
0.498630027399452,0.21675566488670228
0.7272654546909062,0.7981040379192417
0.5691286174276514,0.5617287654246915
0.0125397492050159,0.014479710405791884
0.37057258854822905,0.4633907321853563
0.9589008219835604,0.9526209475810484
0.06543869122617547,0.07405851882962342
0.8138837223255535,0.9562408751824963
0.6544669106617867,0.09281814363712726
0.8952220955580888,0.8979420411591769
0.052458950820983584,0.12077758444831103
0.6947861042779144,0.5009099818003641
0.7686046279074419,0.7032059358812824
0.7683446331073379,0.9004219915601688
0.621947561048779,0.7054258914821704
0.05879882402351953,0.12865742685146297
0.8859422811543769,0.9064218715625688
0.07641847163056739,0.1405371892562149
0.22093558128837423,0.12943741125177496
0.4022919541609168,0.44343113137737245
0.7913841723165537,0.8054238915221695
0.8750424991500171,0.8857022859542809
0.9729805403891922,0.9676006479870403
0.996080078398432,0.9941201175976481
0.5932481350372992,0.5874882502349953
0.9758204835903282,0.9712605747885042
0.05909881802363953,0.07681846363072739
0.2254754904901902,0.248395032099358
0.17671646567068658,0.2870142597148057
0.4621907561848763,0.42093158136837266
0.9615807683846324,0.9620007599848004
0.6683066338673227,0.5319293614127718
0.26595468090638186,0.34559308813823725
0.8491430171396572,0.8943421131577369
0.9706005879882402,0.9772204555908882
0.29609407811843763,0.3380932381352373
0.7997040059198817,0.7784844303113938
0.39681206375872485,0.47487050258994823
0.39379212415751685,0.5747285054298914
0.18225635487290254,0.19467610647787045
0.2917541649167017,0.253614927701446
0.6871062578748425,0.7166456670866583
0.373412531749365,0.3614527709445811
0.05897882042359153,0.15903681926361474
0.9260614787704247,0.9595008099838004
0.6122677546449071,0.6007679846403072
0.630447391052179,0.5258894822103558
0.23033539329213418,0.24365512689746205
0.3895922081558369,0.34787304253914925
0.753404931901362,0.7985440291194177
0.8429431411371773,0.8881022379552409
0.18055638887222256,0.19881602367952642
0.9490810183796324,0.879202415951681
0.9936001279974401,0.9919001619967601
0.9173016539669206,0.9311613767724646
0.3997720045599088,0.6060278794424112
0.44589108217835643,0.3889522209555809
0.8468830623387532,0.879902401951961
0.6535069298614028,0.6833063338733225
0.8439231215375693,0.7782844343113138
0.5776884462310754,0.5845683086338274
0.33615327693446134,0.4001119977600448
0.5400891982160357,0.4417311653766925
0.7074658506829864,0.6925461490770185
0.056978860422791544,0.08527829443411132
0.2735945281094378,0.3051538969220616
0.5174896502069959,0.7996240075198496
0.4293114137717246,0.4429311413771725
0.6480270394592108,0.5858282834343314
0.26509469810603786,0.27041459170816584
0.01975960480790384,0.020959580808383834
0.0627787444251115,0.06931861362772745
0.8592628147437051,0.8106037879242416
0.017119657606847864,0.016599668006639867
0.23231535369292616,0.37059258814823703
0.5505289894202117,0.5844683106337873
0.1893562128757425,0.19411611767764644
0.7827243455130898,0.7774444511109778
0.12299754004919902,0.13321733565328694
0.9034619307613848,0.8958820823583529
0.7324053518929622,0.7350452990940182
0.6890862182756345,0.3660326793464131
0.7348453030939381,0.6417071658566829
0.22073558528829423,0.19577608447831044
0.252834943301134,0.6067878642427151
0.5969680606387873,0.7261254774904502
0.40529189416211675,0.14803703925921483
0.2039159216815664,0.05209895802083959
0.0887382252354953,0.15515689686206277
0.6426471470570588,0.5841683166336673
0.9076018479630408,0.7777844443111138
0.877942441151177,0.8600227995440092
0.9595408091838163,0.9761204775904482
0.626287474250515,0.42051158976820463
0.44217115657686845,0.20591588168236635
0.43679126417471653,0.3604327913441731
0.32941341173176536,0.3887722245555089
0.9900201995960081,0.9882802343953121
0.9422811543769125,0.9629607407851843
0.7351852962940741,0.7805043899122018
0.018379632407351854,0.02389952200955981
0.6512269754604908,0.6529269414611708
0.9780804383912322,0.9780604387912242
0.2783144337113258,0.2913741725165497
0.04509909801803964,0.0502189956200876
0.4132717345653087,0.24675506489870203
0.9802803943921122,0.9814403711925762
0.09669806603867923,0.09477810443791125
0.760404791904162,0.8109637807243856
0.5209495810083798,0.48749025019499614
0.08675826483470331,0.06165876682466351
0.9224215515689687,0.883562328753425
0.6536669266614668,0.48259034819303614
0.19071618567628648,0.1626567468650627
0.8958020839583208,0.8993820123597528
0.9767804643907122,0.9713405731885363
0.6680066398672027,0.7016459670806584
0.9672806543869122,0.9551608967820644
0.7400251994960101,0.758104837903242
0.20789584208315834,0.6742265154696906
0.28343433131337376,0.16717665646687066
0.501689966200676,0.6718865622687547
0.7274054518909622,0.6989260214795704
0.622867542649147,0.5389892202155957
0.47515049699006023,0.05979880402391952
0.9639007219855603,0.9686006279874403
0.2010759784804304,0.2255154896902062
0.9710205795884083,0.8562828743425132
0.26753464930701387,0.25469490610187795
0.5192296154076919,0.4889702205955881
0.8724025519489611,0.8593028139437212
0.7129857402851943,0.7676646467070659
0.7309253814923702,0.6473070538589228
0.031219375612487752,0.03707925841483171
0.4151516969660607,0.3854122917541649
0.9941201175976481,0.9953400931981361
0.9006619867602649,0.885502289954201
0.48091038179236417,0.5405291894162116
0.6375872482550349,0.6961860762784745
0.8185836283274335,0.8590828183436332
0.4964500709985801,0.5094698106037879
0.21547569048619028,0.23613527729445413
0.41839163216735664,0.00011999760004799905
0.29629407411851766,0.25447491050179
0.2866742665146697,0.9842203155936882
0.9257814843703126,0.889982200355993
0.75312493750125,0.7651246975060499
0.07357852842943141,0.06547869042619148
0.19497610047799044,0.1616367672646547
0.6234875302493951,0.6119077618447631
0.5866882662346753,0.5536889262214756
0.9193416131677367,0.375692486150277
0.6863662726745465,0.7841443171136577
0.49921001579968405,0.4257914841703166
0.2732945341093178,0.5359292814143717
0.34643307133857326,0.3268734625307494
0.5856682866342673,0.5698086038279234
0.4726105477890442,0.50104997900042
0.7283854322913542,0.8153636927261455
0.5236895262094758,0.6135877282454351
0.6121277574448512,0.34291314173716525
0.1768364632707346,0.19739605207895844
0.3255334893302134,0.3911121777564449
0.1874562508749825,0.15493690126197476
0.012459750804983901,0.29847403051938964
0.2013159736805264,0.21957560848783025
0.37985240295194095,0.7319653606927862
0.8928821423571529,0.8993020139597209
0.5896682066358673,0.4888902221955561
0.5409691806163877,0.5965480690386192
0.11923761524769505,0.1363572728545429
0.5582088358232835,0.5695086098278035
0.0873382532349353,0.08699826003479931
0.5320693586128278,0.7219655606887863
0.07791844163116737,0.04041919161616768
0.8580828383432332,0.8418631627367453
0.6036479270414592,0.6008079838403232
0.6694266114677707,0.6622067558648828
0.3624927501449971,0.35343293134137316
0.8164236715265695,0.3473930521389572
0.16067678646427072,0.1382372352552949
0.015619687606247875,0.009419811603767925
0.5601487970240595,0.627727445451091
0.5313093738125237,0.5634887302253955
0.8339433211335774,0.8033239335213296
0.38013239735205295,0.28283434331313373
0.4101117977640447,0.4234315313693726
0.7289254214915702,0.8092638147237056
0.99930001399972,0.9979600407991841
0.9446611067778645,0.9233615327693446
0.2005359892802144,0.2388552228955421
0.9100817983640328,0.8997020059598808
0.5818883622327554,0.7135657286854263
0.7707645847083059,0.6872862542749145
0.373392532149357,0.24759504809903804
0.05945881082378353,0.06997860042799144
0.6074678506429871,0.6464070718585628
0.09901801963960721,0.0871182576348473
0.8143837123257535,0.8215835683286334
0.10859782804343913,0.07793844123117538
0.2906141877162457,0.3687126257474851
0.2760344793104138,0.20445591088178236
0.500229995400092,0.6369672606547869
0.14375712485750286,0.20581588368232637
0.9920601587968241,0.9918401631967361
0.40681186376272477,0.4414511709765805
0.6661466770664587,0.6667266654666907
0.2260354792904142,0.3978720425591488
0.6954660906781864,0.6820863582728346
0.48333033339333215,0.4506309873802524
0.503689926201476,0.4312713745725086
0.4507709845803084,0.377932441351173
0.9436411271774565,0.9194216115677687
0.4375512489750205,0.12471750564988701
0.4437311253774925,0.39327213455730886
0.30539389212215756,0.39127217455650887
0.9568608627827444,0.9227615447691047
0.620567588648227,0.5799684006319874
0.8120037599248016,0.7271854562908742
0.7081058378832423,0.6808063838723226
0.6510269794604108,0.8598428031439371
0.16241675166496672,0.11929761404771905
0.9531209375812484,0.9522609547809044
0.45463090738185236,0.40523189536209275
0.9818403631927362,0.9789804203915922
0.7419651606967861,0.6039879202415952
0.16975660486790264,0.23597528049439012
0.7645047099058019,0.7759844803103938
0.4237115257694846,0.3028339433211336
0.28299434011319774,0.23963520729585408
0.373112537749245,0.2869142617147657
0.6675466490670187,0.6785864282714346
0.8036839263214736,0.7983240335193297
0.48143037139257217,0.4668906621867563
0.15709685806283874,0.20851582968340635
0.9841403171936561,0.9812403751924962
0.9141217175656488,0.8911421771564569
0.2955340893182136,0.2137157256854863
0.753084938301234,0.8155636887262255
0.8072238555228896,0.7187056258874823
0.3014739705205896,0.2951340973180536
0.15841683166336673,0.381992360152797
0.6826663466730666,0.6705665886682266
0.19525609487810244,0.2860942781144377
0.20817583648327034,0.17055658886822264
0.8973620527589449,0.8948221035579289
0.03151936961260775,0.026859462810743785
0.19697606047879043,0.2035159296814064
0.2664346713065739,0.125157496850063
0.876582468350633,0.868482630347393
0.6388872222555549,0.3889922201555969
0.5189296214075718,0.508509829803404
0.374512509749805,0.4456710865782684
0.4010119797604048,0.45561088778224434
0.7226255474890503,0.7861042779144417
0.032999340013199735,0.03991920161596768
0.4591708165836683,0.6533469330613388
0.35919281614367715,0.3956520869582609
0.6192876142477151,0.8276034479310415
0.7685846283074339,0.8159036819263615
0.5032499350013,0.5411691766164677
0.7140857182856343,0.7249855002899942
0.9978600427991441,0.9974000519989601
0.9504209915801685,0.9936401271974561
0.6961860762784745,0.744645107097858
0.14517709645807084,0.15379692406151876
0.36955260894782105,0.8768824623507531
0.8187236255274895,0.7965240695186097
0.49765004699906,0.3583728325433491
0.22203555928881424,0.08403831923361534
0.8360832783344333,0.868122637547249
0.7119057618847623,0.02887942241155177
0.23777524449511012,0.18643627127457452
0.4812303753924922,0.5231895362092759
0.3138737225255495,0.34609307813843726
0.6233875322493551,0.9092618147637047
0.630427391452171,0.754904901901962
0.5080098398032039,0.7210655786884262
0.4042919141617168,0.6608467830643387
0.5145297094058119,0.4742505149897002
0.12233755324893503,0.12391752164956701
0.7600047999040019,0.7026659466810664
0.6639467210655787,0.74942501149977
0.3418331633367333,0.3242935141297174
0.630827383452331,0.5320093598128037
0.504389912201756,0.505769884602308
0.8382032359352813,0.6624667506649867
0.7028459430811383,0.4178316433671327
0.9164216715665687,0.9475210495790084
0.3036539269214616,0.3484730305393892
0.891362172756545,0.9091618167636648
0.11179776404471911,0.10515789684206316
0.8578828423431532,0.9012219755604888
0.23493530129397414,0.21829563408731825
0.16685666286674267,0.16003679926401473
0.7725045499090019,0.7420251594968101
0.2248155036899262,0.2889542209155817
0.38019239615207695,0.33381332373352535
0.638087238255235,0.5793484130317393
0.741885162296754,0.6935661286774265
0.7099058018839624,0.7610447791044179
0.24307513849723006,0.22085558288834223
0.28091438171236577,0.2775944481110378
0.7074258514829703,0.6427671446571068
0.9701805963880723,0.9757604847903042
0.6860062798744025,0.8477630447391052
0.4221715565688686,0.35681286374272514
0.45839083218335636,0.4285114297714046
0.22989540209195816,0.19219615607687848
0.6932661346773065,0.8070238595228095
0.31283374332513353,0.2655346893062139
0.8162036759264815,0.8104437911241775
0.5800483990320194,0.7315053698926022
0.3395132097358053,0.36893262134757304
0.038439231215375694,0.0371992560148797
0.3587728245435091,0.4274914501709966
0.30601387972240557,0.25297494050118996
0.42375152496950064,0.9883402331953361
0.9226415471690567,0.9160616787664247
0.6014079718405632,0.4142317153656927
0.5239695206095878,0.47047059058818824
0.5382492350152998,0.5169696606067878
0.619787604247915,0.5702485950280994
0.7137457250854983,0.625987480250395
0.2619747605047899,0.4394312113757725
0.8930021399572009,0.8288034239315214
0.3638127237455251,0.41643167136657266
0.5325893482130357,0.754564908701826
0.09635807283854324,0.126417471650567
0.50484990300194,0.35777284454310915
0.6610667786644268,0.6845663086738265
0.14687706245875082,0.08217835643287134
0.7446651066978661,0.7103857922841543
0.5497890042199156,0.5861882762344753
0.996320073598528,0.996440071198576
0.5219295614087719,0.628987420251595
0.48093038139237215,0.5106297874042519
0.621687566248675,0.4014119717605648
0.23113537729245415,0.20685586288274235
0.1644967100657987,0.126697466050679
0.0376592468150637,0.06015879682406352
0.5535489290214196,0.9165816683666327
0.35775284494310117,0.2358152836943261
0.37377252454950904,0.3383532329353413
0.8465430691386172,0.9346213075738485
0.9371412571748565,0.9470610587788244
0.5557888842223155,0.5390892182156357
0.42277154456910865,0.6857262854742905
0.22961540769184616,0.22545549089018221
0.5630087398252035,0.5869482610347794
0.9423811523769525,0.8976020479590409
0.14857702845943083,0.1772964540709186
0.6403271934561309,0.7945841083178337
0.6956460870782585,0.7327853442931141
0.18597628047439052,0.11835763284734306
0.25365492690146196,0.08187836243275134
0.058818823623527534,0.060698786024279514
0.7169056618867623,0.7682046359072818
0.09043819123617527,0.04869902601947961
0.6896262074758505,0.4539509209815804
0.6637267254654907,0.6142677146457071
0.6430871382572348,0.6100677986440272
0.6160876782464351,0.6020279594408112
0.01643967120657587,0.019579608407831843
0.6987860242795144,0.625187496250075
0.8423631527369453,0.8086838263234736
0.24891502169956603,0.17023659526809465
0.9466410671786565,0.9118617627647447
0.3465930681386372,0.33511329773404536
0.7720645587088258,0.7773644527109458
0.8398232035359293,0.9955600887982241
0.7210655786884262,0.6146077078458431
0.3911721765564689,0.4743105137897242
0.7937441251174977,0.8080238395232096
0.9001419971600568,0.8878622427551449
0.1385372292554149,0.12797744045119097
0.3594528109437811,0.2247155056898862
0.5444291114177716,0.508629827403452
0.9141617167656647,0.9226015479690407
0.6396272074558509,0.630747385052299
0.47023059538809225,0.6527669446611069
0.4655706885862283,0.48269034619307616
0.10929781404371913,0.07877842443151137
0.4000919981600368,0.41603167936641267
0.04555908881822364,0.034019319613607726
0.379932401351973,0.4552108957820844
0.4363112737745245,0.42267154656906863
0.8048239035219296,0.7452450950980981
0.7617447651046979,0.7299054018919622
0.08891822163556728,0.11747765044699106
0.6415271694566109,0.6205275894482111
0.06945861082778344,0.06175876482470351
0.21053578928421432,0.31083378332433353
0.4519709605807884,0.4116117677646447
0.2013359732805344,0.18229635407291855
0.7270854582908343,0.5438891222175557
0.8542829143417132,0.883242335153297
0.5270694586108278,0.4931301373972521
0.6563068738625227,0.625467490650187
0.7585448291034179,0.7996840063198736
0.12221755564888703,0.06433871322573549
0.6337873242535149,0.6809263814723706
0.7076858462830744,0.6527069458610828
0.49541009179816403,0.49957000859982803
0.8352032959340814,0.8012239755204896
0.6393672126557469,0.6422471550568989
0.05843883122337554,0.0629787404251915
0.04103917921641567,0.08969820603587929
0.3297134057318854,0.371352572948541
0.4115517689646207,0.5215695686086278
0.4240515189696206,0.7150056998860023
0.44713105737885245,0.35999280014399715
0.05955880882382353,0.048019039619207615
0.2628547429051419,0.04613907721845563
0.8982220355592888,0.8531429371412572
0.3190936181276375,0.3307533849323014
0.7765844683106338,0.8237435251294974
0.9713405731885363,0.9248215035699286
0.034519309613807725,0.02655946881062379
0.6894662106757865,0.7593248135037299
0.10315793684126318,0.0881182376352473
0.22301553968920623,0.20593588128237436
0.12921741565168698,0.2788944221115578
0.7323453530929381,0.4515709685806284
0.5917481650366992,0.6402071958560829
0.4861502769944601,0.4587108257834843
0.7955440891182176,0.8039639207215856
0.8062438751224976,0.7957040859182817
0.5667886642267155,0.3443131137377253
0.8882022359552809,0.14851702965940683
0.8453430931381373,0.8998820023599529
0.6844663106737865,0.75162496750065
0.4068518629627408,0.5978480430391392
0.8314833703325933,0.9005219895602088
0.23103537929241416,0.17333653326933463
0.9243815123697526,0.9355812883742326
0.25807483850322993,0.3372332553348933
0.15605687886242275,0.4164116717665647
0.6964860702785944,0.6877662446751065
0.7396252074958501,0.7772444551108978
0.6723665526689466,0.5550088998220036
0.3990320193596128,0.3870322593548129
0.5285294294114118,0.504309913801724
0.622507549849003,0.5564088718225636
0.35239295214095717,0.38383232335353296
0.9737805243895122,0.9738005239895202
0.4273314533709326,0.4800903981920362
0.5805083898322034,0.5495890082198356
0.7020059598808024,0.5551288974220516
0.124737505249895,0.1537169256614868
0.03821923561528769,0.07087858242835143
0.14593708125837485,0.15871682566348674
0.1884362312753745,0.21093578128437432
0.6945261094778105,0.5856282874342513
0.41117177656446874,0.3310933781324374
0.24483510329793404,0.27103457930841385
0.8542229155416892,0.7653246935061299
0.32347353052938943,0.761664766704666
0.6591668166636667,0.6646267074658507
0.2354152916941661,0.22407551848963023
0.0125197496050079,0.0125797484050319
0.7382652346953061,0.5722085558288834
0.8337033259334814,0.8235035299294015
0.36937261254774906,0.3506729865402692
0.6081678366432671,0.6153476930461391
0.9298014039719206,0.7004659906801864
0.8627627447451052,0.9280814383712326
0.48631027379452413,0.505189896202076
0.8977020459590809,0.9323413531729365
0.00021999560008799824,0.00021999560008799824
0.4029719405611888,0.499630007399852
0.7012859742805144,0.754164916701666
0.9725205495890082,0.9809003819923602
0.75182496350073,0.7314453710925781
0.23567528649427014,0.3288534229315414
0.13057738845223096,0.25721485570288594
0.31621367572648545,0.1510369792604148
0.13467730645387094,0.13117737645247096
0.012999740005199897,0.020779584408311836
0.9924201515969681,0.9911401771964561
0.8864022719545609,0.8612027759444811
0.9488010239795205,0.9235015299694006
0.20781584368312633,0.19809603807923842
0.7261454770904582,0.6035679286414272
0.43217135657286854,0.04577908441831163
0.3579728405431892,0.29489410211795763
0.1886562268754625,0.15877682446351074
0.08947821043579128,0.09871802563948721
0.9650406991860163,0.9756204875902482
0.9122017559648807,0.5894882102357953
0.4294914101717966,0.4534909301813964
0.29345413091738165,0.3887322253554929
0.0875382492350153,0.10973780524389512
0.9117617647647047,0.8165236695266095
0.24145517089658208,0.3678726425471491
0.11603767924641507,0.33417331653366933
0.7360052798944021,0.7704045919081619
0.15355692886142278,0.21685566288674227
0.9517609647807044,0.24503509929801404
0.9303413931721366,0.9324813503729926
0.9534609307813844,0.9437011259774805
0.6653466930661387,0.7060458790824183
0.9505409891802165,0.9582608347833044
0.4621307573848523,0.4823903521929562
0.6432071358572828,0.6875662486750265
0.44551108977820447,0.6799664006719865
0.9703005939881203,0.9795804083918322
0.9332413351732965,0.9095218095638088
0.7443851122977541,0.8137837243255135
0.6441471170576589,0.6164076718465631
0.5964680706385872,0.8241635167296655
0.5981280374392512,0.5888882222355553
0.4743905121897562,0.2897742045159097
0.993240135197296,0.9886202275954481
0.7001259974800504,0.7078258434831304
0.3394132117357653,0.39541209175816483
0.3897722045559089,0.30823383532329357
0.4732305353892922,0.6163876722465551
0.4128517429651407,0.40955180896382076
0.4777704445911082,0.34343313133737324
0.34119317613647726,0.22059558808823823
0.5473290534189317,0.5120897582048359
0.4408711825763485,0.3881522369552609
0.6682066358672827,0.7039059218815624
0.6138677226455471,0.5194096118077639
0.05583888322233556,0.07677846443071139
0.07233855322893543,0.08299834003319934
0.02267954640907182,0.06085878282434352
0.748265034699306,0.8046239075218496
0.6626467470650588,0.758484830303394
0.5132297354052919,0.47017059658806826
0.8273034539309214,0.762604747905042
0.5647087058258835,0.08941821163576728
0.19917601647967043,0.124697506049879
0.12269754604907902,0.1777564448711026
0.763964720705586,0.8384832303353933
0.015939681206375872,0.5453090938181236
0.061158776824463516,0.06641867162656748
0.03393932121357573,0.03641927161456771
0.6726065478690426,0.6502269954600908
0.876182476350473,0.869962600747985
0.5843483130337394,0.40727185456290876
0.23423531529369412,0.07653846923061539
0.38195236095278096,0.4523909521809564
0.010359792804143918,0.014759704805903882
0.23509529809403812,0.2936541269174617
0.7389252214955702,0.8171636567268655
0.3218335633287334,0.35583288334233315
0.18603627927441452,0.1876762464750705
0.46015079698406036,0.4176116477670447
0.8207635847283055,0.7911241775164497
0.5065098698026039,0.5473690526189476
0.47503049939001224,0.4261914761704766
0.33371332573348533,0.6637067258654827
0.876742465150697,0.9059418811623768
0.887362252754945,0.9046219075618488
0.1116177676446471,0.19695606087878242
0.02413951720965581,0.04695906081878363
0.1005179896402072,0.08281834363312734
0.4514109717805644,0.4035319293614128
0.6086278274434511,0.3494530109397812
0.7056858862822744,0.8127237455250895
0.041959160816783664,0.04381912361752765
0.7219255614887703,0.6830663386732265
0.28099438011239775,0.2670746585068299
0.873762524749505,0.8824823503529929
0.16845663086738266,0.2352152956940861
0.10173796524069519,0.11769764604707907
0.8909421811563769,0.5138097238055239
0.30311393772124556,0.31927361452770947
0.15471690566188676,0.15927681446371073
0.4273114537709246,0.36057278854422914
0.24689506209875803,0.34337313253734925
0.5072498550029,0.6872262554748906
0.8810023799524009,0.884402311953761
0.8331833363332733,0.8187236255274895
0.5681286374272515,0.5926281474370513
0.14185716285674288,0.17813643727125458
0.26685466290674187,0.4257714845703086
0.11971760564788704,0.11123777524449512
0.8462830743385132,0.8354632907341853
0.26067478650426995,0.5297494050118998
0.7263054738905222,0.7484850302993941
0.41883162336753266,0.25565488690226196
0.06683866322673547,0.03373932521349573
0.7993240135197296,0.6995260094798105
0.052038959220815584,0.05113897722045559
0.5665286694266115,0.5838283234335313
0.7753644927101458,0.31209375812483753
0.15741685166296673,0.14273714525709486
0.21347573048539029,0.12065758684826304
0.19349613007739846,0.2678746425071499
0.9085618287634247,0.8899222015559689
0.02029959400811984,0.20857582848343034
0.6422871542569148,0.6673866522669547
0.8281434371312574,0.7932641347173057
0.7828243435131298,0.884722305553889
0.014959700805983881,0.010139797204055919
0.3390332193356133,0.2851942961140777
0.753484930301394,0.7451450970980581
0.11329773404531909,0.19711605767884643
0.8371432571348574,0.75872482550349
0.874202515949681,0.8614827703445931
0.9138017239655207,0.9191216175676487
0.33535329293414134,0.03233935321293574
0.013999720005599889,0.008299834003319934
0.04161916761664767,0.044519109617807646
0.622947541049179,0.6478470430591389
0.250834983300334,0.14223715525689487
0.2745545089098218,0.01763964720705586
0.9336413271734566,0.8999620007599848
0.29133417331653366,0.6805063898722026
0.12983740325193496,0.15293694126117477
0.6677466450670987,0.7070458590828184
0.40265194696106077,0.4241115177696446
0.3449931001379973,0.4009519809603808
0.3411131777364453,0.2899342013159737
0.24831503369932603,0.26733465330693384
0.7230255394892102,0.6913861722765545
0.39185216295674086,0.38445231095378096
0.010699786004279914,0.012419751604967902
0.8524829503409932,0.9383212335753285
0.8947021059578809,0.9046419071618568
0.6078078438431231,0.5961280774384512
0.9096818063638727,0.877702445951081
0.6836263274734505,0.6994260114797705
0.11199776004479911,0.17645647087058258
0.9722605547889043,0.9666206675866483
0.34483310333793327,0.30951380972380554
0.5531489370212596,0.5413491730165397
0.32501349973000543,0.2896342073158537
0.7126457470850583,0.761584768304634
0.12753744925101498,0.22345553088938222
0.2265754684906302,0.22145557088858223
0.6696466070678586,0.3864322713545729
0.9783804323913522,0.25067498650027
0.43535129297414055,0.40635187296254077
0.5845483090338194,0.5465490690186197
0.9770604587908243,0.9774804503909922
0.35857282854342915,0.4024919501609968
0.8074238515229696,0.8220235595288095
0.05509889802203956,0.06027879442411152
0.8242035159296814,0.6674466510669786
0.7017659646807064,0.762144757104858
0.8616027679446412,0.6553868922621547
0.9667606647867043,0.2730745385092298
0.8750624987500251,0.9150016999660007
0.376912461750765,0.4188116237675247
0.617487650246995,0.5658686826263475
0.6537269254614908,0.7872842543149138
0.5927081458370833,0.6104077918441632
0.36915261694766105,0.33231335373292537
0.9724805503889923,0.9668606627867443
0.3940521189576209,0.8284434311313774
0.6558868822623548,0.6535869282614348
0.09981800363992721,0.13161736765264695
0.17287654246915063,0.4154516909661807
0.2011959760804784,0.23711525769484612
0.9595008099838004,0.9618207635847283
0.12417751644967101,0.06713865722685547
0.8560228795424092,0.7121857562848743
0.6757264854702906,0.8523829523409532
0.6119277614447711,0.6876862462750746
0.43437131257374856,0.4221115577688446
0.6179076418471631,0.5847083058338833
0.5900481990360193,0.625707485850283
0.8905021899562009,0.8986820263594728
0.876342473150537,0.9080818383632328
0.2875342493150137,0.21141577168456632
0.9304013919721605,0.9369412611747765
0.9396012079758406,0.9479410411791764
0.4464710705785884,0.375232495350093
0.3987320253594928,0.5684686306273875
0.253114937701246,0.2612747745045099
0.10989780204395913,0.14169716605667887
0.4772704545909082,0.4542709145817084
0.7194056118877623,0.7098658026839464
0.6857262854742905,0.44461110777784446
0.631587368252635,0.6567268654626908
0.00997980040399192,0.010499790004199917
0.8130637387252255,0.8950220995580088
0.5303893922121558,0.6748065038699226
0.43283134337313256,0.44393112137757246
0.3415731685366293,0.34657306853862924
0.9254414911701766,0.9234415311693767
0.03921921561568769,0.03477930441391172
0.05987880242395152,0.05493890122197556
0.8972820543589128,0.8871622567548649
0.18497630047399052,0.21973560528789424
0.18663626727465452,0.33421331573368535
0.9693006139877203,0.9799604007919842
0.3671726565468691,0.5095898082038359
0.3089138217235655,0.6367672646547069
0.06577868442631148,0.19353612927741445
0.9856602867942641,0.8892622147557049
0.1144777104457911,0.08523829523409532
0.5922281554368913,0.5696086078278435
0.3651726965460691,0.47143057138857225
0.6956060878782424,0.6866462670746585
0.23321533569328615,0.1764964700705986
0.20135597288054238,0.20723585528289434
0.09095818083638328,0.017459650806983862
0.5798284034319314,0.5925481490370192
0.7007859842803145,0.48023039539209217
0.3966720665586688,0.5246495070098598
0.6800463990720186,0.43833123337533253
0.9620207595848084,0.8015039699206016
0.9502409951800964,0.9659806803863923
0.07731845363092739,0.05905881882362353
0.1503969920601588,0.12867742645147098
0.9853002939941201,0.9851202975940482
0.5864482710345793,0.48417031659366816
0.2927341453170937,0.37327253454930903
0.3136137277254455,0.24115517689646207
0.9508609827803445,0.9415211695766085
0.48761024779504414,0.44543109137817244
0.7401251974960501,0.6477270454590909
0.5429291414171716,0.5901681966360673
0.8160636787264255,0.8107237855242896
0.0874382512349753,0.2924941501169977
0.2141957160856783,0.22997540049199017
0.48669026619467615,0.50614987700246
0.23381532369352614,0.21711565768684626
0.33077338453230937,0.6248675026499471
0.25509489810203795,0.27287454250914983
0.7718845623087538,0.7047659046819064
0.30843383132337354,0.25377492450150996
0.3276534469310614,0.3161336773264535
0.5217695646087078,0.49425011499770005
0.6653866922661547,0.7333853322933541
0.6464070718585628,0.633187336253275
0.8101837963240736,0.753564928701426
0.4889902201955961,0.5318493630127398
0.27187456250874986,0.1758564828703426
0.9612007759844804,0.9679406411871763
0.14385712285754285,0.12309753804923902
0.380452390952181,0.24977500449991
0.3023739525209496,0.2665946681066379
0.13251734965300693,0.11821763564728706
0.9145217095658087,0.8585428291434172
0.3024739505209896,0.7074658506829864
0.33061338773224536,0.3997520049599008
0.24377512449751007,0.16029679406411873
0.8016839663206736,0.8361632767344653
0.24401511969760606,0.29523409531809364
0.17159656806863863,0.14881702365952681
0.10203795924081518,0.09385812283754326
0.05199896002079959,0.04911901761964761
0.4509309813803724,0.498730025399492
0.7235455290894183,0.7084458310833783
0.9735605287894242,0.9735005299894003
0.5596488070238596,0.5500089998200036
0.6215275694486111,0.5749685006299874
0.1753564928701426,0.2285554288914222
0.23313533729325414,0.3011739765204696
0.8348833023339534,0.6206475870482591
0.22931541369172617,0.23167536649267015
0.8206835863282734,0.8306033879322414
0.5683286334273314,0.5102897942041159
0.20967580648387033,0.25999480010399795
0.7650646987060259,0.7957640847183056
0.0750184996300074,0.11523769524609508
0.6511869762604748,0.5743885122297554
0.002359952800943981,0.0026799464010719785
0.09315813683726326,0.1771564568708626
0.35325293494130117,0.252194956100878
0.38733225335493293,0.4361312773744525
0.9399012019759605,0.9556808863822724
0.4766704665906682,0.4352112957740845
0.46039079218415635,0.38469230615387695
0.8178436431271375,0.8175636487270255
0.33443331133377335,0.3637527249455011
0.48029039419211617,0.4758704825903482
0.5670086598268035,0.4897902041959161
0.2744945101097978,0.17419651606967862
0.17253654926901463,0.1892962140757185
0.9061618767624647,0.9238615227695447
0.2888342233155337,0.27943441131177377
0.0758584828303434,0.07169856602867943
0.8469030619387613,0.7714445711085779
0.38417231655366896,0.3424731505369893
0.9503009939801205,0.9423211535769285
0.7272254554908902,0.7076658466830663
0.19759604807903844,0.2630347393052139
0.24051518969620608,0.2888342233155337
0.9000219995600088,0.8970420591588169
0.511029779404412,0.7127457450850984
0.37245255094898105,0.4055918881622368
0.2962140757184856,0.2960540789184216
0.4270114597708046,0.251634967300654
0.21433571328573428,0.27279454410911785
0.5763884722305554,0.50664986700266
0.7952440951180977,0.6902861942761145
0.0002999940001199976,0.00031999360012799745
0.4896902061958761,0.6964460710785785
0.47099058018839624,0.745205095898082
0.04829903401931961,0.0500189996200076
0.09413811723765525,0.1135177296454071
0.4778104437911242,0.4531309373812524
0.7833843323133538,0.7603447931041379
0.33451330973380533,0.29569408611827763
0.6684666306673867,0.752444951100978
0.4520109597808044,0.4609507809843803
0.6689066218675627,0.6782864342713146
0.12075758484830304,0.07147857042859143
0.5967080658386833,0.5853282934341313
0.34531309373812524,0.3530729385412292
0.4126317473650527,0.06145877082458351
0.41363172736545273,0.35719285614287716
0.27475450490990183,0.30499390012199756
0.626367472650547,0.7231655366892662
0.33335333293334135,0.4664306713865723
0.6418071638567229,0.6715865682686346
0.10365792684146317,0.15589688206235877
0.4513509729805404,0.4771704565908682
0.7187256254874903,0.7225055498890023
0.7355052898942022,0.25649487010259797
0.7307653846923062,0.6956060878782424
0.2002759944801104,0.4651506969860603
0.5179296414071719,0.43655126897462054
0.8814623707525849,0.629747405051899
0.27823443531129377,0.4236115277694446
0.6506869862602748,0.6086478270434591
0.45805083898322035,0.3296734065318694
0.9744605107897842,0.9857402851942961
0.7841643167136657,0.6143277134457311
0.6123677526449471,0.5657486850262995
0.9100617987640247,0.9235815283694326
0.2764744705105898,0.36039279214415715
0.7477650446991061,0.755544889102218
0.3016139677206456,0.3266534669306614
0.509889802203956,0.3628327433451331
0.6658466830663387,0.6176876462470751
0.6404271914561709,0.6091678166436671
0.32191356172876545,0.28585428291434173
0.9693406131877362,0.9644007119857603
0.887462250754985,0.8994020119597609
0.10901781964360713,0.07733845323093538
0.7667246655066899,0.7989440211195776
0.19413611727765445,0.050638987220255595
0.09133817323653527,0.09967800643987121
0.7086458270834584,0.74982500349993
0.19423611527769447,0.2636747265054699
0.25517489650207,0.15551688966220675
0.5420891582168357,0.3913121737565249
0.032899342013159735,0.04013919721605568
0.0498790024199516,0.03029939401211976
0.4895502089958201,0.5511289774204516
0.5945881082378353,0.5188496230075399
0.9600807983840324,0.9213815723685527
0.40579188416231676,0.4214915701685966
0.8398432031359373,0.7390852182956341
0.8232835343293134,0.5946481070378593
0.11129777404451911,0.08487830243395132
0.28425431491370173,0.14061718765624687
0.4144917101657967,0.5222695546089079
0.99460010799784,0.9938801223975521
0.9379412411751765,0.6602467950640988
0.5680286394272115,0.5413091738165237
0.9546009079818404,0.9471210575788485
0.6020279594408112,0.7136457270854584
0.381412371752565,0.30935381292374153
0.7232855342893142,0.4389712205755885
0.11173776524469511,0.09941801163976721
0.17811643767124657,0.1869562608747825
0.40735185296294074,0.42141157176856464
0.6055878882422352,0.6675466490670187
0.17867642647147058,0.20541589168216637
0.6553068938621228,0.5988880222395553
0.6522669546609068,0.6296674066518669
0.13289734205315895,0.12333753324933502
0.44803103937921246,0.24815503689926202
0.2824943501129977,0.3103337933241335
0.7049459010819784,0.7267454650906983
0.13205735885282294,0.09621807563848724
0.8183236335273295,0.8963620727585448
0.10525789484210316,0.1000579988400232
0.7149457010859783,0.49363012739745205
0.513329733405332,0.47029059418811625
0.22127557448851023,0.33319333613327734
0.9893002139957201,0.9893002139957201
0.43495130097398055,0.3274934501309974
0.7274454510909782,0.74532509349813
0.2664946701065979,0.29093418131637366
0.9983000339993201,0.998060038799224
0.6433471330573389,0.6543869122617548
0.992320153596928,0.9925201495970081
0.7391652166956661,0.8614227715445691
0.6168476630467391,0.634287314253715
0.6668466630667387,0.4647307053858923
0.1507369852602948,0.1509569808603828
0.23105537889242217,0.40013199736005284
0.1002579948401032,0.24693506129877404
0.3252134957300854,0.21461570768584629
0.5443891122177557,0.6610067798644027
0.06967860642787145,0.09645807083858324
0.8451030979380413,0.8628627427451451
0.13137737245255096,0.13045739085218297
0.1887962240755185,0.22957540849183017
0.3688926221475571,0.508989820203596
0.36811263774724506,0.17059658806823863
0.27481450370992583,0.24883502329953402
0.8910021799564009,0.9083618327633448
0.6629667406651867,0.6524869502609948
0.07477850442991141,0.07223855522889543
0.20653586928261436,0.07425851482970341
0.11615767684646308,0.009439811203775924
0.06629867402651947,0.06725865482690346
0.3604727905441891,0.3135937281254375
0.6888662226755465,0.7294454110917782
0.751644967100658,0.49653006939861205
0.8379032419351613,0.7619447611047779
0.7667646647067059,0.6071278574428511
0.1383972320553589,0.2151556968860623
0.1778164436711266,0.1499970000599988
0.1624967500649987,0.06989860202795944
0.3666526669466611,0.2874542509149817
0.8012439751204976,0.503169936601268
0.4382312353752925,0.6386872262554749
0.5439491210175796,0.5324493510129797
0.32907341853162936,0.3002939941201176
0.6589268214635707,0.29761404771904565
0.8031039379212416,0.7966040679186417
0.32051358972820543,0.2727345453090938
0.14181716365672686,0.15715685686286274
0.6450470990580188,0.6569868602627947
0.12719745605087898,0.1493970120597588
0.010839783204335913,0.0251194976100478
0.7756444871102578,0.5420491590168197
0.0990980180396392,0.44867102657946845
0.40701185976280474,0.36017279654406914
0.15819683606327875,0.3401731965360693
0.8308833823323534,0.7576248475030499
0.19119617607647849,0.16983660326793465
0.6985860282794344,0.6518469630607389
0.09409811803763925,0.10725785484290315
0.20807583848323033,0.26171476570468594
0.4806103877922442,0.50654986900262
0.48369032619347613,0.8050438991220176
0.8993020139597209,0.871882562348753
0.11001779964400712,0.06737865242695146
0.4424311513769725,0.33091338173236534
0.15961680766384673,0.18259634807303854
0.29779404411911764,0.25337493250134996
0.6787064258714826,0.6555068898622027
0.8925421491570169,0.8642427151456972
0.5674486510269795,0.5845283094338114
0.3893122137557249,0.1890162196756065
0.2261354772904542,0.3185736285274295
0.09131817363652728,0.06661866762664746
0.4264514709705806,0.4011119777604448
0.47233055338893226,0.6192276154476911
0.4910301793964121,0.6791664166716666
0.7754244915101698,0.7645847083058339
0.7619647607047859,0.7668246635067298
0.01879962400751985,0.016859662806743867
0.7343653126937462,0.8065038699226016
0.6108677826443472,0.4923301533969321
0.8463030739385212,0.8712825743485131
0.37961240775184496,0.38313233735325297
0.35651286974260515,0.4133317333653327
0.5938881222375553,0.5192296154076919
0.5741485170296594,0.36985260294794103
0.4951300973980521,0.4370912581748365
0.2720945581088378,0.32289354212915744
0.8384432311353773,0.8223835523289534
0.3266934661306774,0.4409711805763885
0.15511689766204675,0.13339733205335894
0.8275234495310094,0.8237835243295134
0.6187876242475151,0.5442891142177156
0.3640527189456211,0.4793704125917482
0.32053358932821346,0.31637367252654947
0.9595608087838243,0.9437211255774884
0.5852682946341073,0.5728085438291234
0.48377032459350816,0.4125317493650127
0.9638407231855364,0.9561408771824564
0.5265494690106198,0.6410271794564109
0.33091338173236534,0.25039499210015803
0.9759404811903762,0.9754604907901843
0.8416431671366573,0.7818643627127457
0.14677706445871083,0.126097478050439
0.12939741205175898,0.11651766964660708
0.8703825923481531,0.879222415551689
0.9004019919601608,0.9008619827603448
0.7024659506809864,0.6024879502409952
0.5844483110337794,0.5996480070398592
0.2902741945161097,0.3308733825323494
0.012179756404871903,0.006379872402551949
0.019699606007879844,0.38693226135477293
0.9001619967600648,0.868942621147577
0.40745185096298075,0.35005299894002123
0.18081638367232655,0.20353592928141437
0.5924881502369953,0.5386692266154677
0.12783744325113497,0.12003759924801505
0.49957000859982803,0.5545889082218356
0.9740805183896323,0.9773404531909362
0.881542369152617,0.9043419131617368
0.8961620767584648,0.9001619967600648
0.9674206515869683,0.9680806383872322
0.5054698906021879,0.6382272354552909
0.4129917401651967,0.629007419851603
0.881642367152657,0.9056618867622648
0.13657726845463092,0.15547689046219076
0.3868922621547569,0.6494270114597708
0.42421151576968463,0.42203155936881265
0.44667106657866845,0.5383692326153477
0.8443031139377213,0.8358032839343214
0.05767884642307154,0.03499930001399972
0.20539589208215836,0.20683586328273434
0.8205035899282015,0.8468230635387293
0.3036739265214696,0.20865582688346235
0.6889862202755945,0.7346653066938661
0.878922421551569,0.8458030839383213
0.18049639007219856,0.12925741485170297
0.7409051818963621,0.7138057238855223
0.48573028539429214,0.4898302033959321
0.3389932201355973,0.18407631847363054
0.24457510849783004,0.24775504489910202
0.25907481850362996,0.253214935701286
0.5605287894242116,0.6935861282774345
0.7730445391092179,0.8519429611407772
0.08225835483290335,0.09869802603947922
0.6125477490450191,0.6602867942641147
0.14213715725685486,0.252254954900902
0.2807943841123178,0.21101577968440632
0.24861502769944602,0.23421531569368614
0.9639207215855683,0.9673206535869283
0.6903461930761385,0.7391852162956741
0.7130857382852344,0.6942661146777065
0.9379012419751606,0.9097818043639128
0.3616127677446451,0.3327533449331013
0.5819083618327634,0.5738685226295475
0.4137117257654847,0.4150316993660127
0.6887062258754825,0.6940461190776185
0.749465010699786,0.7349253014939702
0.17021659566808664,0.34141317173656527
0.5878682426351474,0.7306253874922501
0.08005839883202336,0.06677866442671147
0.741205175896482,0.7074258514829703
0.9506609867802644,0.9576808463830724
0.44467110657786846,0.504809903801924
0.9505009899802004,0.9465210695786085
0.022259554808903823,0.037059258814823706
0.010599788004239916,0.025719485610287796
0.4755904881902362,0.42205155896882063
0.06137877242455151,0.06077878442431152
0.6200475990480191,0.4788304233915322
0.5722085558288834,0.5664886702265954
0.34717305653886926,0.4317913641727166
0.052858942821143576,0.04917901641967161
0.6733865322693546,0.745985080298394
0.9173816523669527,0.6976660466790664
0.6516669666606668,0.6872462550748986
0.3492130157396852,0.33277334453310936
0.9396212075758485,0.9359212815743685
0.09871802563948721,0.03557928841423172
0.38171236575268497,0.6188076238475231
0.027199456010879784,0.023059538809223817
0.8564028719425612,0.8625627487450251
0.6815463690726186,0.6198076038479231
0.4496310073798524,0.4499510009799804
0.10163796724065519,0.12147757044859103
0.6993060138797225,0.7316853662926742
0.23291534169316613,0.30231395372092557
0.12253754924901503,0.12183756324873503
0.43299134017319657,0.3607127857442851
0.40863182736345277,0.5137097258054839
0.6031879362412752,0.6611467770644587
0.011559768804623907,0.009279814403711926
0.21545569088618227,0.27349453010939784
0.9594408111837763,0.9586408271834563
0.6258874822503551,0.6391272174556509
0.31677366452670946,0.3411531769364613
0.45815083698326037,0.500409991800164
0.629527409451811,0.6571668566628668
0.6363272734545309,0.39917201655966883
0.33215335693286135,0.3536929261414772
0.8284634307313854,0.8262834743305134
0.6574668506629867,0.5967880642387152
0.5693486130277394,0.6441071178576429
0.43221135577288455,0.4399712005759885
0.47361052778944424,0.5796684066318674
0.47829043419131617,0.3047539049219016
0.09319813603727926,0.1006579868402632
0.17107657846843063,0.16589668206635869
0.07177856442871143,0.11749765004699907
0.05299894002119958,0.03919921601567969
0.12863742725145497,0.05659886802263955
0.10895782084358313,0.44987100257994844
0.6924461510769785,0.6522069558608828
0.49293014139717206,0.37213255734885303
0.41957160856782866,0.5417691646167077
0.33353332933341334,0.20679586408271836
0.48275034499310016,0.6737865242695147
0.20307593848123037,0.1880162396752065
0.4632907341853163,0.42059158816823666
0.1618367632647347,0.09981800363992721
0.6441871162576749,0.47293054138917223
0.17783644327113457,0.16567668646627068
0.5140297194056119,0.28231435371292574
0.6578068438631227,0.5768684626307474
0.747505049899002,0.7710845783084339
0.9254214915701686,0.9237415251694966
0.9768204635907283,0.10789784204315914
0.44513109737805245,0.4843303133937321
0.5463690726185476,0.6102477950440991
0.7090858182836344,0.7172256554868903
0.7409251814963701,0.7652446951060979
0.7033659326813464,0.7823043539129217
0.3116537669246615,0.4286914261714766
0.4620907581848363,0.3893722125557489
0.7005459890802184,0.6334473310533789
0.2724345513089738,0.27161456770864584
0.8260434791304174,0.8027639447211056
0.28229435411291776,0.043479130417391654
0.6899062018759625,0.7294854102917941
0.3092538149237015,0.4591708165836683
0.4918901621967561,0.3475730485390292
0.2832943341133177,0.23011539769204617
0.2983340333193336,0.24805503889922204
0.3273934521309574,0.43169136617267656
0.376232475350493,0.36967260654786904
0.9696006079878403,0.9754004919901602
0.636927261454771,0.7951240975180497
0.866642667146657,0.8548429031419372
0.3388132237355253,0.41575168496630066
0.47995040099198016,0.47881042379152416
0.40535189296214075,0.38459230815383694
0.23397532049359013,0.26987460250794987
0.42529149417011664,0.5678086438271235
0.8454830903381932,0.8070838583228336
0.630187396252075,0.40829183416331677
0.7018259634807305,0.6122477550448991
0.636007279854403,0.7439851202975941
0.0068598628027439455,0.007099858002839943
0.10733785324293514,0.08539829203415931
0.033119337613247736,0.03811923761524769
0.17023659526809465,0.29349413011739767
0.006419871602567949,0.03133937321253575
0.16725665486690267,0.17251654966900662
0.9401411971760565,0.9550808983820324
0.499370012599748,0.34769304613907726
0.8141837163256735,0.7517849643007141
0.4361312773744525,0.34749305013899723
0.022499550008999822,0.03193936121277575
0.7306653866922662,0.743045139097218
0.883782324353513,0.878402431951361
0.637507249855003,0.8879022419551609
0.13339733205335894,0.19745605087898244
0.02871942561148777,0.3535529289414212
0.11055778884422313,0.15777684446311074
0.4131517369652607,0.43033139337213255
0.24003519929601408,0.2791344173116538
0.01007979840403192,0.005979880402391952
0.6843463130737385,0.39795204095918085
0.4228715425691486,0.45571088578228436
0.015279694406111878,0.011739765204695907
0.1002779944401112,0.0752384952300954
0.1003579928401432,0.5655086898262035
0.6116877662446751,0.5790484190316194
0.6132677346453071,0.6753864922701546
0.3499530009399812,0.4010919781604368
0.9440211195776085,0.8961420771584568
0.75342493150137,0.7055258894822104
0.43231135377292457,0.4583108337833243
0.06077878442431152,0.044619107617847646
0.16915661686766265,0.12625747485050298
0.7971840563188737,0.7613847723045539
0.8988420231595369,0.9284814303713926
0.6003679926401472,0.5743485130297394
0.20915581688366233,0.6663666726665467
0.5252294954100918,0.42873142537149256
0.10067798644027119,0.07999840003199936
0.10347793044139117,0.19125617487650248
0.878202435951281,0.9079218415631688
0.9734605307893842,0.9752204955900883
0.00879982400351993,0.0028599428011439774
0.2846143077138457,0.5451690966180677
0.15883682326353474,0.11757764844703106
0.3535129297414052,0.29419411611767765
0.9877202455950881,0.9319013619727605
0.12181756364872703,0.15895682086358273
0.9252014959700806,0.9117617647647047
0.4004319913601728,0.4844903101937961
0.2696346073078539,0.2707745845083098
0.8070838583228336,0.8083638327233456
0.4872302553948921,0.380832383352333
0.6790064198716026,0.6055478890422191
0.5297894042119158,0.5786484270314594
0.7663846723065539,0.9650006999860004
0.1119177616447671,0.12115757684846304
0.22665546689066218,0.48733025339493213
0.03323933521329574,0.02397952040959181
0.995540089198216,0.995760084798304
0.00753984920301594,0.007879842403151937
0.6796264074718505,0.751184976300474
0.03409931801363973,0.03137937241255175
0.380432391352173,0.4042319153616928
0.6925461490770185,0.8062038759224815
0.4228515429691406,0.4388112237755245
0.015679686406271875,0.01985960280794384
0.7116057678846424,0.750704985900282
0.9070218595628088,0.7846043079138417
0.8219635607287854,0.7148457030859383
0.09259814803703927,0.08809823803523929
0.8919621607567849,0.875322493550129
0.5610687786244275,0.504709905801884
0.6563868722625548,0.8347433051338974
0.7663246735065299,0.759844803103938
0.33189336213275733,0.39797204055918883
0.7258054838903222,0.5300093998120038
0.888942221155577,0.8758624827503451
0.5009099818003641,0.5983480330393393
0.3165736685266295,0.4401311973760525
0.1128777424451511,0.13113737725245495
0.1515969680606388,0.24195516089678207
0.9658606827863443,0.9484410311793764
0.7838843223135538,0.8121037579248416
0.5125897482050359,0.3519129617407652
0.4248715025699486,0.47137057258854825
0.06411871762564748,0.7116257674846503
0.6551268974620508,0.6029279414411712
0.7044259114817704,0.8023239535209296
0.9962600747985041,0.9883202335953282
0.9272214555708886,0.7177856442871143
0.06939861202775945,0.06897862042759145
0.34353312933741326,0.37807243855122896
0.5298494030119398,0.5948681026379473
0.7238455230895382,0.7087658246835064
0.6889462210755785,0.40979180416391675
0.029619407611847764,0.02625947481050379
0.20411591768164639,0.19375612487750246
0.25227495450091,0.11733765324693507
0.14943701125977482,0.17685646287074258
0.5914481710365793,0.6381072378552429
0.09747805043899123,0.3275334493310134
0.4933101337973241,0.33529329413411735
0.4106317873642527,0.16823663526729465
0.8073838523229536,0.37401251974960503
0.6041479170416592,0.41265174696506074
0.5556488870222596,0.39939201215975684
0.22211555768884622,0.44553108937821245
0.746945061098778,0.48337033259334816
0.8231635367292655,0.8230235395292095
0.47205055898882026,0.48235035299294016
0.749545009099818,0.7764844703105939
0.1988560228795424,0.1131577368452631
0.4139917201655967,0.376152476950461
0.9611007779844404,0.9370812583748326
0.18103637927241456,0.382612347753045
0.6187676246475071,0.8637427251454971
0.2874942501149977,0.22301553968920623
0.1752364952700946,0.09575808483830324
0.627007459850803,0.6184476310473791
0.8258834823303535,0.07821843563128737
0.20621587568248637,0.12903741925161497
0.45507089858202837,0.40409191816163675
0.6670466590668187,0.5611687766244675
0.8947621047579049,0.9787604247915042
0.7943841123177536,0.7846443071138578
0.12415751684966302,0.15665686686266275
0.41769164616707666,0.24687506249875002
0.5622487550248996,0.5792484150316994
0.40373192536149277,0.34937301253974923
0.880562388752225,0.9650606987860243
0.8219835603287935,0.8498030039399213
0.4886502269954601,0.33117337653246937
0.6448071038579228,0.5542889142217156
0.8133437331253375,0.8230635387292254
0.6920861582768345,0.7819643607127857
0.8313433731325374,0.7634647307053859
0.21877562448751026,0.1506969860602788
0.6453070938581229,0.6604867902641948
0.8897222055558889,0.6887262254754906
0.9143017139657207,0.9419611607767845
0.5240295194096118,0.7848443031139377
0.9971600567988641,0.9966200675986481
0.009119817603647927,0.03621927561448771
0.9155616887662247,0.9127017459650807
0.6364472710545789,0.6544869102617948
0.2790144197116058,0.2638347233055339
0.635907281854363,0.7186656266874663
0.40889182216355674,0.06365872682546349
0.3252734945301094,0.3853522929541409
0.10755784884302315,0.1379372412551749
0.9024619507609848,0.8924621507569849
0.5666286674266515,0.6197076058478831
0.37401251974960503,0.43387132257354855
0.4317913641727166,0.45721085578288434
0.5148897022059559,0.40799184016319673
0.14451710965780684,0.1005979880402392
0.6070078598428031,0.5797084058318834
0.7808243835123297,0.9240215195696087
0.20701585968280636,0.2135957280854383
0.6083478330433392,0.6820063598728026
0.21641567168656628,0.24377512449751007
0.6036879262414752,0.6998460030799384
0.4807903841923162,0.5376292474150517
0.7744445111097779,0.8214035719285615
0.39551208975820484,0.5922881542369153
0.7014259714805704,0.6192476150476991
0.47303053938921225,0.7639047219055619
0.4871302573948521,0.4420911581768365
0.4289114217715646,0.5432091358172837
0.5960080798384032,0.29841403171936565
0.036019279614407713,0.048319033619327614
0.18021639567208655,0.19941601167976641
0.125237495250095,0.1739765204695906
0.5313493730125398,0.4632107357852843
0.38573228535429294,0.2850742985140297
0.16247675046499072,0.13569728605427891
0.6997460050798985,0.47909041819163617
0.29881402371952565,0.11503769924601509
0.036339273214535714,0.03667926641467171
0.015579688406231876,0.2107757844843103
0.3844323113537729,0.6698066038679227
0.18249635007299855,0.07879842403151938
0.8173036539269215,0.8502229955400892
0.10375792484150317,0.3864922701545969
0.27233455330893386,0.1756764864702706
0.4284514309713806,0.3229735405291894
0.6426871462570749,0.5816083678326434
0.8610827783444331,0.8934421311573769
0.2873142537149257,0.24203515929681407
0.02101957960840783,0.05451890962180757
0.11229775404491911,0.13971720565588688
0.20581588368232637,0.5561288774224515
0.09527809443811124,0.4388712225755485
0.7308253834923302,0.7304253914921702
0.7879442411151777,0.8299034019319614
0.6250874982500351,0.627347453050939
0.5573088538229236,0.631427371452571
0.8954420911581769,0.8472430551388973
0.6736065278694426,0.763384732305354
0.8220835583288334,0.7831243375132497
0.5621287574248516,0.5160696786064279
0.6073678526429471,0.6057078858422832
0.8454430911381773,0.618607627847443
0.4428311433771325,0.4110117797644047
0.32833343333133336,0.5503289934201316
0.3008739825203496,0.28123437531249373
0.14223715525689487,0.14547709045819085
0.9770404591908162,0.9776204475910482
0.5494290114197716,0.745905081898362
0.3385932281354373,0.2756144877102458
0.5999280014399713,0.50304993900122
0.17225655486890262,0.1764364712705746
0.9848603027939442,0.9976200475990481
0.4667706645867083,0.35731285374292515
0.3360732785344293,0.3020139597208056
0.3611727765444691,0.40775184496310074
0.1507169856602868,0.18997620047599048
0.747485050298994,0.7283854322913542
0.12431751364972701,0.0738985220295594
0.874622507549849,0.6572468550628988
0.6430671386572269,0.3667926641467171
0.7933041339173217,0.750944981100378
0.4530909381812364,0.501489970200596
0.3242935141297174,0.35607287854242914
0.8870822583548329,0.7823643527129458
0.5123097538049239,0.4915101697966041
0.7247655046899062,0.7197256054878902
0.9544609107817844,0.9531809363812724
0.4523309533809324,0.4146317073658527
0.05223895522089558,0.12353752924941501
0.11663766724665507,0.0999980000399992
0.18003639927201456,0.17765644687106258
0.638767224655507,0.6896862062758745
0.6586868262634747,0.5880882382352353
0.0063198736025279496,0.016559668806623868
0.9662606747865043,0.9879002419951601
0.7452650946981061,0.7279054418911622
0.8562028759424812,0.5646487070258595
0.9773804523909522,0.9762404751904962
0.5846283074338513,0.5159096818063639
0.1131377372452551,0.10455790884182317
0.5602487950240995,0.627367452650947
0.2802143957120858,0.29343413131737367
0.10665786684266315,0.11475770484590309
0.05997880042399152,0.0636787264254715
0.9825403491930161,0.9868202635947282
0.7741045179096419,0.7822043559128817
0.9204015919681606,0.9141817163656727
0.5091298174036519,0.498510029799404
0.24897502049959003,0.21721565568688628
0.5219695606087879,0.6184276314473711
0.8992620147597048,0.872122557548849
0.509289814203716,0.6770464590708186
0.4250314993700126,0.43363132737345256
0.9298414031719366,0.9205215895682086
0.8073238535229296,0.8134637307253855
0.9450610987780245,0.8601027979440411
0.8442031159376813,0.9066818663626728
0.041759164816703664,0.051358972820543594
0.250934981300374,0.3669926601467971
0.635547289054219,0.5923681526369473
0.7062858742825143,0.7311053778924422
0.6059278814423712,0.5379492410151797
0.2872542549149017,0.3129137417251655
0.6062878742425152,0.5693886122277555
0.6718665626687467,0.5963080738385232
0.2626547469050619,0.3000539989200216
0.3518929621407572,0.4511509769804604
0.49797004059918804,0.5821483570328594
0.5349093018139638,0.5352692946141078
0.8878622427551449,0.8953620927581448
0.4146717065658687,0.19693606127877444
0.7265854682906342,0.3376332473350533
0.881962360752785,0.8633627327453451
0.7205455890882183,0.7637647247055059
0.6756464870702587,0.766604667906642
0.03661926761464771,0.12997740045199097
0.11029779404411912,0.0888182236355273
0.6491070178596429,0.7120657586848264
0.6855262894742106,0.9104417911641768
0.7393052138957221,0.7164256714865703
0.09205815883682326,0.10733785324293514
0.46155076898462033,0.5911681766364673
0.38459230815383694,0.4344113117737645
0.9243415131697367,0.8985220295594089
0.8434031319373613,0.5714885702285954
0.8043039139217216,0.9287614247715046
0.4905101897962041,0.49795004099918005
0.7625647487050259,0.882542349153017
0.8123237535249296,0.879502409951801
0.23439531209375813,0.12433751324973501
0.08149837003259935,0.09895802083958322
0.2638547229055419,0.45811083778324435
0.11897762044759105,0.15373692526149477
0.3891922161556769,0.3410531789364213
0.15701685966280676,0.17017659646807065
0.27045459090818186,0.2245555088898222
0.34563308733825326,0.17365652686946262
0.17251654966900662,0.18315633687326255
0.7092258154836903,0.6965460690786185
0.6882262354752905,0.7674446511069779
0.047419051618967624,0.04543909121817564
0.5683886322273555,0.5837283254334914
0.8450230995380092,0.6768864622707547
0.376112477750445,0.25429491410171795
0.33673326533469333,0.251434971300574
0.9365412691746166,0.9149017019659608
0.6647467050658987,0.5777884442311154
0.8699426011479771,0.879802403951921
0.46263074738505233,0.4771304573908522
0.8597628047439052,0.7354252914941701
0.6536269274614508,0.7683646327073459
0.9590008199836003,0.9649407011859763
0.7153456930861383,0.880722385552289
0.9086818263634727,0.8646027079458412
0.7393652126957461,0.7778044439111218
0.17365652686946262,0.19603607927841443
0.883462330753385,0.9149817003659927
0.9263214735705286,0.9099818003639928
0.4050718985620288,0.5875482490350193
0.7016059678806424,0.9605807883842323
0.7982240355192897,0.8263434731305375
0.9949801003979921,0.9959200815983681
0.024259514809703807,0.020739585208295833
0.041079178416431675,0.02795944081118378
0.9219215615687687,0.8933021339573208
0.8074838503229935,0.8201435971280575
0.10589788204235916,0.1490570188596228
0.1008379832403352,0.10923781524369514
0.4668706625867483,0.6375272494550109
0.1894562108757825,0.08241835163296735
0.6036279274414512,0.6360472790544189
0.9104217915641688,0.9624007519849603
0.16773664526709467,0.21195576088478232
0.757684846303074,0.1646967060658787
0.23057538849223017,0.12843743125137497
0.8856822863542729,0.6960460790784184
0.9834403311933761,0.9823403531929362
0.5727485450290994,0.5311493770124598
0.5790284194316114,0.4807303853922922
0.8446831063378732,0.8627227455450891
0.4933501329973401,0.49769004619907603
0.22385552288954222,0.28589428211435775
0.6690266194676107,0.6654866902661947
0.9135217295654087,0.8605227895442091
0.6562868742625148,0.6911661766764665
0.6702265954680907,0.5850282994340114
0.9120817583648327,0.9021219575608488
0.5877482450350994,0.7342053158936821
0.9346413071738565,0.8983820323593529
0.9145417091658167,0.9112817743645127
0.025019499610007802,0.016839663206735866
0.05573888522229556,0.07919841603167938
0.14083718325633487,0.16039679206415872
0.07157856842863143,0.09089818203635927
0.32265354692906145,0.39289214215715684
0.2895942081158377,0.250994980100398
0.6006879862402752,0.45325093498130037
0.4799904001919962,0.47291054178916425
0.7699046019079618,0.5957080858382833
0.50964980700386,0.5649887002259955
0.4678506429871403,0.4638907221855563
0.9275814483710326,0.9200815983680327
0.51114977700446,0.4359512809743805
0.24955500889982202,0.37841243175136496
0.5248495030099398,0.5219895602087958
0.6530469390612188,0.6744665106697866
0.5858282834343314,0.5612487750244995
0.9806203875922482,0.9811003779924402
0.5423691526169476,0.5332293354132918
0.20269594608107838,0.23751524969500612
0.9479010419791605,0.28257434851302976
0.624127517449651,0.5378092438151237
0.4202915941681167,0.498110037799244
0.9372812543749125,0.9625207495850083
0.30299394012119757,0.3149737005259895
0.9555808883822324,0.9849603007939841
0.6989060218795624,0.7634247315053699
0.127437451250975,0.20261594768104638
0.8277434451310974,0.8274834503309935
0.6183076338473231,0.5380292394152117
0.30741385172296554,0.38625227495450093
0.5340693186136277,0.5515289694206116
0.5999480010399793,0.5876682466350673
0.8961820763584729,0.6027679446411072
0.9535209295814084,0.9682006359872802
0.8091838163236735,0.5775884482310354
0.3354332913341733,0.3490530189396212
0.8236835263294734,0.8393032139357213
0.18059638807223857,0.25027499450011
0.1008979820403592,0.09209815803683927
0.01859962800743985,0.017419651606967863
0.46829063418731626,0.7375852482950341
0.1356772864542709,0.2887542249155017
0.37193256134877306,0.31855362892742145
0.25843483130337397,0.4161916761664767
0.7781044379112418,0.6884462310753785
0.6071478570428591,0.7393052138957221
0.8612227755444891,0.8186036279274415
0.33379332413351737,0.4678506429871403
0.10601787964240715,0.09961800763984721
0.6162876742465151,0.19563608727825443
0.30833383332333353,0.5112897742045159
0.8244635107297854,0.7650646987060259
0.3124137517249655,0.3219535609287814
0.22089558208835824,0.20935581288374233
0.12973740525189498,0.13079738405231897
0.8345633087338253,0.8008839823203536
0.6383872322553549,0.626727465450691
0.5249095018099639,0.48801023979520414
0.09841803163936721,0.0766584668306634
0.5834883302333953,0.5922081558368832
0.08625827483450331,0.09415811683766324
0.35915281694366114,0.36137277254454914
0.24257514849703007,0.5758284834303314
0.8284034319313615,0.8454630907381853
0.5154696906061879,0.3912321753564929
0.23711525769484612,0.18711625767484652
0.8541229175416492,0.8235235295294094
0.9639807203855923,0.9714805703885923
0.14457710845783084,0.09305813883722326
0.19975600487990242,0.22679546409071819
0.624807503849923,0.5116497670046599
0.2753344933101338,0.4011919761604768
0.018319633607327853,0.23305533889322214
0.21689566208675828,0.23327533449331014
0.34223315533689325,0.3546529069418612
0.22131557368852622,0.22873542529149418
0.7143257134857303,0.373592528149437
0.5977680446391073,0.622027559448811
0.6373072538549229,0.6747865042699146
0.5844283114337714,0.6442271154576908
0.5199096018079639,0.628287434251315
0.8536429271414572,0.8334433311333773
0.2370952580948381,0.3238935221295574
0.8461830763384732,0.7220855582888343
0.7775044499110018,0.8138237235255296
0.6972660546789065,0.7927441451170977
0.22473550528989422,0.15981680366392673
0.5395492090158197,0.4886502269954601
0.45599088018239636,0.5210295794084119
0.09303813923721525,0.20337593248135039
0.5772284554308914,0.5658886822263555
0.1870162596748065,0.374452510949781
0.5334493310133798,0.5466090678186436
0.3414931701365973,0.3353332933341333
0.7348253034939302,0.5369892602147958
0.3628727425451491,0.3517129657406852
0.1494770104597908,0.12877742445151097
0.635347293054139,0.6150076998460031
0.5771084578308434,0.5980880382392353
0.2134157316853663,0.19763604727905443
0.6989460210795785,0.8207235855282895
0.2381352372952541,0.3164536709265815
0.1509369812603748,0.23159536809263814
0.8346833063338733,0.8301833963320734
0.39615207695846083,0.36001279974400513
0.0874782504349913,0.07261854762904742
0.7620647587048259,0.7127657446851063
0.7709845803083939,0.9128417431651368
0.8367832643347133,0.7894842103157937
0.749005019899602,0.7298654026919462
0.6111677766444671,0.625567488650227
0.3222935541289174,0.5871682566348673
0.7162656746865063,0.6630067398652028
0.498170036599268,0.6373072538549229
0.45039099218015644,0.5100697986040279
0.9224615507689846,0.5535489290214196
0.3547129057418852,0.0752584948301034
0.11895762084758306,0.04015919681606368
0.9257014859702807,0.888722225555489
0.250194996100078,0.2981740365192696
0.9800403991920162,0.9738805223895523
0.8874422511549769,0.877782444351113
0.42461150776984463,0.5960080798384032
0.2034559308813824,0.2644747105057899
0.18485630287394253,0.1502769944601108
0.510909781804364,0.5218895622087558
0.9290014199716006,0.9018419631607368
0.1762764744705106,0.17119657606847863
0.5362892742145158,0.5541689166216676
0.08951820963580728,0.8627827443451132
0.7788644227115458,0.12339753204935902
0.6842663146737066,0.4898902021959561
0.16783664326713466,0.2118557628847423
0.9200215995680087,0.9457610847783045
0.5538889222215556,0.2868942621147577
0.1505969880602388,0.17849643007139857
0.39625207495850084,0.40793184136317273
0.12853742925141498,0.10341793164136717
0.8778024439511211,0.7758844823103538
0.8571028579428411,0.8477830443391132
0.11435771284574309,0.2777144457110858
0.375772484550309,0.891702165956681
0.44725105497890044,0.5211095778084438
0.6031479370412592,0.6167276654466911
0.09297814043719126,0.07447851042979141
0.1883162336753265,0.1536569268614628
0.1491970160596788,0.14843703125937482
0.19455610887782246,0.4716905661886762
0.27065458690826183,0.24645507089858204
0.745985080298394,0.5596488070238596
0.9046819063618728,0.9249615007699846
0.8446631067378653,0.745545089098218
0.2611147777044459,0.20577588448231035
0.6795464090718186,0.6559068818623628
0.5842883142337153,0.5501289974200516
0.18445631087378253,0.14563708725825483
0.8577828443431131,0.8949221015579689
0.3005539889202216,0.3523129537409252
0.1913361732765345,0.04467910641787164
0.9545209095818084,0.9488010239795205
0.9673206535869283,0.9660206795864084
0.11945761084778304,0.8463830723385533
0.5998880022399552,0.7559048819023619
0.09179816403671927,0.0740985180296394
0.9459610807783845,0.9219415611687767
0.48579028419431614,0.5125697486050279
0.6512069758604828,0.6510869782604348
0.3647527049459011,0.16639667206655867
0.24745505089898204,0.3205735885282294
0.05081898362032759,0.17831643367132657
0.22023559528809425,0.16507669846603068
0.6620867582648348,0.7233655326893462
0.7633647327053459,0.748845023099538
0.8655226895462091,0.8472030559388812
0.34439311213775725,0.38105237895242094
0.16671666566668666,0.11791764164716706
0.9582808343833124,0.9533209335813284
0.8515629687406252,0.883362332753345
0.3684926301473971,0.024159516809663807
0.7793844123117538,0.6870662586748265
0.36651266974660507,0.3881722365552689
0.503129937401252,0.5695686086278274
0.8562828743425132,0.8524829503409932
0.7292654146917061,0.7641847163056739
0.6918061638767224,0.6802263954720906
0.9266014679706406,0.8437631247375053
0.9433011339773205,0.9254014919701606
0.03927921441571169,0.04651906961860763
0.8193236135277294,0.8334233315333693
0.7737245255094899,0.755284894302114
0.8265634687306254,0.8329833403331933
0.7110257794844104,0.7375452490950182
0.6618267634647307,0.5772484550308994
0.044579108417831644,0.06017879642407152
0.13385732285354293,0.12763744725105497
0.49475010499790006,0.5164696706065879
0.5979880402391953,0.6041079178416432
0.5511289774204516,0.5796084078318434
0.46709065818683626,0.5702685946281074
0.5761484770304595,0.5788484230315394
0.5356492870142597,0.6100277994440111
0.8486030279394412,0.6936861262774745
0.8320233595328094,0.7971840563188737
0.7304053918921621,0.6735465290694186
0.7639247215055699,0.74542509149817
0.5764884702305955,0.5567288654226915
0.9577208455830883,0.9335013299734005
0.2582548349033019,0.33993320133597327
0.9845603087938242,0.9865602687946241
0.7358852822943541,0.6547269054618908
0.5308693826123477,0.499530009399812
0.5082498350032999,0.5166296674066518
0.24249515009699807,0.2125957480850383
0.48279034419311617,0.4062318753624928
0.1519969600607988,0.22115557688846224
0.4664906701865963,0.10695786084278315
0.637727245455091,0.6947461050778985
0.8933821323573529,0.8534829303413932
0.9008619827603448,0.756564868702626
0.8987020259594808,0.8976420471590568
0.6459670806583868,0.5788884222315553
0.6764664706705866,0.7146657066858663
0.3392932141357173,0.07341853162936741
0.020579588408231837,0.07703845923081538
0.0032199356012879744,0.019659606807863845
0.2909141817163657,0.24309513809723807
0.11003779924401512,0.12267754644907103
0.6873262534749305,0.7808443831123377
0.1523969520609588,0.05131897362052759
0.6504669906601869,0.6391672166556669
0.4901901961960761,0.630207395852083
0.5245895082098359,0.6099478010439792
0.02129957400851983,0.026479470410591788
0.08173836523269534,0.1654966900661987
0.21493570128597428,0.3526729465410692
0.3548129037419252,0.3462530749385012
0.7752444951100979,0.8070638587228256
0.33359332813343734,0.32019359612807746
0.7798044039119217,0.8619227615447691
0.17539649207015862,0.13343733125337492
0.18971620567588648,0.12027759444811104
0.6781264374712506,0.7809443811123777
0.7765244695106098,0.879602407951841
0.8333033339333213,0.8391432171356573
0.9877802443951121,0.9884402311953762
0.6675866482670347,0.6575068498630028
0.1135177296454071,0.10471790564188717
0.7074858502829944,0.8255234895302094
0.16559668806623867,0.11807763844723106
0.11759764804703907,0.10727785444291114
0.9302613947721046,0.9392612147757046
0.31625367492650147,0.6035879282414351
0.2791344173116538,0.21633567328653427
0.6409471810563789,0.7240655186896262
0.053558928821423574,0.029579408411831765
0.23637527249455012,0.17399652006959862
0.3856322873542529,0.7140857182856343
0.4526909461810764,0.25561488770224594
0.877962440751185,0.871322573548529
0.9091818163636728,0.877622447551049
0.9781004379912402,0.9778204435911282
0.17033659326813463,0.1124177516449671
0.4908101837963241,0.5476690466190677
0.23337533249335013,0.25595488090238194
0.41671166576668467,0.17485650286994261
0.5042299154016919,0.49809003819923603
0.8464430711385773,0.8446831063378732
0.33145337093258137,0.3400931981360373
0.0888182236355273,0.015759684806303874
0.2232355352892942,0.26881462370752585
0.05453890922181556,0.1118177636447271
0.5987680246395072,0.3121537569248615
0.9993400131997361,0.9994800103997921
0.866422671546569,0.8970020599588009
0.747865042699146,0.7842443151136977
0.877322453550929,0.875262494750105
0.39945201095978083,0.41139177216455675
0.23623527529449412,0.3379732405351893
0.75982480350393,0.8061238775224496
0.4893302133957321,0.6389272214555709
0.3180536389272215,0.34587308253834925
0.9921601567968641,0.9931401371972561
0.8055838883222336,0.7998240035199297
0.8971020579588409,0.9065018699626007
0.9939001219975601,0.9938401231975361
0.2668346633067339,0.6021279574408512
0.3836923261534769,0.10893782124357514
0.7225655486890262,0.7627847443051139
0.5532089358212836,0.6011279774404512
0.5533089338213236,0.4048519029619408
0.4126117477650447,0.37887242255154896
0.6692466150676987,0.6024479510409791
0.24291514169716608,0.24685506289874204
0.031019379612407753,0.042879142417151656
0.6560668786624267,0.3000939981200376
0.8557428851422972,0.8904021919561609
0.9484610307793845,0.9751204975900483
0.126697466050679,0.09755804883902322
0.19253614927701446,0.126677466450671
0.5516089678206436,0.42299154016919666
0.9922601547969041,0.9918001639967201
0.006479870402591948,0.006939861202775945
0.4134917301653967,0.34297314053718925
0.15793684126317475,0.1746165076698466
0.4032919341613168,0.4461910761784764
0.4377712445751085,0.6869262614747705
0.40929181416371674,0.4244715105697886
0.11919761604767905,0.251334973300534
0.4536709265814684,0.380492390152197
0.502309953800924,0.4281714365712686
0.7527049459010821,0.5263894722105558
0.27201455970880584,0.2990340193196136
0.11115777684446311,0.25959480810383795
0.4308113837723246,0.36067278654426915
0.8248235035299294,0.8572028559428811
0.6797064058718826,0.48243035139297213
0.39647207055858885,0.4239515209695806
0.6736665266694666,0.7696246075078499
0.7745045099098018,0.7368452630947381
0.13537729245415092,0.20597588048239035
0.8317033659326813,0.8474030519389613
0.40915181696366076,0.5295894082118358
0.883582328353433,0.9219615607687847
0.3664326713465731,0.41803163936721266
0.33193336133277335,0.3890522189556209
0.4114317713645727,0.4536709265814684
0.2008959820803584,0.2711145777084458
0.6386072278554429,0.9161816763664727
0.758844823103538,0.8562028759424812
0.48503029939401215,0.48653026939461214
0.9849203015939682,0.9743405131897362
0.2613947721045579,0.38441231175376495
0.7411251774964501,0.7948041039179217
0.621127577448451,0.6481270374592508
0.09233815323693527,0.14143717125657487
0.751064978700426,0.7828043439131218
0.04507909841803164,0.05777884442311154
0.019399612007759845,0.01131977360452791
0.9909401811963761,0.9913201735965281
0.45913081738365236,0.43403131937361256
0.9059018819623608,0.9084818303633928
0.8954820903581928,0.8394432111357774
0.746565068698626,0.6888062238755225
0.9276414471710566,0.8980820383592328
0.6840863182736345,0.6577268454630908
0.6881662366752666,0.5629687406251875
0.9362812743745126,0.9291414171716565
0.37133257334853303,0.4024719505609888
0.7975840483190336,0.8481430371392572
0.45617087658246835,0.4287914241715166
0.30961380772384556,0.2360152796944061
0.9486010279794405,0.9560808783824324
0.1648367032659347,0.20807583848323033
0.4762104757904842,0.5185096298074039
0.9846203075938481,0.9846203075938481
0.019499610007799845,0.16461670766584668
0.5705685886282275,0.8957020859582808
0.6771464570708586,0.6988260234795304
0.7821843563128738,0.8411031779364413
0.5272294554108918,0.44849103017939645
0.5799884002319954,0.7842043159136818
0.03141937161256775,0.036819263614727704
0.2123957520849583,0.29323413531729364
0.0627587448251035,0.05341893162136757
0.7865042699146018,0.8281634367312654
0.28499430011399773,0.9525409491810164
0.18029639407211856,0.22029559408811825
0.6776464470710586,0.4808903821923562
0.8055238895222095,0.8665826683466331
0.6780864382712346,0.7357452850942982
0.250814983700326,0.01747965040699186
0.4867902641947161,0.42535149297014063
0.5578888422231556,0.5909481810363792
0.6734265314693706,0.6211075778484431
0.3437331253374933,0.39709205815883686
0.8255034899302014,0.9033419331613368
0.6183476330473391,0.6841863162736745
0.04819903601927961,0.04595908081838363
0.18427631447371054,0.16161676766464672
0.3644727105457891,0.3669526609467811
0.35777284454310915,0.29423411531769367
0.9798404031919362,0.9787004259914802
0.7821043579128417,0.7116857662846743
0.5652686946261075,0.5299294014119718
0.7599248015039699,0.7702845943081139
0.19665606687866244,0.5897882042359153
0.9304213915721686,0.9309213815723686
0.13611727765444692,0.26647467050658985
0.38463230735385295,0.4544909101817964
0.7318453630927382,0.8104237915241695
0.038239235215295694,0.03355932881342373
0.7859442811143778,0.7326253474930502
0.5527089458210837,0.48017039659206817
0.6522069558608828,0.6416271674566509
0.23201535969280615,0.24567508649827005
0.7104457910841784,0.8285434291314174
0.9863802723945522,0.9716005679886403
0.39557208855822884,0.4141717165656687
0.29327413451730966,0.10401791964160717
0.5109497810043799,0.634747305053899
0.14635707285854282,0.1486570268594628
0.8600027999440012,0.7977640447191057
0.49497010059798807,0.512189756204876
0.623347533049339,0.6443471130577388
0.755044899102018,0.756964860702786
0.9058818823623528,0.9557408851822964
0.3203535929281415,0.2910941781164377
0.6374272514549709,0.631907361852763
0.21965560688786226,0.3658726825463491
0.29751404971900564,0.34775304493910125
0.7757244855102898,0.7234655306893862
0.19267614647707046,0.18035639287214256
0.3289134217315654,0.44481110377792443
0.2388752224955501,0.2969140617187656
0.8609427811443772,0.9540209195816084
0.3626127477450451,0.46085078298434035
0.15507689846203077,0.2147757044859103
0.9674606507869843,0.9725605487890242
0.6073878522429552,0.6344473110537789
0.5592488150236995,0.35411291774164516
0.20507589848203037,0.20557588848223035
0.49893002139957204,0.48577028459430815
0.6467270654586909,0.6345673086538269
0.8427031459370813,0.870422591548169
0.756544869102618,0.7996440071198576
0.20249595008099838,0.4483110337793244
0.6875462490750185,0.6710065798684026
0.7960840783184336,0.7650246995060099
0.38617227655446895,0.3548729025419492
0.9128417431651368,0.7991840163196736
0.0037199256014879703,0.0027199456010879785
0.7271454570908582,0.7382652346953061
0.41105177896442074,0.41879162416751664
0.47017059658806826,0.5314293714125717
0.062458750824983506,0.06465870682586349
0.017099658006839862,0.015159696806063879
0.7454850902981941,0.7097658046839064
0.17659646807063858,0.18105637887242257
0.5889482210355793,0.5560288794224115
0.4018119637607248,0.24311513769724608
0.12103757924841503,0.08999820003599929
0.75792484150317,0.8362832743345133
0.19183616327673447,0.21761564768704628
0.43581128377432454,0.34383312333753324
0.8915021699566009,0.8588628227435452
0.249935001299974,0.25987480250394995
0.372952540949181,0.41231175376492474
0.09189816203675927,0.0880782384352313
0.8529229415411692,0.8298034039319214
0.6495070098598028,0.6931661366772665
0.5138097238055239,0.7940041199176017
0.34575308493830126,0.4147117057658847
0.889882202355953,0.6784064318713626
0.4892502149957001,0.5419891602167957
0.6868262634747305,0.6992060158796825
0.9178216435671287,0.8986220275594489
0.8633827323453531,0.7892642147157057
0.6532069358612828,0.5042499150017
0.6177676446471071,0.7218255634887303
0.5401291974160517,0.33419331613367736
0.8253234935301295,0.9396012079758406
0.45767084658306834,0.3133537329253415
0.8997220055598888,0.8879622407551849
0.07061858762824744,0.037439251214975704
0.21639567208655827,0.20605587888242236
0.1393572128557429,0.15733685326293476
0.8924021519569609,0.9318213635727286
0.252814943701126,0.20315593688126238
0.6544869102617948,0.6551868962620748
0.5736085278294434,0.5668486630267395
0.377292454150917,0.27275454490910184
0.9659006819863603,0.9611007779844404
0.25721485570288594,0.2605547889042219
0.7038859222815544,0.6899062018759625
0.03689926201475971,0.03403931921361573
0.4512909741805164,0.1631767364652707
0.3840323193536129,0.38511229775404493
0.17047659046819064,0.37145257094858103
0.620827583448331,0.6458870822583549
0.1761764764704706,0.22425551488970222
0.3993520129597408,0.4265314693706126
0.639787204255915,0.6111477770444591
0.00745985080298394,0.006179876402471951
0.8251434971300574,0.9646207075858483
0.6712265754684906,0.7322853542929142
0.755464890702186,0.7830043399132017
0.5849883002339954,0.7645647087058259
0.10823783524329514,0.16693666126677467
0.8144637107257855,0.8131437371252576
0.8374632507349853,0.5809083818323634
0.39653206935861285,0.3879322413551729
0.8431831363372733,0.8645027099458011
0.9097618047639048,0.9332013359732806
0.14117717645647088,0.14695706085878282
0.6103077938441231,0.4423111537769245
0.9524209515809684,0.9497010059798804
0.6561668766624668,0.6383672326553469
0.1124377512449751,0.11505769884602308
0.4015919681606368,0.375712485750285
0.9826603467930641,0.9846803063938722
0.2272754544909102,0.2018359632807344
0.34451310973780525,0.46819063618727624
0.7767844643107138,0.8404431911361773
0.37841243175136496,0.46823063538729226
0.43249135017299656,0.4616907661846763
0.5281294374112518,0.5280094398112037
0.28583428331433375,0.1740165196696066
0.1736365272694546,0.28093438131237375
0.3199536009279815,0.4871302573948521
0.8116237675246495,0.872962540749185
0.11223775524489511,0.1742165156696866
0.8175436491270175,0.8406031879362413
0.6847863042739145,0.6830863382732345
0.3609327813443731,0.3237335253294934
0.5373892522149557,0.2774144517109658
0.6507469850602988,0.75532489350213
0.3227935441291174,0.3396332073358533
0.4316113677726446,0.6078278434431311
0.625907481850363,0.6644667106657867
0.3837523249535009,0.34897302053958923
0.7445851082978341,0.750484990300194
0.6860262794744105,0.7485850282994341
0.45759084818303636,0.4518509629807404
0.42357152856942865,0.5589488210235796
0.18453630927381454,0.20675586488270234
0.6847463050738986,0.7134457310853783
0.8699026019479611,0.8580228395432091
0.6909261814763705,0.7756644867102658
0.21913561728765427,0.27343453130937384
0.10629787404251916,0.1392772144557109
0.31865362692746146,0.6017079658406832
0.3845523089538209,0.4015919681606368
0.9588208235835284,0.9706405871882563
0.18625627487450253,0.19321613567728646
0.008459830803383932,0.03459930801383972
0.3059938801223976,0.3841523169536609
0.4443111137777245,0.4073118537629248
0.5892282154356913,0.5475890482190356
0.249515009699806,0.44347113057738846
0.7385252294954101,0.6089678206435871
0.8591828163436731,0.8691826163476731
0.6624667506649867,0.6798864022719546
0.5141297174056519,0.6562268754624908
0.17895642087158256,0.1603167936641267
0.6902661946761065,0.6144877102457951
0.6507069858602829,0.6777264454710906
0.18315633687326255,0.19239615207695845
0.7657846843063139,0.7743445131097378
0.41941161176776465,0.503029939401212
0.7740845183096339,0.7085058298834024
0.9959000819983601,0.9969600607987841
0.751764964700706,0.754604907901842
0.9208815823683527,0.9286614267714646
0.3405531889362213,0.39363212735745284
0.07337853242935141,0.09461810763784724
0.19591608167836644,0.2386352272954541
0.877222455550889,0.9363612727745445
0.1623767524649507,0.3867322653546929
0.16541669166616668,0.19627607447851045
0.20549589008219837,0.35787284254314916
0.13025739485210297,0.14353712925741485
0.1483370332593348,0.053058938821223575
0.9678806423871523,0.9169016619667607
0.11033779324413512,0.13351732965340693
0.13095738085238295,0.17095658086838264
0.2004759904801904,0.2712945741085178
0.999560008799824,0.9990000199996001
0.750684986300274,0.7494850102997941
0.14875702485950282,0.07641847163056739
0.23373532529349414,0.18483630327393452
0.3971920561588768,0.19511609767804644
0.9510209795804084,0.9210815783684326
0.5281094378112438,0.5552488950220996
0.6949461010779785,0.7101657966840663
0.1119777604447911,0.13041739165216695
0.4683106337873243,0.5923081538369233
0.7184456310873782,0.6977260454790905
0.09249815003699927,0.10933781324373514
0.8910621787564249,0.8553428931421372
0.10829783404331914,0.1618367632647347
0.7986440271194576,0.8194636107277855
0.2875942481150377,0.32299354012919745
0.6499070018599629,0.630367392652147
0.5278494430111398,0.6080678386432271
0.4955900881982361,0.506809863802724
0.625487490250195,0.5206295874082518
0.7358252834943302,0.7111257774844504
0.6864062718745625,0.6743665126697467
0.5154296914061719,0.5480690386192276
0.9508209835803284,0.9596408071838564
0.20897582048359034,0.13563728725425492
0.6864662706745865,0.5792084158316834
0.7089858202835944,0.33495330093398135
0.18519629607407853,0.1639567208655827
0.08981820363592728,0.1601167976640467
0.22285554288914222,0.28011439771204577
0.020859582808343834,0.016919661606767864
0.29481410371792566,0.29305413891722165
0.9763004739905202,0.6413071738565229
0.48111037779244414,0.48371032579348416
0.10545789084218316,0.1006179876402472
0.11567768644627108,0.2361552768944621
0.01743965120697586,0.02129957400851983
0.3059338813223736,0.2123957520849583
0.8226235475290494,0.8852422951540969
0.5113097738045239,0.5638687226255475
0.011779764404711906,0.011579768404631909
0.2661346773064539,0.2669946601067979
0.7230055398892022,0.6893062138757226
0.874902501949961,0.5635487290254195
0.1386372272554549,0.15417691646167078
0.5139497210055799,0.5533289334213316
0.3386932261354773,0.3501929961400772
0.07281854362912742,0.009859802803943921
0.6065678686426271,0.4518309633807324
0.8535829283414332,0.8556028879422412
0.7733845323093539,0.6940061198776025
0.6552868942621147,0.6881662366752666
0.052358952820943584,0.06483870322593549
0.38131237375252497,0.41831163376732466
0.8867022659546809,0.9101017979640408
0.055078898422031564,0.06189876202475951
0.5723685526289475,0.5697886042279154
0.9232215355692887,0.9288014239715207
0.6141477170456591,0.5723885522289555
0.7232455350892982,0.6917461650766985
0.5827083458330834,0.5807083858322833
0.9180216395672087,0.9129217415651687
0.5218495630087399,0.48927021459570813
0.4384912301753965,0.42107157856842864
0.623847523049539,0.6660666786664267
0.44343113137737245,0.4457310853782924
0.010639787204255916,0.017139657206855865
0.048119037619247615,0.06057878842423152
0.08511829763404732,0.1641567168656627
0.43605127897442053,0.40643187136257275
0.9098218035639287,0.9217415651686967
0.1876562468750625,0.18657626847463052
0.6566268674626508,0.7172056558868822
0.14645707085858284,0.13665726685466292
0.38967220655586887,0.36041279174416513
0.6113277734445312,0.46005079898402035
0.00619987600247995,0.008079838403231936
0.9367812643747125,0.9175616487670247
0.4857502849943001,0.6115077698446031
0.8624027519449611,0.5595288094238116
0.8468430631387373,0.8422231555368893
0.0893782124357513,0.0881782364352713
0.19783604327913443,0.13301733965320695
0.3905121897562049,0.5604287914241716
0.6944261114777704,0.7196256074878503
0.7335453290934182,0.8363432731345374
0.629587408251835,0.637487250254995
0.07741845163096739,0.09155816883662327
0.15385692286154276,0.09603807923841523
0.1746765064698706,0.21747565048699027
0.7087858242835143,0.7255854882902342
0.10327793444131118,0.5129297414051719
0.09823803523929522,0.09781804363912722
0.7029459410811784,0.6607267854642908
0.7641447171056579,0.7117257654846904
0.22195556088878224,0.23157536849263016
0.7040259194816104,0.4882102357952841
0.8519029619407612,0.8691026179476411
0.615307693846123,0.9212215755684887
0.9930401391972161,0.9930001399972
0.3992920141597168,0.46919061618767627
0.6693466130677387,0.5937281254374913
0.379812403751925,0.5200495990080198
0.876002479950401,0.8834023319533609
0.35571288574228516,0.38509229815403695
0.30939381212375755,0.40735185296294074
0.752344953100938,0.8278034439311214
0.3934121317573649,0.4014719705605888
0.16703665926681466,0.1504969900601988
0.8635627287454252,0.5610287794244115
0.7982440351192976,0.7400851982960341
0.03639927201455971,0.036919261614767704
0.2718145637087258,0.2893542129157417
0.13131737365252696,0.18017639647207057
0.499030019399612,0.506929861402772
0.33517329653406935,0.20221595568088638
0.10563788724225516,0.08729825403491931
0.09915801683966322,0.09049819003619929
0.09885802283954322,0.09143817123657527
0.9748205035899282,0.9155816883662327
0.24855502889942202,0.1629367412651747
0.36251274974500514,0.2280154396912062
0.0631787364252715,0.00879982400351993
0.9893802123957521,0.9864602707945841
0.9717805643887123,0.9671206575868483
0.8479030419391612,0.8515429691406172
0.24227515449691006,0.22865542689146218
0.20747585048299036,0.11853762924741505
0.6905461890762185,0.5519889602207956
0.5400091998160037,0.5779884402311954
0.629287414251715,0.6615867682646347
0.4401111977760445,0.2886142277154457
0.38499230015399694,0.5701485970280594
0.8962020759584809,0.9607007859842803
0.510669786604268,0.44537109257814844
0.10265794684106318,0.07697846043079139
0.4629507409851803,0.5986080278394432
0.07099858002839944,0.058718825623487535
0.5747885042299155,0.017799644007119857
0.7453850922981541,0.49145017099658006
0.7611447771044579,0.39151216975660486
0.5581088378232436,0.6447671046579069
0.9120617587648248,0.9076618467630647
0.3151936961260775,0.39767204655906885
0.11109777804443911,0.07757844843103139
0.5877882442351153,0.5460690786184277
0.1489170216595668,0.11771764564708706
0.6898262034759305,0.616687666246675
0.7846843063138738,0.8309633807323854
0.23017539649207017,0.19573608527829445
0.5796084078318434,0.632787344253115
0.45819083618327633,0.07567848643027139
0.46675066498670026,0.42523149537009264
0.6150676986460271,0.631667366652667
0.4233715325693486,0.3490930181396372
0.39847203055938885,0.7058658826823464
0.10591788164236715,0.21859562808743827
0.6747665046699066,0.6804063918721626
0.9415211695766085,0.24273514529709406
0.4089118217635647,0.6878462430751385
0.7232255354892902,0.6042879142417152
0.872382552348953,0.877182456350873
0.23227535449291015,0.3364132717345653
0.41123177536449274,0.5144097118057639
0.9010819783604328,0.9105217895642087
0.7717845643087139,0.7988440231195376
0.9066018679626408,0.8425031499370013
0.006619867602647947,0.0063198736025279496
0.5813883722325554,0.25555488890222194
0.8439431211375773,0.8510629787404252
0.19049619007619847,0.2006359872802544
0.9137017259654807,0.9268214635707286
0.9886602267954642,0.9845403091938162
0.29081418371632567,0.34395312093758124
0.9699206015879682,0.9539409211815764
0.8057238855222896,0.8081238375232496
0.3376932461350773,0.3634527309453811
0.6779264414711706,0.7422051558968821
0.3228135437291254,0.5134697306053879
0.4102317953640927,0.40071198576028483
0.17893642127157458,0.15477690446191078
0.7841443171136577,0.7688446231075379
0.6367272654546909,0.626507469850603
0.8458830823383533,0.8590628187436251
0.126957460850783,0.11067778644427112
0.9037219255614888,0.9301213975720486
0.3980920381592368,0.31775364492710145
0.8762024759504811,0.8552028959420812
0.1362972740545189,0.1625167496650067
0.8638227235455291,0.6528069438611228
0.5925281494370113,0.5595688086238275
0.16167676646467072,0.16193676126477471
0.376612467750645,0.7728645427091458
0.5770284594308114,0.5187096258074839
0.11069778604427911,0.08027839443211136
0.5402091958160837,0.4947301053978921
0.8016239675206496,0.7981640367192656
0.7356852862942741,0.7876442471150578
0.9457810843783124,0.9262614747705046
0.7106457870842583,0.6683266334673307
0.38151236975260494,0.14429711405771886
0.40939181216375675,0.5731285374292514
0.0376192476150477,0.06983860322793545
0.09701805963880723,0.019159616807663846
0.056998860022799545,0.013019739605207897
0.28561428771424574,0.42255154896902064
0.9240815183696326,0.881742365152697
0.6523469530609388,0.7281454370912582
0.8653226935461291,0.8453230935381293
0.07739845203095938,0.06709865802683947
0.6054678906421872,0.504409911801764
0.14273714525709486,0.1387172256554869
0.11981760364792704,0.127237455250895
0.7978440431191376,0.7082258354832903
0.2852542949141017,0.6358272834543309
0.04123917521649567,0.01991960160796784
0.4332713345733086,0.6836263274734505
0.9152816943661127,0.9242215155696887
0.620687586248275,0.6271474570508591
0.5481690366192676,0.5772884542309153
0.2993540129197416,0.26051478970420594
0.24017519649607008,0.22219555608887823
0.9022619547609048,0.6778464430711386
0.23149537009259816,0.19673606527869444
0.9283014339713206,0.9367212655746885
0.23301533969320615,0.12403751924961501
0.07025859482810344,0.08879822403551929
0.27085458290834186,0.24009519809603808
0.6573668526629468,0.6743265134697306
0.37937241255174897,0.6923861522769544
0.011919761604767905,0.01597968040639187
0.8198036039279215,0.8540229195416092
0.7913641727165457,0.8309433811323774
0.2764544709105818,0.16513669726605468
0.9164616707665847,0.9212015759684806
0.9146617067658647,0.887822243555129
0.34549309013819723,0.2396752064958701
0.5214495710085798,0.5042299154016919
0.6143277134457311,0.5350292994140118
0.34799304013919724,0.4510909781804364
0.5637887242255155,0.5821283574328514
0.13257734845303096,0.1998160036799264
0.9381412371752565,0.8938421231575369
0.9473410531789365,0.9125817483650327
0.6513269734605308,0.6004679906401872
0.6688266234675306,0.7017659646807064
0.6031279374412511,0.5468890622187557
0.2746745065098698,0.13257734845303096
0.21593568128637428,0.25007499850003
0.26091478170436594,0.26629467410651786
0.3197736045279094,0.3483530329393412
0.14767704645907082,0.2884142317153657
0.75972480550389,0.745785084298314
0.8651026979460411,0.8947221055578889
0.7624247515049699,0.6714665706685866
0.3364732705345893,0.32769344613107737
0.378392432151357,0.2614747705045899
0.8132637347253056,0.8406231875362493
0.6409871802563949,0.6691266174676507
0.6212075758484831,0.631787364252715
0.49705005899882004,0.4422311553768925
0.514229715405692,0.8172436551268975
0.3630927381452371,0.38145237095258094
0.9285014299714006,0.7079058418831624
0.47239055218895626,0.42145157096858066
0.018519629607407852,0.04767904641907162
0.3875122497550049,0.28239435211295777
0.6150076998460031,0.5343293134137318
0.4584308313833724,0.39483210335793284
0.8009839803203936,0.3084538309233815
0.757584848303034,0.7877242455150897
0.08095838083238335,0.10251794964100719
0.47973040539189216,0.16047679046419072
0.8116437671246576,0.7803643927121457
0.14407711845763085,0.13637727245455092
0.09673806523869523,0.28269434611307775
0.7967840643187136,0.8194836103277935
0.5845083098338033,0.7365852682946341
0.1618967620647587,0.1121177576448471
0.23341533169336615,0.5430091398172037
0.6147677046459071,0.7049059018819623
0.29053418931621366,0.3560328793424132
0.09833803323933522,0.14375712485750286
0.250694986100278,0.33827323453530933
0.9709205815883682,0.9605207895842084
0.7936441271174577,0.7893042139157217
0.9620407591848164,0.9717205655886882
0.6027279454410912,0.620247595048099
0.5345293094138117,0.19895602087958242
0.5295094098118038,0.505389892202156
0.373132537349253,0.38035239295214096
0.7654846903061939,0.8333433331333374
0.6501869962600748,0.6451070978580429
0.1786164276714466,0.18123637527249456
0.01989960200795984,0.0381992360152797
0.253414931701366,0.3555728885422292
0.74452510949781,0.8090838183236335
0.8621627567448651,0.8615627687446251
0.15627687446251076,0.15803683926321474
0.39829203415931685,0.3062938741225176
0.2858142837143257,0.3498330033399332
0.5155496890062199,0.5230095398092038
0.044699106017879645,0.0494990100197996
0.29243415131697365,0.46749065018699626
0.8043839123217535,0.8225435491290174
0.5519889602207956,0.6327473450530989
0.04059918801623968,0.03993920121597568
0.4416911661766765,0.5871882562348754
0.2864542709145817,0.17155656886862264
0.029239415211695766,0.08655826883462331
0.35695286094278117,0.38243235135297293
0.6110477790444191,0.6449471010579788
0.6109877802443952,0.5643687126257475
0.7355452890942181,0.7813843723125538
0.7907641847163057,0.7765044699106018
0.29461410771784563,0.25833483330333396
0.23013539729205418,0.33197336053278936
0.23359532809343814,0.25199496010079797
0.9747405051898962,0.9777204455910882
0.6184276314473711,0.6458270834583308
0.47429051418971624,0.4114317713645727
0.10399792004159918,0.08195836083278335
0.06089878202435951,0.04395912081758365
0.8250234995300094,0.7712245755084899
0.14061718765624687,0.3194936101277975
0.3177336453270935,0.6735265294694106
0.5707485850282995,0.502629947401052
0.4336713265734685,0.46845063098738027
0.887002259954801,0.8917221655566889
0.19335613287734246,0.15321693566128677
0.9013619727605449,0.8259234815303694
0.4527109457810844,0.5107697846043079
0.9227215455690887,0.9220415591688167
0.76192476150477,0.5444091118177636
0.20869582608347834,0.7624647507049859
0.9529209415811684,0.9320813583728326
0.8846623067538649,0.888382232355353
0.5098498030039399,0.4524709505809884
0.6063278734425311,0.6805863882722346
0.6547869042619148,0.3277934441311174
0.47263054738905225,0.5196696066078679
0.4139117217655647,0.43661126777464454
0.16953660926781464,0.1910761784764305
0.7251254974900502,0.7461850762984741
0.1987960240795184,0.28847423051538973
0.9740205195896082,0.9196216075678487
0.27303453930921384,0.24771504569908603
0.74222515549689,0.6952060958780825
0.023339533209335815,0.060838783224335516
0.127157456850863,0.19723605527889443
0.7854242915141697,0.7939441211175777
0.33747325053498933,0.3162336753264935
0.43377132457350853,0.5423891522169557
0.5871482570348593,0.3848323033539329
0.6914661706765864,0.75272494550109
0.3117537649247015,0.2965140697186056
0.17685646287074258,0.2241555168896622
0.8735825283494331,0.8405631887362253
0.878942421151577,0.8495830083398332
0.7432451350972981,0.7117857642847143
0.6178676426471471,0.6571868562628748
0.2356152876942461,0.1898762024759505
0.39059218815623686,0.3939921201575969
0.621587568248635,0.5312493750124998
0.9183416331673366,0.9087818243635127
0.8776824463510731,0.8480030399392012
0.6474270514589708,0.7489450210995781
0.5164896702065959,0.3414931701365973
0.7774644507109858,0.7600247995040099
0.23575528489430211,0.4154116917661647
0.875562488750225,0.8299434011319774
0.9197816043679127,0.9254414911701766
0.017459650806983862,0.0251994960100798
0.40793184136317273,0.4501509969800604
0.3601527969440611,0.4906701865962681
0.8867222655546889,0.9089018219635607
0.1003779924401512,0.125957480850383
0.9279614407711846,0.9126817463650727
0.753184936301274,0.7770044599108018
0.28699426011479773,0.3360132797344053
0.9438211235775285,0.9022819543609129
0.17967640647187058,0.16813663726725467
0.5770684586308275,0.5713285734285315
0.41649167016659666,0.43685126297474053
0.19311613767724647,0.21281574368512632
0.23187536249275015,0.2380552388952221
0.6018679626407472,0.6650666986660267
0.9302413951720966,0.9123417531649367
0.4885702285954281,0.5130497390052199
0.6517069658606828,0.49911001779964403
0.3985720285594288,0.4182916341673167
0.50564988700226,0.50194996100078
0.5132897342053159,0.5492490150196996
0.5267894642107158,0.3381932361352773
0.45125097498050043,0.23163536729265416
0.39475210495790086,0.3494930101397972
0.19139617207655849,0.249595008099838
0.7867842643147137,0.627327453450931
0.24715505689886202,0.25211495770084597
0.032399352012959744,0.02889942201155977
0.7303653926921462,0.7065258694826104
0.2638347233055339,0.2253354932901342
0.1362772744545109,0.1730965380692386
0.6991260174796504,0.6044479110417792
0.7842843143137137,0.7082058358832823
0.4736305273894522,0.34439311213775725
0.379692406151877,0.08025839483210336
0.24501509969800606,0.24875502489950202
0.3279534409311814,0.3881922361552769
0.5066298674026519,0.11563768724625507
0.6587068258634827,0.6821663566728665
0.13413731725365494,0.1373372532549349
0.4034119317613648,0.40627187456250874
0.5953080938381232,0.5541489170216596
0.5365892682146357,0.38435231295374095
0.4903501929961401,0.5301893962120757
0.7266054678906422,0.8003439931201376
0.8851222975540489,0.8343433131337373
0.7930241395172097,0.75282494350113
0.8103037939241216,0.7777444451110979
0.16739665206695867,0.20475590488190237
0.2397552048959021,0.22009559808803825
0.004079918401631967,0.0038599228015439692
0.008219835603287935,0.004919901601967961
0.9062418751624968,0.6158076838463231
0.5932281354372912,0.5105497890042199
0.5246895062098759,0.5353692926141478
0.6229075418491631,0.6957860842783145
0.09369812603747925,0.1362172756544869
0.2778744425111498,0.2027959440811184
0.5221295574088518,0.45519089618207637
0.5191296174076518,0.4745305093898122
0.49933001339973204,0.4391512169756605
0.09283814323713525,0.10683786324273514
0.4247515049699006,0.11645767084658307
0.632607347853043,0.6007479850402992
0.4409511809763805,0.4509709805803884
0.38481230375392494,0.19541609167816645
0.9621207575848484,0.9602407951840963
0.2618947621047579,0.21029579408411833
0.6550268994620108,0.8515029699406013
0.7235855282894342,0.8148837023259535
0.886662266754665,0.9121417571648567
0.9630607387852244,0.9603607927841443
0.5994480110397792,0.6472670546589069
0.6983660326793464,0.7698846023079539
0.3220135597288054,0.48117037659246814
0.19545609087818244,0.2847343053138937
0.8733225335493291,0.8474630507389852
0.37417251654966904,0.2890942181156377
0.5645687086258275,0.5438691226175477
0.8798624027519449,0.12083758324833503
0.04455910881782364,0.0372192556148877
0.0024799504009919804,0.002739945201095978
0.3884322313553729,0.3614727705445891
0.44101117977640447,0.48115037699246016
0.7914641707165857,0.7150256994860104
0.6744065118697626,0.6750064998700026
0.034019319613607726,0.04147917041659167
0.998960020799584,0.996560068798624
0.47761044779104417,0.5113297734045319
0.8553628927421452,0.8576628467430651
0.8611627767444652,0.7981440371192576
0.6502669946601068,0.3683126337473251
0.8971220575588489,0.9110217795644088
0.29763404731905363,0.22871542569148617
0.9612207755844884,0.9659406811863763
0.9285214295714086,0.9415611687766245
0.11633767324653507,0.12139757204855903
0.763404731905362,0.34463310733785324
0.9272814543709126,0.8366632667346653
0.020339593208135838,0.03245935081298374
0.17751644967100658,0.3528929421411572
0.21873562528749427,0.5090098198036039
0.41523169536609267,0.3977120457590848
0.22019559608807823,0.47401051978960423
0.9512409751804964,0.9467610647787045
0.05747885042299154,0.05147897042059159
0.3077738445231096,0.34697306053878924
0.615987680246395,0.7184456310873782
0.7348653026939461,0.6948461030779385
0.3026339473210536,0.23631527369452612
0.5601687966240675,0.5269094618107638
0.0756384872302554,0.06711865762684746
0.19239615207695845,0.17921641567168659
0.8252234955300894,0.615987680246395
0.6550068998620028,0.6726665466690667
0.9291814163716726,0.9410211795764085
0.5542889142217156,0.6946461070778585
0.3488730225395492,0.21845563088738226
0.7355252894942101,0.5934481310373793
0.7181456370872583,0.7768644627107458
0.7188856222875543,0.7340853182936341
0.627827443451131,0.5388492230155397
0.20425591488170236,0.18061638767224655
0.29427411451770963,0.18355632887342255
0.5506289874202516,0.6044279114417712
0.7782844343113138,0.7761244775104498
0.4247115057698846,0.10395792084158317
0.019639607207855844,0.011799764004719906
0.5325093498130038,0.43827123457530853
0.026079478410431792,0.0252994940101198
0.5602687946241075,0.5703885922281554
0.40733185336293276,0.5155696886062279
0.7944641107177857,0.8011439771204576
0.06595868082638348,0.05615887682246355
0.11715765684686306,0.4428711425771485
0.24709505809883803,0.20407591848163037
0.5305893882122358,0.6024279514409712
0.50334993300134,0.5807883842323154
0.8279034419311614,0.8145837083258335
0.36979260414791704,0.8487430251394973
0.6579468410631788,0.4389112217755645
0.062258754824903506,0.06499870002599949
0.6895262094758106,0.8520029599408012
0.07985840283194337,0.11717765644687107
0.9644807103857923,0.9600007999840003
0.6225675486490271,0.6407671846563069
0.0890782184356313,0.11797764044719106
0.25045499090018203,0.18991620167596648
0.2399352012959741,0.22205555888882222
0.6929261414771705,0.7172856542869143
0.2994140117197656,0.24625507489850204
0.1378772424551509,0.1353572928541429
0.20903581928361434,0.2675746485070299
0.16547669046619068,0.12927741445171098
0.8308633827323454,0.8011839763204737
0.8102237955240895,0.8071438571228575
0.9113217735645287,0.626647467050659
0.49657006859862807,0.45491090178196436
0.08589828203435931,0.06695866082678346
0.4365712685746285,0.3155936881262375
0.9879202415951681,0.9922601547969041
0.10557788844223116,0.11643767124657507
0.4291714165716686,0.6393472130557389
0.7280054398912023,0.8402431951360974
0.4910701785964281,0.6019879602407952
0.5522289554208916,0.7800043999120018
0.24863502729945403,0.2708945821083578
0.10855782884342313,0.09727805443891123
0.8378432431351374,0.8124437511249776
0.765464690706186,0.9097218055638887
0.999440011199776,0.999160016799664
0.07807843843123138,0.07627847443051139
0.23969520609587808,0.2855942881142377
0.2119957600847983,0.2397352052958941
0.12011759764804704,0.11851762964740706
0.6818463630727386,0.6772864542709146
0.5931481370372593,0.6146277074458512
0.11789764204715907,0.1616567668646627
0.1625567488650227,0.1904761904761905
0.5104097918041639,0.5518089638207236
0.9719805603887922,0.9726005479890403
0.0755384892302154,0.06963860722785545
0.14533709325813485,0.2020759584808304
0.25649487010259797,0.23267534649307015
0.30927381452370956,0.4213115737685246
0.2931341373172537,0.3101137977240455
0.9286414271714566,0.9153216935661287
0.8259434811303774,0.8270034599308014
0.39699206015879684,0.8706825863482731
0.9647407051858963,0.9452210955780884
0.8156436871262575,0.7386652266954661
0.8364432711345774,0.8260434791304174
0.6988260234795304,0.7736645267094658
0.5495490090198196,0.379812403751925
0.9739005219895602,0.9740605187896243
0.9369612607747846,0.5630687386252275
0.6462070758584828,0.618067638647227
0.9813603727925442,0.9659006819863603
0.6115277694446112,0.5970280594388112
0.7855042899142017,0.8233835323293535
0.9712405751884963,0.9699406011879763
0.49763004739905203,0.4190916181676367
0.4717505649887002,0.6718465630687387
0.07207855842883143,0.0750184996300074
0.757544849103018,0.748265034699306
0.16811663766724666,0.16551668966620667
0.24199516009679808,0.17259654806903862
0.23619527609447813,0.253494930101398
0.3155336893262135,0.4142117157656847
0.1491370172596548,0.15681686366272676
0.08467830643387132,0.11155776884462311
0.41723165536689266,0.42181156376872464
0.9162216755664887,0.9616607667846644
0.17957640847183057,0.28053438931221375
0.07887842243155137,0.08045839083218335
0.8923021539569209,0.880862382752345
0.6920461590768184,0.6555468890622188
0.6024279514409712,0.5912081758364833
0.1773564528709426,0.1894762104757905
0.5933081338373233,0.6883062338753225
0.10343793124137518,0.09915801683966322
0.6396072078558429,0.7209455810883783
0.8291234175316494,0.8394832103357933
0.3544129117417652,0.5273494530109398
0.21955560888782225,0.22137557248855025
0.9650606987860243,0.9748005039899202
0.4579708405831884,0.5239095218095638
0.7220055598888022,0.6459070818583629
0.19151616967660648,0.060638787224255516
0.04403911921761565,0.02241955160896782
0.7513249735005301,0.7154256914861703
0.9610407791844163,0.9554608907821844
0.9701005979880403,0.9257814843703126
0.3285334293314134,0.500429991400172
0.630087398252035,0.4626507469850603
0.8986220275594489,0.7309653806923861
0.750364992700146,0.6530269394612108
0.6183676326473471,0.636827263454731
0.048439031219375615,0.06701865962680746
0.42273154536909263,0.13923721525569488
0.5516889662206756,0.4887102257954841
0.5999080018399632,0.4469310613787724
0.13579728405431893,0.09543809123817525
0.7461650766984661,0.7359452810943782
0.09621807563848724,0.07815843683126338
0.0046599068018639625,0.005179896402071959
0.6411871762564749,0.5880682386352273
0.4303113937721246,0.1372172556548869
0.8367432651346973,0.8537229255414892
0.6217675646487071,0.6947261054778905
0.8155436891262176,0.8070438591228176
0.3559728805423892,0.6561068778624428
0.8869422611547769,0.9441011179776405
0.5278894422111557,0.44233115337693246
0.4692906141877163,0.6021879562408752
0.7273454530909382,0.7359052818943621
0.9827403451930962,0.9170816583668326
0.3226335473290534,0.3257734845303094
0.6582068358632828,0.6618667626647468
0.4767104657906842,0.34643307133857326
0.08125837483250335,0.12199756004879903
0.4842103157936841,0.47337053258934825
0.9036419271614567,0.9549009019819604
0.8040239195216096,0.8367232655346893
0.7372252554948902,0.744185116297674
0.8057038859222816,0.8178236435271294
0.4013919721605568,0.6171876562468751
0.7127457450850984,0.5973480530389392
0.745305093898122,0.7632047359052819
0.31701365972680545,0.44731105377892444
0.6406871862562749,0.5540689186216275
0.5497290054198917,0.5420891582168357
0.881402371952561,0.8691426171476571
0.46051078978420434,0.25559488810223796
0.4177316453670927,0.44599108017839645
0.06983860322793545,0.04515909681806364
0.4556908861822764,0.3274334513309734
0.881102377952441,0.5333093338133238
0.0377392452150957,0.05635887282254355
0.2386552268954621,0.18371632567348653
0.1126377472450551,0.378612427751445
0.07963840723185536,0.07039859202815944
0.7373052538949221,0.8201635967280655
0.29797404051918963,0.23495530089398212
0.8694226115477691,0.9895202095958081
0.9888002239955201,0.9850402991940161
0.7374852502949941,0.8814623707525849
0.013499730005399892,0.12137757244855103
0.2123157536849263,0.2601347973040539
0.47943041139177217,0.757364852702946
0.1130777384452311,0.13307733845323094
0.4905701885962281,0.5448291034179317
0.08605827883442331,0.08283834323313534
0.27093458130837383,0.21865562688746226
0.2250754984900302,0.5528889422211556
0.4254914901701966,0.4929501409971801
0.5567688646227076,0.44221115577688447
0.4897502049959001,0.5980080398392033
0.15861682766344673,0.28305433891322174
0.6206075878482431,0.5972280554388912
0.8512429751404972,0.8490630187396252
0.9639607207855844,0.9696006079878403
0.9363812723745525,0.9406211875762485
0.29383412331753367,0.4350312993740125
0.4219515609687806,0.08365832683346333
0.16261674766504672,0.15685686286274275
0.617587648247035,0.5522289554208916
0.2810743785124298,0.5627487450250995
0.47097058058838825,0.30259394812103757
0.4414311713765725,0.33199336013279734
0.8923621527569449,0.8915221695566089
0.16777664446711066,0.2144557108857823
0.8370832583348333,0.6924261514769705
0.4867102657946841,0.5442691146177077
0.9547409051818964,0.9515409691806164
0.2924541509169817,0.20797584048319034
0.6410271794564109,0.7124457510849783
0.8515029699406013,0.7998040039199217
0.10887782244355114,0.09549809003819924
0.627267454650907,0.6310473790524189
0.8237435251294974,0.8036239275214496
0.5679286414271715,0.6504469910601788
0.6384872302553949,0.889642207155857
0.38315233695326095,0.33427331453370934
0.7820243595128098,0.7099858002839944
0.3466530669386612,0.2922741545169097
0.872582548349033,0.8295434091318173
0.9704205915881683,0.6200475990480191
0.9863602727945442,0.9905001899962002
0.8061638767224656,0.8415431691366173
0.8286834263314734,0.8236035279294415
0.18593628127437453,0.20741585168296633
0.5081298374032519,0.8133437331253375
0.07329853402931942,0.07055858882822344
0.742805143897122,0.9261814763704727
0.5279894402111958,0.5848883022339554
0.8448231035379292,0.877022459550809
0.6458470830583388,0.5112297754044919
0.7843043139137218,0.7841843163136738
0.6011679766404672,0.6601267974640508
0.06493870122597548,0.05753884922301554
0.507569848603028,0.5363492730145397
0.7704445911081779,0.7909441811163777
0.9361212775744485,0.9386412271754565
0.7764244715105698,0.7753644927101458
0.35473290534189317,0.5818483630327393
0.9564208715825684,0.9482010359792804
0.2376552468950621,0.2811943761124778
0.06433871322573549,0.08979820403591929
0.07065858682826344,0.09889802203955922
0.6017479650406992,0.45537089258214836
0.256094878102438,0.3606527869442611
0.34239315213695726,0.29415411691766163
0.4567708645827084,0.5364692706145877
0.19627607447851045,0.12327753444931101
0.5665686686266275,0.746945061098778
0.9378612427751445,0.9579808403831924
0.09593808123837523,0.09715805683886322
0.030799384012319755,0.018239635207295855
0.5928281434371313,0.5853682926341474
0.46971060578788426,0.37039259214815706
0.4605307893842123,0.6732665346693066
0.7949441011179776,0.8449831003379933
0.5912281754364913,0.6052878942421152
0.7993040139197216,0.5502289954200916
0.09241815163696726,0.037259254814903706
0.35921281574368513,0.48439031219375617
0.08599828003439931,0.1617167656646867
0.5960280794384113,0.5245295094098118
0.5842683146337073,0.6133077338453231
0.07461850762984741,0.09301813963720726
0.09687806243875123,0.1125177496450071
0.44577108457830844,0.27057458850822985
0.7633247335053299,0.6644467110657787
0.1520569588608228,0.17075658486830264
0.28469430611387775,0.38431231375372493
0.04897902041959161,0.06399872002559949
0.871442571148577,0.05363892722145557
0.8471230575388492,0.881642367152657
0.19557608847823044,0.23427531449371014
0.6953460930781384,0.6965860682786345
0.5839483210335793,0.5173496530069399
0.17091658166836665,0.20575588488230237
0.3947321053578929,0.21003579928401434
0.3904121917561649,0.4479110417791644
0.25405491890162196,0.22433551328973422
0.31049379012419753,0.26981460370792587
0.19609607807843843,0.19347613047739046
0.9850402991940161,0.9850202995940082
0.8023039539209216,0.7720845583088338
0.7926841463170737,0.763044739105218
0.4926101477970441,0.5913681726365473
0.46269074618507633,0.5354292914141717
0.998160036799264,0.9983000339993201
0.5537289254214915,0.6155276894462111
0.22919541609167818,0.30065398692026163
0.885742285154297,0.8737825243495131
0.879102417951641,0.8664026719465611
0.45119097618047643,0.4279514409711806
0.875102497950041,0.9893602127957442
0.3153536929261415,0.3157936841263175
0.7938641227175457,0.7984040319193616
0.9680206395872083,0.9710405791884162
0.25257494850102996,0.1886562268754625
0.7138857222855544,0.5781484370312594
0.9090818183636328,0.9119017619647607
0.0870182596348073,0.08885822283554329
0.8189636207275854,0.6730865382692346
0.5613087738245235,0.19659606807863844
0.45411091778164436,0.20955580888382233
0.3000139997200056,0.25895482090358196
0.2746145077098458,0.08127837443251135
0.08409831803363933,0.15255694886102278
0.4044519109617808,0.2375352492950141
0.09847803043939121,0.25433491330173397
0.039479210415791686,0.026739465210695788
0.377172456550869,0.3428731425371493
0.8107637847243055,0.7825043499130018
0.2021759564808704,0.20447591048179037
0.6075278494430112,0.760544789104218
0.3271734565308694,0.20665586688266235
0.5471490570188596,0.5392492150156997
0.8256034879302414,0.8459230815383693
0.6774864502709946,0.6982260354792904
0.8672626547469051,0.9116417671646567
0.5869282614347713,0.8397832043359134
0.12137757244855103,0.11493770124597509
0.7335653286934262,0.7754244915101698
0.011939761204775905,0.02107957840843183
0.7257654846903062,0.7433251334973301
0.7811843763124737,0.6639267214655707
0.021939561208775826,0.047019059618807625
0.8314233715325694,0.8358232835343293
0.3460730785384292,0.5138497230055399
0.626507469850603,0.624227515449691
0.5860682786344273,0.40967180656386876
0.13125737485250297,0.1499170016599668
0.8520429591408172,0.8442031159376813
0.6884262314753705,0.8384632307353853
0.5565088698226036,0.6185476290474191
0.06533869322613547,0.07929841403171937
0.8934421311573769,0.8970220595588089
0.376172476550469,0.45469090618187635
0.060618787624247515,0.06055878882422352
0.2937141257174857,0.3130937381252375
0.499770004599908,0.5860282794344114
0.7083058338833224,0.8864822703545929
0.41775164496710065,0.6567668646627067
0.18337633247335053,0.22981540369192616
0.3488930221395572,0.4300113997720046
0.8432031359372812,0.8059838803223935
0.9532409351812964,0.9865402691946161
0.12031759364812704,0.13175736485270295
0.506929861402772,0.506429871402572
0.46589068218635626,0.6070878582428352
0.4620107597848043,0.4915501689966201
0.44655106897862046,0.6499070018599629
0.8993620127597448,0.7301453970920582
0.27019459610807783,0.16073678526429472
0.877542449151017,0.8466030679386413
0.6929661406771864,0.7032659346813064
0.7013459730805384,0.6989660206795865
0.7387452250954981,0.6686666266674667
0.39939201215975684,0.3167936641267175
0.7071658566828664,0.633487330253395
0.17045659086818266,0.08439831203375933
0.6701065978680426,0.6833663326733466
0.7791844163116738,0.8052838943221136
0.025519489610207797,0.01755964880702386
0.6327473450530989,0.7968440631187377
0.3165336693266135,0.28331433371332576
0.010219795604087919,0.012739745205095899
0.9275414491710167,0.9384612307753846
0.3153736925261495,0.22989540209195816
0.2128557428851423,0.7070658586828263
0.08031839363212737,0.058918821623567534
0.026839463210735787,0.02125957480850383
0.9039219215615688,0.8949821003579929
0.8205635887282254,0.6602067958640827
0.42225155496890066,0.49509009819803607
0.6625067498650027,0.7025459490810184
0.7381452370952581,0.7963240735185296
0.32169356612867744,0.1514569708605828
0.32163356732865345,0.5383292334153317
0.6460270794584109,0.7088858222835543
0.19261614767704646,0.252354952900942
0.15181696366072678,0.14127717445651086
0.5716685666286675,0.42461150776984463
0.2405351892962141,0.2891142177156457
0.8291634167316654,0.6993060138797225
0.05405891882162357,0.08029839403211936
0.9994800103997921,0.99940001199976
0.6517669646607068,0.6810863782724346
0.6390872182556349,0.7549849003019939
0.3645527089458211,0.32011359772804543
0.0891782164356713,0.08333833323333534
0.05625887482250355,0.05157896842063159
0.0760584788304234,0.07221855562888742
0.1019579608407832,0.125377492450151
0.2895342093158137,0.3659726805463891
0.7807443851122978,0.6681866362672747
0.9207015859682807,0.6377072458550829
0.6564668706625868,0.48819023619527613
0.5934081318373633,0.8355232895342093
0.6271474570508591,0.4277914441711166
0.6869262614747705,0.8549429011419772
0.31477370452590947,0.29185416291674166
0.22039559208815823,0.251294974100518
0.27903441931161377,0.32031359372812546
0.055778884422311555,0.08679826403471931
0.5820283594328114,0.5707285854282914
0.49271014579708405,0.376892462150757
0.4004919901601968,0.5789684206315874
0.7780844383112338,0.6855462890742186
0.8034839303213936,0.8061638767224656
0.5681486370272595,0.5571488570228595
0.7344053118937621,0.7967440651186977
0.06547869042619148,0.050958980820383595
0.21989560208795825,0.21433571328573428
0.9366812663746725,0.7259254814903702
0.8597828043439132,0.7868442631147378
0.3390732185356293,0.32013359732805347
0.4228115437691246,0.3197736045279094
0.8294234115317694,0.8055038899222016
0.6508469830603388,0.36989260214795705
0.6217875642487151,0.7154656906861863
0.9532209355812884,0.9354412911741765
0.9566408671826564,0.9403011939761206
0.38647227055458894,0.30867382652346953
0.3213735725285494,0.3377132457350853
0.5297694046119078,0.6890062198756025
0.7748045039099218,0.7962840743185137
0.6584268314633708,0.38353232935341297
0.15809683806323874,0.17291654166916662
0.6411671766564669,0.6839463210735786
0.503869922601548,0.5958480830383392
0.4418511629767405,0.18513629727405453
0.02131957360852783,0.07311853762924742
0.6222475550488991,0.5773884522309554
0.879622407551849,0.8406431871362573
0.4006919861602768,0.3687726245475091
0.4855702885942281,0.4604307913841723
0.9927401451970961,0.9856202875942481
0.8145437091258175,0.8523229535409292
0.374372512549749,0.3032539349213016
0.9578008439831204,0.9389212215755686
0.22175556488870224,0.4867702645947081
0.43741125177496454,0.48007039859202816
0.9676806463870723,0.9653806923861523
0.5381892362152757,0.6688466230675387
0.2612147757044859,0.2874142517149657
0.9917801643967121,0.9920201595968081
0.48491030179396416,0.44777104457910843
0.10341793164136717,0.10997780044399112
0.14791704165916683,0.3239335213295734
0.9164016719665607,0.9971800563988721
0.5252494950100998,0.4543509129817404
0.7862642747145058,0.7646847063058739
0.9341013179736406,0.9022219555608888
0.028399432011359773,0.10641787164256715
0.5190496190076198,0.509309813803724
0.5274294514109718,0.4369712605747885
0.255514889702206,0.29287414251714966
0.3248535029299414,0.33095338093238136
0.7919641607167857,0.8124237515249695
0.9295814083718326,0.9287014259714806
0.8484030319393613,0.8199036019279615
0.5432891342173157,0.44763104737905246
0.5874482510349793,0.5645087098258035
0.036819263614727704,0.03981920361592768
0.75472490550189,0.8605827883442332
0.6472670546589069,0.6352472950540989
0.5234295314093719,0.6917061658766825
0.9213615727685447,0.9223415531689366
0.8253434931301374,0.7206655866882663
0.053478930421391575,0.05957880842383152
0.39875202495950085,0.36955260894782105
0.8654626907461851,0.8600027999440012
0.7926641467170656,0.8148237035259295
0.7819843603127937,0.758284834303314
0.8065638687226255,0.6957260854782905
0.9668206635867282,0.9651806963860723
0.7814043719125617,0.7436451270974581
0.8224235515289694,0.7664446711065779
0.05835883282334354,0.07353852922941541
0.2145757084858303,0.1016979660406792
0.17985640287194257,0.125217495650087
0.06573868522629547,0.06479870402591949
0.38285234295314097,0.6911061778764425
0.6660866782664346,0.6937861242775145
0.8550428991420171,0.879382412351753
0.1504769904601908,0.252414951700966
0.39687206255874885,0.4746105077898442
0.19685606287874244,0.15575688486230277
0.2248755024899502,0.16135677286454272
0.9568208635827283,0.9564408711825764
0.754964900701986,0.8238835223295534
0.5880282394352113,0.6104677906441871
0.7767244655106899,0.8684226315473691
0.43043139137217257,0.6864262714745706
0.5619087618247636,0.7817643647127058
0.4747905041899162,0.2366752664946701
0.6548269034619307,0.5887282254354913
0.9322213555728885,0.9169416611667767
0.2899542009159817,0.34233315333693326
0.5503489930201396,0.49099018019639606
0.028559428811423773,0.04125917481650367
0.377972440551189,0.2625947481050379
0.5659686806263875,0.12097758044839103
0.1637567248655027,0.13571728565428692
0.4536309273814524,0.6867862642747146
0.5279294414111718,0.5401891962160758
0.04213915721685566,0.049739005219895605
0.27921441571168576,0.38417231655366896
0.373752524949501,0.5295494090118198
0.19237615247695047,0.22393552128957422
0.0501789964200716,0.3395732085358293
0.39755204895902085,0.3632727345453091
0.6164676706465871,0.624007519849603
0.08079838403231936,0.07631847363052739
0.49871002579948404,0.4603107937841243
0.9693206135877283,0.8093038139237215
0.5889882202355953,0.6335673286534269
0.8567428651426972,0.8896022079558409
0.07771844563108739,0.0892782144357113
0.40517189656206876,0.34061318773624527
0.2940541189176217,0.2267354652906942
0.7506449871002581,0.7402251954960901
0.6545669086618268,0.630447391052179
0.029759404811903763,0.09171816563668726
0.0018599628007439852,0.0028199436011279774
0.21843563128737425,0.2239555208895822
0.75442491150177,0.6983060338793224
0.06925861482770344,0.48029039419211617
0.4690706185876283,0.4123917521649567
0.6762464750704986,0.626607467850643
0.9776604467910642,0.9753604927901443
0.871702565948681,0.9181016379672406
0.5875482490350193,0.6949061018779624
0.4027319453610928,0.39757204855902883
0.37973240535189295,0.37149257014859705
0.8548629027419452,0.7969640607187857
0.7172656546869063,0.6993260134797304
0.4441911161776765,0.5204695906081879
0.20451590968180638,0.08593828123437532
0.5412091758164836,0.6010279794404112
0.7105457890842184,0.7697246055078899
0.14923701525969482,0.39191216175676485
0.8365832683346334,0.8025239495210096
0.4279114417711646,0.44309113817723644
0.32935341293174136,0.35995280094398113
0.8290234195316094,0.8457830843383133
0.3899722005559889,0.25621487570248597
0.9037619247615049,0.9628807423851523
0.6074478510429792,0.5784284314313713
0.24411511769764604,0.2248955020899582
0.4144517109657807,0.4016119677606448
0.25205495890082197,0.1759964800703986
0.8273834523309535,0.8513629727405452
0.9185816283674327,0.9412211755764885
0.5309893802123957,0.6723265534689307
0.7021659566808665,0.5904081918361633
0.7415251694966101,0.7934041319173617
0.372552548949021,0.19769604607907842
0.874102517949641,0.8695626087478251
0.08393832123357534,0.10507789844203116
0.6786464270714586,0.5667886642267155
0.13193736125277494,0.14615707685846283
0.7869842603147937,0.8002039959200816
0.40339193216135677,0.4036519269614608
0.9921001579968401,0.9906601867962641
0.6979060418791624,0.6871862562748745
0.2384352312953741,0.24409511809763806
0.38847223055538893,0.30707385852282953
0.5554088918221636,0.09923801523969521
0.27315453690926184,0.27027459450810987
0.09525809483810324,0.08189836203275935
0.1498170036599268,0.14145717085658288
0.619667606647867,0.5654486910261795
0.1772164556708866,0.1880962380752385
0.16871662566748666,0.18559628807423853
0.9611207775844484,0.9566208675826484
0.06811863762724746,0.08399832003359933
0.6417671646567069,0.3248535029299414
0.2913741725165497,0.24303513929721407
0.6514669706605868,0.7652846943061139
0.8306033879322414,0.747705045899082
0.006699866002679947,0.007419851602967941
0.5744085118297634,0.48807023859522813
0.32193356132877343,0.38137237255254897
0.2236355272894542,0.25755484890302194
0.1625367492650147,0.43741125177496454
0.7317053658926822,0.8239435211295775
0.7313853722925542,0.4771504569908602
0.30739385212295756,0.12949741005179896
0.7751844963100738,0.634987300253995
0.4899902001959961,0.7095058098838023
0.4763304733905322,0.43143137137257254
0.9929601407971841,0.9930401391972161
0.29469410611787766,0.20997580048399034
0.3523329533409332,0.30909381812363756
0.09721805563888723,0.11479770404591909
0.764084718305634,0.7378852422951542
0.8731025379492411,0.9016619667606648
0.3625327493450131,0.250794984100318
0.32175356492870144,0.27061458770824587
0.25829483410331794,0.1521969560608788
0.7755444891102178,0.7403651926961461
0.8183636327273455,0.7641447171056579
0.44503109937801244,0.5151296974060519
0.4720905581888362,0.382672346553069
0.8309233815323693,0.21687566248675028
0.09711805763884723,0.09459810803783925
0.4770104597908042,0.44417111657766845
0.8906621867562649,0.8567428651426972
0.9812803743925121,0.9463610727785444
0.5621087578248435,0.13033739325213498
0.7815843683126338,0.6892462150756985
0.1497370052598948,0.0997980040399192
0.5121097578048439,0.45051098978020443
0.1870962580748385,0.034399312013759724
0.5236495270094599,0.4397312053758925
0.2780544389112218,0.3374532509349813
0.5340493190136197,0.4783704325913482
0.10253794924101518,0.12771744565108697
0.1392172156556869,0.12437751244975101
0.6750064998700026,0.7658446831063379
0.5818083638327234,0.5291094178116438
0.0071798564028719425,0.0077198456030879384
0.624467510649787,0.5668086638267235
0.5974680506389872,0.5671286574268515
0.506329873402532,0.5574088518229635
0.627567448651027,0.6863062738745226
0.9303813923721526,0.8093638127237456
0.13165736685266294,0.13377732445351093
0.11259774804503911,0.05249895002099958
0.9112417751644968,0.9243015139697206
0.0622787544249115,0.057078858422831544
0.05801883962320754,0.24471510569788604
0.11863762724745505,0.09733805323893523
0.0059598808023839525,0.014079718405631887
0.6066878662426751,0.5513289734205316
0.8743625127497451,0.753064938701226
0.6751664966700667,0.5174096518069639
0.6581068378632428,0.39789204215915686
0.3876322473550529,0.36497270054598907
0.12845743085138298,0.1391372172556549
0.5517289654206916,0.6608867822643547
0.1874762504749905,0.19889602207955842
0.5581488370232596,0.3486930261394772
0.15937681246375074,0.20993580128397432
0.03415931681366373,0.03549929001419972
0.32523349533009344,0.3345933081338373
0.45829083418331634,0.1754964900701986
0.5165496690066199,0.6019279614407712
0.6962460750784984,0.44469110617787644
0.5688886222275554,0.5144297114057719
0.6777664446711066,0.6000879982400352
0.7843843123137537,0.76352472950541
0.40689186216275675,0.4385312293754125
0.10441791164176717,0.11551768964620708
0.04203915921681566,0.042099158016839666
0.6368672626547469,0.3147137057258855
0.2989140217195656,0.497530049399012
0.2958140837183256,0.31277374452510953
0.9466010679786404,0.8607227855442892
0.7925841483170337,0.7656446871062579
0.5319093618127637,0.4708905821883563
0.3870722585548289,0.6520669586608268
0.2623547529049419,0.3297734045319094
0.33507329853402934,0.3181736365272695
0.03135937281254375,0.09839803203935922
0.02005959880802384,0.02255954880902382
0.5502689946201076,0.5998080038399233
0.5132497350052999,0.3146537069258615
0.8610627787444252,0.8432031359372812
0.38313233735325297,0.4190316193676127
0.6448271034579308,0.6599868002639947
0.7674246515069699,0.878462430751385
0.9442811143777124,0.9501209975800484
0.20829583408331834,0.25887482250354993
0.9947601047979041,0.8243235135297294
0.39573208535829285,0.35285294294114117
0.8888622227555449,0.8689026219475611
0.040579188416231676,0.024819503609927802
0.19461610767784646,0.2916341673166537
0.12211755764884703,0.03185936281274375
0.7107657846843063,0.5252094958100838
0.06167876642467151,0.04385912281754365
0.8935221295574088,0.9392212155756885
0.033619327613447735,0.030399392012159757
0.9095618087638248,0.9135217295654087
0.48893022139557213,0.5075298494030119
0.8685226295474091,0.888162236755265
0.5162096758064839,0.4565908681826364
0.6081878362432751,0.762044759104818
0.057318853622927546,0.1900161996760065
0.2893942121157577,0.500729985400292
0.8459230815383693,0.8860222795544089
0.8938621227575448,0.9019619607607848
0.9817403651926961,0.4538509229815404
0.882342353152937,0.8741225175496491
0.016859662806743867,0.02251954960900782
0.41711165776684467,0.3837523249535009
0.503189936201276,0.5820083598328034
0.7951240975180497,0.7754044919101618
0.7396852062958741,0.8447431051378973
0.8944421111577768,0.8432831343373133
0.9365812683746325,0.7034459310813784
0.5442291154176917,0.47903041939161217
0.5985680286394273,0.631887362252755
0.6695266094678106,0.6873862522749545
0.8960220795584088,0.8900021999560009
0.881782364352713,0.8551428971420572
0.8989820203595928,0.8895422091558169
0.9123817523649528,0.9217815643687126
0.6148077038459231,0.6095878082438352
0.5240495190096198,0.45701085978280437
0.09539809203815924,0.05439891202175957
0.7101857962840743,0.51044979100418
0.6843663126737466,0.7686446271074578
0.8157036859262815,0.3868522629547409
0.49555008899822006,0.507369852602948
0.13969720605587888,0.2253554928901422
0.11659766804663907,0.126157476850463
0.5145697086058278,0.5139897202055959
0.18685626287474252,0.5322893542129158
0.018339633207335854,0.014459710805783885
0.33679326413471733,0.26887462250754984
0.2131757364852703,0.19127617447651046
0.6845463090738185,0.7183656326873463
0.5794684106317873,0.6827663446731066
0.5558688826223476,0.4775104497910042
0.46927061458770825,0.4595108097838043
0.23657526849463012,0.3279334413311734
0.8922621547569048,0.8907221855562889
0.5459490810183797,0.5320493590128198
0.32001359972800547,0.24109517809643807
0.7193656126877462,0.7232455350892982
0.4135917281654367,0.47211055778884425
0.45929081418371637,0.30453390932181357
0.4632707345853083,0.5700485990280194
0.4372312553748925,0.38155236895262096
0.011899762004759906,0.020819583608327835
0.4746705065898682,0.5098498030039399
0.9412011759764805,0.9642007159856804
0.9427611447771045,0.9345013099738005
0.9714005719885602,0.9761604767904642
0.8523029539409213,0.8288234235315294
0.48625027499450013,0.44521109577808443
0.2111757764844703,0.2358752824943501
0.10319793604127918,0.19139617207655849
0.9205415891682167,0.9126017479650407
0.2388152236955261,0.21785564288714226
0.7856242875142497,0.7351852962940741
0.31775364492710145,0.4156116877662447
0.7793644127117458,0.8014839703205936
0.6776864462710745,0.5964280714385712
0.25803483930321397,0.5154896902061958
0.7713445731085379,0.753684926301474
0.7600447991040179,0.7131057378852423
0.07143857122857543,0.06437871242575148
0.5409491810163797,0.4664506709865803
0.4404311913761725,0.5774484510309794
0.23535529289414212,0.2757344853102938
0.22987540249195018,0.2635747285054299
0.9705805883882322,0.9756604867902642
0.8544229115417692,0.8644027119457611
0.4624907501849963,0.3512329753404932
0.09643807123857523,0.18097638047239056
0.9840203195936081,0.9802603947921041
0.054278914421711566,0.051038979220415594
0.49847003059938805,0.5349693006139877
0.4608707825843483,0.6489070218595628
0.43523129537409255,0.4938301233975321
0.33289334213315736,0.3700925981480371
0.058718825623487535,0.051838963220735584
0.07933841323173536,0.06489870202595949
0.48139037219255615,0.7425451490970181
0.9679206415871683,0.9669806603867923
0.6965260694786104,0.4876302473950521
0.3542529149417012,0.34557308853822927
0.9332213355732886,0.9476210475790484
0.8058238835223296,0.8655826883462331
0.8401831963360733,0.7792444151116978
0.9393012139757205,0.9597808043839123
0.5553488930221395,0.5187296254074919
0.34821303573928525,0.27021459570808587
0.11809763804723906,0.13597728045439092
0.8535429291414172,0.8197036059278815
0.18369632607347855,0.23149537009259816
0.8857822843543129,0.8290634187316254
0.8095238095238095,0.8292234155316894
0.7036459270814583,0.8425231495370092
0.8323633527329454,0.8551228975420492
0.6382072358552829,0.7130457390852183
0.06157876842463151,0.15367692646147077
0.42159156816863663,0.4289314213715726
0.3900521989560209,0.3540729185416292
0.8189036219275615,0.749345013099738
0.8892422151556969,0.9145817083658327
0.9925001499970001,0.9953200935981281
0.1513969720605588,0.16007679846403072
0.5022499550009,0.39421211575768483
0.3546529069418612,0.2882742345153097
0.002219955600887982,0.001779964400711986
0.8596428071438571,0.6614467710645787
0.20787584248315033,0.15847683046339073
0.18117637647247056,0.125057498850023
0.47229055418891625,0.5991480170396593
0.9694206115877683,0.9666606667866643
0.058298834023319535,0.08147837043259135
0.37093258134837304,0.4550108997820044
0.051258974820503594,0.11481770364592708
0.03557928841423172,0.04389912201755965
0.5789684206315874,0.6140277194456111
0.2890742185156297,0.21725565488690227
0.004739905201895963,0.008399832003359933
0.4295114097718046,0.7190456190876183
0.5995280094398112,0.5258494830103398
0.6420671586568268,0.5579088418231636
0.41695166096678066,0.3679326413471731
0.765684686306274,0.7063458730825384
0.36577268454630907,0.3341333173336533
0.8836223275534489,0.9658606827863443
0.375652486950261,0.7718245635087299
0.763844723105538,0.6959060818783624
0.047139057218855626,0.04391912161756765
0.1123377532449351,0.2374152516949661
0.6550468990620187,0.5926481470370593
0.18365632687346253,0.18437631247375053
0.045899082018359634,0.34227315453690926
0.5647887042259155,0.5806483870322594
0.5843283134337314,0.5440091198176037
0.09443811123777525,0.06471870562588748
0.06657866842663147,0.07377852442951141
0.02641947161056779,0.06565868682626348
0.5146297074058519,0.5966080678386433
0.20477590448191038,0.18283634327313456
0.8959620807583849,0.9043619127617448
0.01507969840603188,0.01507969840603188
0.33273334533309334,0.3677926441471171
0.25915481690366193,0.2758544829103418
0.9780604387912242,0.8326433471330573
0.7816443671126577,0.6333473330533389
0.7094258114837704,0.6877062458750826
0.4534109317813644,0.39443211135777284
0.36939261214775704,0.4822703545929082
0.5581688366232676,0.5802283954320914
0.9589608207835844,0.9459210815783685
0.5401691966160677,0.45645087098258036
0.26965460690786186,0.3218335633287334
0.3008339833203336,0.3922321553568929
0.4287114257714846,0.0624987500249995
0.5383092338153237,0.500929981400372
0.43015139697206056,0.38543229135417295
0.14689706205875883,0.6369072618547629
0.9654806903861923,0.9323813523729526
0.9898002039959202,0.9867802643947121
0.1648567028659427,0.18477630447391052
0.25297494050118996,0.21627567448651028
0.9850202995940082,0.9758404831903362
0.10395792084158317,0.12935741285174296
0.2762744745105098,0.42219155616887666
0.9996800063998721,0.9844803103937921
0.7934041319173617,0.7184856302873943
0.03675926481470371,0.0375592488150237
0.5488090238195237,0.5335293294134118
0.8234235315293694,0.8882222355552889
0.9915801683966321,0.9802003959920802
0.5947481050378992,0.5943481130377393
0.2015759684806304,0.16493670126597468
0.76122477550449,0.8115837683246335
0.21041579168416633,0.19825603487930243
0.3076538469230615,0.43449131017379655
0.6823863522729545,0.6482470350592988
0.49749005019899606,0.3155336893262135
0.8368232635347294,0.8274634507309854
0.6193876122477551,0.6629667406651867
0.22499550008999822,0.24493510129797405
0.3277134457310854,0.4283914321713566
0.28623427531449375,0.2941141177176457
0.9878602427951442,0.9897802043959121
0.7648247035059299,0.749545009099818
0.5244495110097798,0.507109857802844
0.5626087478250436,0.5427091458170836
0.48293034139317215,0.42341153176936464
0.8959020819583609,0.9484010319793604
0.8209635807283855,0.8616027679446412
0.41873162536749264,0.3867922641547169
0.6858662826743466,0.4192116157676847
0.33431331373372536,0.3230335393292134
0.48675026499470014,0.5754484910301794
0.1510569788604228,0.5868882622347553
0.5803483930321394,0.6590268194636107
0.24103517929641408,0.20595588088238237
0.9363212735745285,0.9641207175856483
0.9555608887822243,0.9577608447831044
0.39471210575788485,0.7141657166856663
0.25549489010219795,0.2789144217115658
0.41569168616627666,0.3377932441351173
0.3046139077218456,0.3301933961320774
0.7865842683146337,0.8123237535249296
0.35855282894342116,0.36887262254754905
0.5506089878202436,0.5259294814103718
0.030719385612287757,0.049539009219815605
0.9017419651606968,0.7756044879102418
0.8366232675346493,0.7874642507149857
0.16567668646627068,0.14275714485710286
0.29657406851862966,0.17745645087098258
0.9033619327613448,0.868922621547569
0.256434871302574,0.251154976900462
0.8305033899322014,0.7478050438991221
0.3367532649347013,0.19095618087638247
0.6880862382752345,0.6832663346733066
0.05803883922321554,0.08377832443351134
0.8142237155256895,0.8324033519329613
0.1403371932561349,0.1519169616607668
0.43347133057338855,0.45475090498190035
0.4383712325753485,0.5230295394092118
0.6682466350672986,0.3385732285354293
0.6672466550668987,0.23041539169216615
0.1371372572548549,0.07809843803123938
0.8023239535209296,0.7988640227195456
0.6902061958760825,0.639567208655827
0.37549249015019703,0.5239495210095798
0.2779144417111658,0.35475290494190115
0.7802643947121057,0.74362512749745
0.9921401571968561,0.9860202795944082
0.9401011979760405,0.9180616387672247
0.5793884122317554,0.40705185896282076
0.10587788244235116,0.4649507009859803
0.1131977360452791,0.09287814243715126
0.759384812303754,0.7703645927081458
0.1009579808403832,0.12113757724845503
0.35509289814203715,0.29515409691806166
0.18949621007579848,0.15759684806303875
0.6963060738785225,0.6550668986620268
0.7872042559148817,0.8596628067438652
0.872602547949041,0.8883022339553209
0.6822263554728906,0.6510669786604268
0.02161956760864783,0.030659386812263757
0.633007339853203,0.632807343853123
0.4380712385752285,0.2975340493190136
0.5651686966260675,0.5248295034099318
0.6078878422431552,0.6329673406531869
0.40575188496230075,0.42249155016899664
0.19749605007899843,0.07339853202935942
0.8333633327333454,0.7775844483110338
0.0635187296254075,0.06723865522689547
0.3508729825403492,0.3424331513369733
0.758264834703306,0.8222035559288815
0.04253914921701566,0.028279434411311775
0.5836483270334594,0.5634687306253875
0.5379292414151717,0.510789784204316
0.0014599708005839883,0.003039939201215976
0.2655346893062139,0.3001539969200616
0.8382432351352973,0.8565428691426171
0.5605487890242196,0.9386012279754405
0.3890122197556049,0.4394112117757645
0.04503909921801564,0.041999160016799666
0.6534469310613787,0.7438851222975541
0.5984880302393952,0.6825263494730106
0.5735285294294115,0.6425471490570189
0.511709765804684,0.5602487950240995
0.9691206175876482,0.9020819583608328
0.14453710925781485,0.12825743485130298
0.9799804003919922,0.16857662846743066
0.9287014259714806,0.9217015659686807
0.5177296454070919,0.46913061738765227
0.4856902861942761,0.6384472310553789
0.7197256054878902,0.6749265014699706
0.18455630887382252,0.250814983700326
0.4769304613907722,0.29905401891962163
0.22361552768944623,0.24117517649647008
0.24923501529969402,0.14763704725905483
0.5182096358072839,0.5648887022259556
0.8683826323473531,0.8566828663426732
0.5582288354232916,0.7827843443131137
0.14611707765844684,0.12883742325153497
0.2000559988800224,0.2238955220895582
0.9227815443691126,0.8854422911541769
0.7408251834963301,0.7323653526929461
0.9129817403651928,0.9080618387632248
0.21685566288674227,0.18385632287354253
0.5384492310153797,0.4653506929861403
0.7848443031139377,0.7496250074998501
0.10511789764204717,0.42391152176956465
0.8143037139257215,0.6741665166696666
0.6535869282614348,0.7017259654806904
0.19263614727705447,0.07867842643147137
0.22845543089138218,0.21743565128697426
0.5781084378312434,0.6735665286694267
0.8518629627407452,0.8072438551228975
0.746605067898642,0.757304853902922
0.7422051558968821,0.7326453470930582
0.09699806003879922,0.10629787404251916
0.760984780304394,0.7674246515069699
0.016879662406751865,0.009759804803903923
0.9535809283814324,0.9511409771804564
0.6799264014719706,0.7228655426891463
0.47187056258874827,0.38041239175216496
0.13475730485390292,0.13007739845203095
0.5918081638367233,0.47527049459010823
0.9588008239835204,0.9342013159736806
0.8754024919501611,0.7624247515049699
0.8176836463270735,0.7361052778944421
0.9487410251794964,0.8663826723465531
0.7676646467070659,0.7363852722945541
0.5210295794084119,0.506309873802524
0.05885882282354353,0.04231915361692766
0.0005399892002159957,0.0005199896002079958
0.5157896842063159,0.5483290334193316
0.6515469690606188,0.6103077938441231
0.2633547329053419,0.29723405531889363
0.4595708085838283,0.4797104057918842
0.4624107517849643,0.5157496850062999
0.10385792284154317,0.18341633167336654
0.07053858922821543,0.0626587468250635
0.44337113257734845,0.41839163216735664
0.2922741545169097,0.2651146977060459
0.8352232955340894,0.8408831823363533
0.20881582368352633,0.16669666606667868
0.11513769724605508,0.08381832363352733
0.5650686986260275,0.6993660126797464
0.007879842403151937,0.0068198636027279455
0.3384332313353733,0.31055378892422153
0.878322433551329,0.9225015499690007
0.6057278854422912,0.27321453570928583
0.4009119817603648,0.26503469930601387
0.7202455950880983,0.3175936481270375
0.39329213415731684,0.49487010259794806
0.872242555148897,0.8839623207535849
0.03127937441251175,0.03647927041459171
0.3536129277414452,0.27281454370912583
0.6928461430771384,0.7448251034979301
0.3019539609207816,0.26845463090738186
0.24417511649767004,0.16931661366772666
0.4305713885722286,0.2024559508809824
0.8395032099358013,0.876682466350673
0.8666026679466411,0.8564228715425691
0.5714085718285634,0.501209975800484
0.6152076958460831,0.5719285614287715
0.5297494050118998,0.5203495930081399
0.8257434851302974,0.8209035819283614
0.43261134777304455,0.3381732365352693
0.7976240475190497,0.637387252254955
0.39739205215895684,0.5627087458250836
0.3395932081358373,0.42165156696866063
0.752984940301194,0.8235435291294174
0.762484750304994,0.628727425451491
0.2879542409151817,0.31071378572428554
0.13093738125237495,0.09813803723925522
0.8067438651226976,0.8111037779244415
0.748385032299354,0.6815663686726265
0.1508169836603268,0.4232115357692846
0.8403231935361293,0.9461610767784645
0.45479090418191637,0.2804343913121738
0.7996840063198736,0.890562188756225
0.3258934821303574,0.28377432451350976
0.1115177696446071,0.09097818043639128
0.24281514369712606,0.3123337533249335
0.3150736985260295,0.1883162336753265
0.5418891622167556,0.5984080318393632
0.3231935361292774,0.6121677566448671
0.9830803383932322,0.9799404011919762
0.7769244615107698,0.6061678766424672
0.878482430351393,0.8905021899562009
0.6674666506669867,0.8563228735425292
0.1884962300753985,0.8091838163236735
0.5438891222175557,0.34815303693926125
0.10209795804083918,0.15997680046399074
0.38371232575348496,0.41157176856462874
0.3600927981440371,0.39563208735825284
0.28373432531349374,0.2846743065138697
0.23417531649367013,0.10881782364352713
0.08617827643447132,0.07719845603087938
0.876442471150577,0.5874482510349793
0.04729905401891962,0.06567868642627148
0.7798444031119378,0.7686646267074658
0.02227955440891182,0.0373792524149517
0.08465830683386333,0.09835803283934322
0.9514209715805684,0.9614407711845764
0.5906281874362513,0.4627707445851083
0.19243615127697447,0.39457210855782887
0.03337933241335173,0.035839283214335715
0.23265534689306214,0.23419531609367814
0.881822363552729,0.870782584348313
0.8111037779244415,0.8037039259214815
0.14495710085798286,0.038139237215255695
0.13415731685366294,0.13473730525389493
0.8160036799264015,0.8390032199356013
0.01001979960400792,0.022319553608927824
0.28327433451330974,0.3892122157556849
0.1001179976400472,0.09581808363832724
0.7157256854862903,0.7179056418871623
0.628827423451531,0.8405831883362334
0.9481810363792724,0.9439211215775685
0.8443631127377452,0.8233035339293214
0.21621567568648628,0.23685526289474212
0.31925361492770143,0.38583228335433295
0.07079858402831944,0.07053858922821543
0.43225135497290057,0.34475310493790123
0.504889902201956,0.4742705145897082
0.7085858282834343,0.7069258614827704
0.878522429551409,0.7061258774824504
0.2733545329093418,0.25615487690246197
0.2631747365052699,0.257114857702846
0.5342493150136998,0.5428691426171477
0.753904921901562,0.7318053638927222
0.09925801483970322,0.3239535209295814
0.8196436071278574,0.8368232635347294
0.7909441811163777,0.8195436091278174
0.5704085918281635,0.622527549449011
0.8820423591528169,0.881082378352433
0.06067878642427152,0.06481870362592748
0.2899942001159977,0.15799684006319875
0.9736805263894722,0.9537809243815124
0.8991220175596488,0.9144017119657607
0.375332493350133,0.3696926061478771
0.8718625627487451,0.9036819263614728
0.004279914401711966,0.024639507209855804
0.5630487390252196,0.5897082058358833
0.35515289694206115,0.34381312373752526
0.9502209955800884,0.9638407231855364
0.2870142597148057,0.3152536949261015
0.2842143157136857,0.2383952320953581
0.6447071058578828,0.6413671726565469
0.021199576008479833,0.023959520809583808
0.9584208315833683,0.9661006779864403
0.6523669526609468,0.6607067858642828
0.2938741225175497,0.3027339453210936
0.5742485150296994,0.4760304793904122
0.7915441691166177,0.8071238575228495
0.8881222375552489,0.9132017359652808
0.7808043839123218,0.620927581448371
0.5897482050358993,0.5547289054218916
0.3041539169216616,0.3653326933461331
0.9636207275854484,0.9697006059878803
0.9516609667806645,0.9790804183916322
0.13539729205415893,0.2266754664906702
0.15521689566208677,0.09085818283634328
0.11467770644587108,0.10407791844163117
0.8048039039219216,0.8020039599208016
0.8386832263354733,0.8530829383412332
0.8078438431231376,0.7464050718985621
0.45875082498350034,0.4483710325793484
0.9929801403971921,0.8534029319413612
0.36709265814683706,0.05527889442211156
0.11835763284734306,0.13255734885302295
0.7659446811063779,0.6599468010639787
0.21995560088798224,0.5690686186276275
0.7675246495070099,0.8647227055458891
0.4744505109897802,0.44633107337853245
0.7385852282954342,0.752004959900802
0.009419811603767925,0.01767964640707186
0.027139457210855783,0.14081718365632687
0.5196496070078599,0.7399452010959781
0.0378992420151597,0.062438751224975504
0.5382692346153077,0.4750704985900282
0.8986820263594728,0.9227215455690887
0.7100457990840183,0.5969880602387952
0.5166296674066518,0.5686486270274594
0.27039459210815786,0.42279154416911663
0.3035539289214216,0.3137537249255015
0.2864342713145737,0.2873742525149497
0.7709645807083858,0.8187436251274974
0.9097418051638968,0.881782364352713
0.869402611947761,0.871102577948441
0.11781764364712706,0.1888562228755425
0.7675046499070018,0.7164456710865783
0.29375412491750164,0.2946741065178696
0.9729605407891843,0.9779004419911602
0.5283694326113478,0.6999060018799624
0.09251814963700726,0.09379812403751925
0.252934941301174,0.5574488510229796
0.024759504809903802,0.04547909041819164
0.4281114377712446,0.44359112817743646
0.6389672206555869,0.8654626907461851
0.6823063538729226,0.6488870222595549
0.3656726865462691,0.7919641607167857
0.19231615367692648,0.7227455450890983
0.24373512529749405,0.254314913701726
0.8552228955420892,0.8348633027339454
0.7128057438851223,0.7848243035139297
0.47147057058858827,0.5332493350132997
0.4587708245835083,0.507909841803164
0.9822003559928801,0.9885402291954162
0.6029279414411712,0.6672866542669147
0.7303853922921542,0.762944741105178
0.7323253534929302,0.48173036539269215
0.9185016299674007,0.9009419811603768
0.9263814723705526,0.8643427131457371
0.5539889202215956,0.6454870902581948
0.9370612587748245,0.8531229375412492
0.45429091418171635,0.7923241535169296
0.9720205595888083,0.9814203715925682
0.5996880062398752,0.5686286274274515
0.9855002899942001,0.9771604567908642
0.05131897362052759,0.05473890522189556
0.20589588208235837,0.23259534809303814
0.2004359912801744,0.21593568128637428
0.7744845103097938,0.7928641427171457
0.9139817203655927,0.9147817043659127
0.6119077618447631,0.2667746645067099
0.7675846483070339,0.759164816703666
0.3036139277214456,0.3036539269214616
0.8001839963200736,0.7927841443171136
0.7829043419131617,0.867562648747025
0.28445431091378176,0.22961540769184616
0.9550208995820084,0.9621807563848723
0.9703405931881363,0.9751804963900722
0.8041039179216416,0.9184416311673766
0.4408111837763245,0.5873482530349393
0.3381732365352693,0.40821183576328474
0.40483190336193275,0.39967200655986884
0.06197876042479151,0.07095858082838344
0.7950640987180256,0.8018439631207376
0.8648027039459211,0.7917441651166977
0.2740745185096298,0.2640347193056139
0.28681426371472574,0.2986140277194456
0.6655666886662267,0.7113857722845544
0.870642587148257,0.9223015539689207
0.2943941121177577,0.3278334433311334
0.06513869722605548,0.056978860422791544
0.7024059518809624,0.6459270814583709
0.8657226855462891,0.8238235235295295
0.3486530269394612,0.3400731985360293
0.2871742565148697,0.4526309473810524
0.7067458650826983,0.7864242715145697
0.16901661966760664,0.1606567868642627
0.33085338293234134,0.3305933881322374
0.11619767604647907,0.09195816083678326
0.10407791844163117,0.11449771004579909
0.7390452190956182,0.754004919901602
0.30751384972300555,0.3032939341213176
0.3693526129477411,0.46239075218495634
0.008499830003399933,0.017979640407191858
0.6817863642727146,0.635347293054139
0.43827123457530853,0.2984540309193816
0.5812283754324914,0.4774904501909962
0.5749485010299794,0.5841883162336754
0.512289754204916,0.9075218495630087
0.9390812183756325,0.9477610447791045
0.5832083358332834,0.6349273014539709
0.9854002919941601,0.8413831723365534
0.11339773204535909,0.11963760724785505
0.4288114237715246,0.5155096898062039
0.31117377652446954,0.34581308373832526
0.013559728805423893,0.01521969560608788
0.8862822743545129,0.7805643887122258
0.9691806163876723,0.9553208935821283
0.375472490550189,0.8222835543289134
0.5882082358352834,0.6626067478650427
0.7154656906861863,0.6715665686686266
0.126677466450671,0.31243375132497353
0.34603307933841326,0.25485490290194196
0.4822103557928842,0.5564488710225796
0.3372332553348933,0.27079458410831786
0.506809863802724,0.47943041139177217
0.009319813603727925,0.008219835603287935
0.8610027799444011,0.8465230695386092
0.3530129397412052,0.40339193216135677
0.7281454370912582,0.4629907401851963
0.30875382492350156,0.2643547129057419
0.33055338893222136,0.3254734905301894
0.5185896282074358,0.49317013659726805
0.9513009739805204,0.9397212055758886
0.28219435611287774,0.2112557748845023
0.43113137737245255,0.4784504309913802
0.3271334573308534,0.29201415971680567
0.9874002519949602,0.9873402531949361
0.10471790564188717,0.09323813523729525
0.9180016399672006,0.9205415891682167
0.9211815763684726,0.9673606527869443
0.9590608187836244,0.9568208635827283
0.1501769964600708,0.1746765064698706
0.27503449931001384,0.27331453370932585
0.5835483290334194,0.6001079978400432
0.14509709805803883,0.20621587568248637
0.19673606527869444,0.255914881702366
0.06873862522749545,0.07759844803103938
0.45633087338253236,0.3351532969340613
0.30499390012199756,0.11473770524589509
0.9735205295894083,0.9689006219875603
0.375272494550109,0.23497530049399012
0.24755504889902202,0.249735005299894
0.43833123337533253,0.4346313073738525
0.4262714745705086,0.43417131657366853
0.7647047059058819,0.4878102437951241
0.14393712125757485,0.14115717685646287
0.7934241315173697,0.8526829463410732
0.50464990700186,0.47183056338873225
0.7739645207095859,0.7470050598988021
0.9180416391672167,0.9447011059778805
0.02881942361152777,0.032219355612887746
0.12981740365192695,0.1008579828403432
0.5113297734045319,0.6583868322633547
0.4479510409791804,0.27091458170836585
0.9439811203775925,0.9008419831603368
0.9132017359652808,0.9423011539769205
0.9602807943841124,0.9546409071818563
0.23135537289254215,0.4277314453710926
0.19569608607827843,0.15957680846383074
0.13625727485450292,0.1754764904701906
0.17347653046939063,0.18401631967360654
0.13943721125577488,0.1741765164696706
0.33301333973320535,0.4255314893702126
0.14367712645747086,0.45789084218315634
0.8950420991580169,0.879122417551649
0.45693086138277234,0.39835203295934085
0.8159036819263615,0.7043059138817224
0.9150016999660007,0.9107617847643047
0.9230015399692006,0.9238815223695527
0.3564928701425972,0.4129717405651887
0.632247355052899,0.5747685046299075
0.4625307493850123,0.48323033539329213
0.634747305053899,0.38283234335313293
0.8195036099278015,0.883382332353353
0.8307833843323134,0.7721045579088418
0.21847563048739027,0.21739565208695827
0.17293654126917463,0.07145857082858344
0.9002819943601128,0.8951020979580409
0.47085058298834026,0.5837083258334833
0.5244695106097879,0.4269114617707646
0.052078958420831586,0.08249835003299934
0.2783744325113498,0.2839343213135737
0.19221615567688646,0.19287614247715046
0.8536029279414412,0.9634407311853763
0.09641807163856723,0.027799444011119778
0.622147557048859,0.5520489590208196
0.6456070878582428,0.5301293974120518
0.9717205655886882,0.9608207835843283
0.7165256694866103,0.7393852122957542
0.4530709385812284,0.5343693126137478
0.5069698606027879,0.5661086778264435
0.745785084298314,0.7121457570848583
0.8122037559248815,0.8653226935461291
0.46925061498770027,0.48383032339353216
0.21069578608427833,0.11951760964780705
0.39449211015779684,0.28567428651426974
0.009899802003959922,0.011999760004799905
0.34673306533869325,0.3985520289594208
0.29259414811703766,0.30625387492250156
0.25107497850043,0.2888542229155417
0.4398512029759405,0.34477310453790927
0.18261634767304655,0.14085718285634288
0.20229595408091838,0.2384752304953901
0.11605767884642308,0.1509169816603668
0.7938841223175537,0.6972660546789065
0.759264814703706,0.76202475950481
0.04837903241935161,0.047439051218975625
0.3998920021599568,0.47795044099118017
0.6043279134417312,0.45697086058278835
0.14553708925821485,0.14425711485770285
0.6690466190676186,0.7664646707065859
0.6161276774464511,0.6037879242415152
0.8020639587208256,0.74842503149937
0.07839843203135938,0.13121737565248695
0.17071658566828665,0.20209595808083838
0.869522609547809,0.8922621547569048
0.7737645247095059,0.7073458530829384
0.1767764644707106,0.12343753124937501
0.500729985400292,0.5973080538389233
0.4772904541909162,0.6651466970660587
0.18289634207315855,0.15703685926281474
0.2851742965140697,0.35925281494370115
0.74902501949961,0.6879062418751625
0.1637767244655107,0.1367972640547189
0.43005139897202055,0.4845503089938201
0.13337733245335093,0.14411711765764684
0.19611607767844644,0.2727145457090858
0.3524329513409732,0.4173116537669247
0.5366492670146598,0.6105877882442351
0.6493270134597309,0.6983260334793304
0.5849283014339713,0.6247475050498991
0.753664926701466,0.6789464210715785
0.20793584128317436,0.6852862942741146
0.4469310613787724,0.4723105537889242
0.5254694906101878,0.3601327973440531
0.9632607347853043,0.9609207815843683
0.9436011279774404,0.8713025739485211
0.5155096898062039,0.5766884662306754
0.5982680346393072,0.887582248355033
0.48287034259314815,0.48013039739205216
0.14431711365772684,0.16109677806443873
0.9560208795824083,0.8635627287454252
0.6723265534689307,0.5745885082298354
0.02777944441111178,0.03151936961260775
0.8629427411451771,0.880402391952161
0.06151876962460751,0.03527929441411172
0.882742345153097,0.8954020919581609
0.47075058498830025,0.03407931841363173
0.5554888902221956,0.6626667466650668
0.24139517209655809,0.23797524049519012
0.12219755604887902,0.20837583248335034
0.15333693326133477,0.17865642687146258
0.7067658646827064,0.5803083938321234
0.36853262934741304,0.2138957220855583
0.6881462370752586,0.6756864862702746
0.3384732305353893,0.8471230575388492
0.8379632407351854,0.8042039159216816
0.3285934281314374,0.24749505009899803
0.054598908021839566,0.05763884722305554
0.33461330773384534,0.4262914741705166
0.755304893902122,0.7921441571168577
0.7282254354912902,0.7316253674926502
0.8119837603247936,0.9100217995640087
0.3177736445271095,0.2996540069198616
0.994840103197936,0.9963800723985521
0.0748385032299354,0.14855702885942282
0.44359112817743646,0.35537289254214915
0.0025999480010399792,0.0004799904001919962
0.3643727125457491,0.5939081218375633
0.8405631887362253,0.7935841283174336
0.4422511549769005,0.5775484490310194
0.8414631707365853,0.878902421951561
0.9362412751744965,0.9235615287694247
0.7353052938941221,0.5378892422151557
0.13883722325553488,0.11269774604507911
0.8376432471350573,0.9152416951660967
0.14617707645847083,0.24869502609947802
0.5428291434171316,0.5394892102157957
0.9307613847723046,0.9252014959700806
0.07841843163136737,0.18977620447591048
0.999320013599728,0.9988800223995521
0.8926221475570489,0.9073018539629207
0.032419351612967745,0.013599728005439892
0.34295314093718127,0.2260554788904222
0.2902141957160857,0.27555448891022183
0.9391812163756725,0.9615207695846083
0.4167316653666927,0.48619027619447613
0.6955460890782185,0.29729405411891763
0.2671346573068539,0.30687386252274956
0.6966460670786585,0.7312253754924902
0.5971080578388432,0.6696466070678586
0.8711825763484731,0.880982380352393
0.40627187456250874,0.4153516929661407
0.6026279474410512,0.5486690266194676
0.5488690226195476,0.507969840603188
0.9217815643687126,0.8407631847363053
0.6717065658686826,0.6472270554588908
0.9039619207615848,0.9320013599728005
0.8104637907241855,0.755464890702186
0.7181056378872422,0.6357472850542989
0.8404431911361773,0.8539229215415692
0.377852442951141,0.2003959920801584
0.7287454250914982,0.6883262334753305
0.5818683626327473,0.4658506829863403
0.34901301973960525,0.6706265874682507
0.4395912081758365,0.3054338913221736
0.03165936681266375,0.034439311213775727
0.17111657766844662,0.1891562168756625
0.4938101237975241,0.5227295454090919
0.9547209055818884,0.7671046579068419
0.36103277934441314,0.20477590448191038
0.30895382092358153,0.09417811643767125
0.7272854542909142,0.6934861302773945
0.6689666206675867,0.6750464990700186
0.35699286014279713,0.37863242735145297
0.6553868922621547,0.6795664086718266
0.4854102917941641,0.48479030419391617
0.7154856902861944,0.5234295314093719
0.17169656606867864,0.3568328633427332
0.5327493450130998,0.44503109937801244
0.6997060058798824,0.5313493730125398
0.5647487050258995,0.5379692406151877
0.49733005339893205,0.48355032899342015
0.4442511149777005,0.3889322213555729
0.1892762144757105,0.05785884282314354
0.5719085618287635,0.4749105017899642
0.28721425571488574,0.02281954360912782
0.3003139937201256,0.26891462170756586
0.755384892302154,0.6199276014479711
0.7293454130917382,0.7357652846943061
0.8104437911241775,0.8382632347353053
0.1132177356452871,0.15797684046319074
0.18181636367272655,0.1898562028759425
0.9251814963700726,0.9192816143677127
0.18737625247495052,0.20289594208115838
0.2834743305133897,0.29501409971800563
0.07259854802903942,0.05331893362132758
0.2882942341153177,0.3638727225455491
0.9405611887762245,0.9176616467670647
0.8422031559368813,0.8281234375312494
0.4268314633707326,0.48847023059538813
0.17665646687066258,0.11931761364772706
0.4768704625907482,0.36571268574628507
0.9956800863982721,0.994140117197656
0.19789604207915842,0.22161556768864624
0.8667026659466811,0.7171456570868583
0.8681826363472731,0.9047019059618808
0.12051758964820704,0.2146557068858623
0.39601207975840486,0.33107337853242935
0.39769204615907683,0.376092478150437
0.8605827883442332,0.8540429191416172
0.9104617907641848,0.8911621767564649
0.8628027439451211,0.8186436271274575
0.9373212535749286,0.9889602207955841
0.4907301853962921,0.5689686206275875
0.9690406191876163,0.9538409231815363
0.6310473790524189,0.5193896122077558
0.0008199836003279935,0.0011799764004719905
0.4906501869962601,0.43189136217275653
0.34657306853862924,0.3270534589308214
0.31603367932641346,0.32907341853162936
0.3663926721465571,0.24683506329873403
0.4668906621867563,0.4493910121797564
0.8250834983300335,0.2263754724905502
0.4329313413731726,0.35549289014219715
0.5762484750304994,0.7334853302933941
0.74462510749785,0.7064858702825944
0.010579788404231915,0.7257254854902903
0.09883802323953521,0.06683866322673547
0.7815443691126178,0.7298454030919382
0.20847583048339033,0.4906901861962761
0.5721485570288595,0.5561688766224676
0.2799344013119738,0.3277334453310934
0.13231735365292693,0.07245855082898342
0.4192716145677087,0.24641507169856602
0.5383292334153317,0.7302453950920982
0.9596608067838643,0.9165416691666167
0.2639347213055739,0.2604747905041899
0.7592248155036899,0.7425251494970101
0.3929121417571649,0.3616927661446771
0.9153016939661207,0.888502229955401
0.9187816243675127,0.9005019899602008
0.10715785684286315,0.1651766964660707
0.3596328073438531,0.3655926881462371
0.04391912161756765,0.04463910721785565
0.012879742405151898,0.012859742805143898
0.7499450010999781,0.6400671986560269
0.014279714405711887,0.4604907901841963
0.7395652086958261,0.748745025099498
0.634067318653627,0.623327533449331
0.8357432851342973,0.8469830603387932
0.3886322273554529,0.4160116797664047
0.503229935401292,0.46795064098718026
0.5423891522169557,0.45863082738345234
0.8567228655426892,0.8594428111437772
0.1513769724605508,0.3435131297374053
0.5544089118217636,0.7051858962820744
0.34551308973820527,0.377132457350853
0.26731465370692586,0.2127357452850943
0.5424291514169717,0.5190096198076039
0.14353712925741485,0.08009839803203936
0.42079158416831663,0.18309633807323855
0.6184676306473871,0.6827463450730986
0.3323533529329413,0.1481970360592788
0.45165096698066043,0.34199316013679726
0.002259954800903982,0.001519969600607988
0.6167276654466911,0.7093458130837383
0.4764904701905962,0.508169836603268
0.6890062198756025,0.7188656226875463
0.09077818443631128,0.0248595028099438
0.08477830443391132,0.19827603447931041
0.5208895822083559,0.5126097478050439
0.5455090898182037,0.50804983900322
0.05635887282254355,0.04643907121857563
0.5692886142277155,0.7883842323153537
0.3392332153356933,0.3102337953240935
0.4073118537629248,0.617467650646987
0.9432411351772965,0.9528409431811364
0.9087618247635048,0.9046619067618648
0.49425011499770005,0.5690086198276034
0.865962680746385,0.878762424751505
0.04463910721785565,0.01381972360552789
0.05913881722365553,0.06023879522409552
0.5622087558248835,0.6973060538789224
0.7794644107117857,0.7042859142817144
0.5945081098378032,0.5572088558228836
0.8301033979320414,0.877362452750945
0.44741105177896445,0.48207035859282815
0.0006399872002559949,0.03913921721565569
0.4255914881702366,0.7198856022879543
0.8505829883402333,0.9032019359612808
0.2241555168896622,0.3287134257314854
0.7249855002899942,0.8037839243215136
0.27161456770864584,0.29697406051878966
0.6219875602487951,0.3500329993400132
0.24409511809763806,0.17905641887162257
0.36913261734765307,0.44639107217855645
0.33511329773404536,0.35635287294254114
0.6650466990660187,0.4474510509789804
0.7672046559068819,0.8005439891202176
0.19519609607807845,0.19195616087678247
0.6627867442651147,0.6221275574488511
0.01629967400651987,0.02871942561148777
0.7751644967100658,0.8515229695406092
0.7635847283054339,0.7902441951160977
0.7064658706825864,0.40963180736385274
0.34713305733885325,0.23487530249395014
0.5437691246175077,0.6266874662506751
0.44903101937961243,0.39275214495710087
0.7276454470910582,0.7382852342953141
0.9480210395792085,0.9496210075798485
0.0016799664006719867,0.0034399312013759726
0.06739865202695947,0.35843283134337317
0.27177456450870985,0.252954940901182
0.9144017119657607,0.9021619567608649
0.5063898722025559,0.5275494490110197
0.6711665766684667,0.5372892542149157
0.35045299094018123,0.35811283774324515
0.37869242615147697,0.4803903921921562
0.7061858762824744,0.7076058478830424
0.3237735245295094,0.28063438731225376
0.6826063478730425,0.6795864082718346
0.6445471090578189,0.5372492550148997
0.11711765764684706,0.11903761924761505
0.758384832303354,0.7857842843143137
0.2703745925081498,0.2274954500909982
0.15341693166136677,0.1645767084658307
0.6691466170676587,0.621047579048419
0.7696646067078659,0.7140657186856263
0.09143817123657527,0.05321893562128758
0.3548929021419572,0.44815103697926045
0.44371112577748445,0.43553128937421254
0.23191536169276616,0.1611167776644467
0.7143857122857543,0.8009239815203696
0.7196056078878422,0.7793444131117377
0.6786864262714746,0.6461670766584668
0.25165496690066197,0.22281554368912623
0.05785884282314354,0.2142957140857183
0.3229335413291734,0.371572568548629
0.36497270054598907,0.37509249815003703
0.8044839103217936,0.8209635807283855
0.17505649887002261,0.8577028459430812
0.8365232695346093,0.8555828883422332
0.8868622627547449,0.890442191156177
0.5328293434131317,0.5657686846263075
0.7866242675146498,0.8238435231295375
0.12877742445151097,0.10521789564208717
0.05627887442251155,0.014499710005799884
0.5270294594108118,0.48549029019419615
0.8717425651486971,0.8181836363272735
0.5632887342253156,0.43381132377352455
0.47185056298874023,0.4165116697666047
0.5823283534329313,0.5428291434171316
0.5758884822303554,0.3551128977420452
0.17765644687106258,0.13317733645327093
0.6403871922561549,0.7045059098818024
0.6895662086758265,0.7114657706845864
0.7947641047179057,0.7772844543109139
0.24239515209695808,0.29225415491690165
0.9898202035959281,0.9831603367932642
0.8349033019339613,0.8417231655366892
0.7420451590968181,0.6812463750724985
0.7023059538809224,0.7230655386892263
0.19229615407691847,0.09635807283854324
0.6126477470450591,0.7024659506809864
0.4780304393912122,0.48363032739345213
0.8365432691346173,0.8665226695466091
0.1525769484610308,0.1891962160756785
0.9854202915941681,0.9819203615927682
0.10533789324213516,0.14037719245615088
0.2745145097098058,0.26921461570768584
0.08469830603387933,0.11099778004439911
0.7076658466830663,0.7143857122857543
0.7933241335173297,0.753664926701466
0.20333593328133437,0.1865562688746225
0.9970400591988161,0.99220015599688
0.8273634527309454,0.7723245535089298
0.6406271874562509,0.5972680546389072
0.14377712445751084,0.10635787284254315
0.1763764724705506,0.254494910101798
0.6708265834683307,0.7184256314873703
0.013059738805223896,0.009459810803783924
0.4297714045719086,0.14407711845763085
0.7652446951060979,0.8411431771364573
0.9471610567788644,0.9558608827823444
0.6961460770784584,0.7184656306873862
0.7898842023159537,0.752384952300954
0.5740085198296034,0.9140417191656167
0.7814643707125858,0.7868642627147457
0.49677006459870804,0.378592428151437
0.633127337453251,0.620227595448091
0.882222355552889,0.8807823843523129
0.4712305753884922,0.380112397752045
0.45673086538269236,0.2622947541049179
0.9548409031819364,0.9090618187636248
0.07345853082938342,0.8042839143217136
0.11485770284594309,0.08835823283534329
0.7253454930901382,0.9502609947801044
0.751504969900602,0.7804643907121858
0.6846663066738665,0.6839063218735626
0.2654146917061659,0.31845363092738144
0.6409671806563869,0.633927321453571
0.6810463790724186,0.6066078678426432
0.6577268454630908,0.7060258794824104
0.5378892422151557,0.5727685446291074
0.8651426971460571,0.8381632367352653
0.04281914361712766,0.06833863322733545
0.5104897902041959,0.26531469370612587
0.2711745765084698,0.3485330293394132
0.07743845123097538,0.061238775224495515
0.9496610067798644,0.9328213435731286
0.14191716165676688,0.0875582488350233
0.8118837623247536,0.6532869342613148
0.48801023979520414,0.4435511289774205
0.8574828503429932,0.8307433851322974
0.5251094978100438,0.31145377092458154
0.750204995900082,0.7390252194956101
0.9451010979780404,0.9255414891702166
0.510469790604188,0.6788064238715226
0.7420651586968261,0.7587648247035059
0.48211035779284417,0.29219415611687766
0.373512529749405,0.28237435251294973
0.502709945801084,0.47019059618807624
0.17915641687166256,0.1892762144757105
0.40967180656386876,0.3985720285594288
0.6773864522709546,0.6902661946761065
0.882582348353033,0.7217855642887142
0.2863342733145337,0.3684326313473731
0.24583508329833403,0.23169536609267816
0.2376952460950781,0.2265554688906222
0.22513549729005422,0.28613427731445373
0.7271654566908662,0.7619647607047859
0.08997820043599128,0.22061558768824624
0.9323013539729206,0.9570808583828324
0.14703705925881483,0.2368952620947581
0.8259034819303614,0.631347373052539
0.7147857042859143,0.6592868142637147
0.8191036179276415,0.7877842443151137
0.6742065158696826,0.7152056958860823
0.5752684946301074,0.6455270894582109
0.8207035859282814,0.7964640707185856
0.9675406491870163,0.9517609647807044
0.19177616447671048,0.11441771164576708
0.15287694246115077,0.48485030299394016
0.5808683826323474,0.5774884502309954
0.015839683206335872,0.035919281614367714
0.3976520469590608,0.4482510349793004
0.06149877002459951,0.025939481210375794
0.5077698446031079,0.5910881782364353
0.24181516369672607,0.3492330153396932
0.1406771864562709,0.2735745285094298
0.23221535569288615,0.25909481810363794
0.7277854442911142,0.6706465870682586
0.3929521409571809,0.5180696386072279
0.5451690966180677,0.30647387052258956
0.7177656446871062,0.6370072598548029
0.6458670826583468,0.617947641047179
0.8701025979480411,0.878782424351513
0.08093838123237536,0.13241735165296695
0.6730265394692106,0.6551468970620588
0.5606287874242515,0.4897702045959081
0.2934741305173897,0.20267594648107037
0.8029839403211936,0.8380232395352093
0.013319733605327894,0.01913961720765585
0.8500629987400252,0.7811643767124657
0.752744945101098,0.7498450030999381
0.6489870202595949,0.5368892622147557
0.3133537329253415,0.2893742125157497
0.5872482550348993,0.46983060338793226
0.6685466290674187,0.6513869722605549
0.2899342013159737,0.2907541849163017
0.5361092778144437,0.6784264314713706
0.9287414251714966,0.9615407691846164
0.9198416031679367,0.9313013739725206
0.6086478270434591,0.5688886222275554
0.871122577548449,0.8017239655206896
0.5471690566188676,0.5524289514209716
0.12691746165076698,0.10861782764344713
0.7833043339133218,0.7960440791184177
0.35805283894322115,0.6422071558568829
0.19923601527969442,0.18409631807363852
0.9593408131837363,0.9676606467870643
0.25639487210255796,0.2877542449151017
0.2137757244855103,0.2632147357052859
0.30591388172236555,0.5249695006099878
0.2107157856842863,0.24161516769664607
0.7685646287074259,0.7723045539089218
0.3473930521389572,0.36079278414431715
0.26125477490450194,0.3525529489410212
0.9350612987740246,0.9948801023979521
0.6518069638607228,0.6702865942681147
0.3533929321413572,0.36863262734745306
0.7639447211055779,0.7778444431111378
0.9446211075778485,0.9372412551748965
0.27441451170976583,0.2645947081058379
0.3912521749565009,0.48477030459390813
0.9882402351952961,0.9919201615967681
0.7065658686826264,0.4291514169716606
0.9306613867722646,0.9213215735685286
0.9623607527849444,0.08427831443371132
0.8144237115257695,0.8176236475270495
0.3624727505449891,0.3669326613467731
0.023319533609327814,0.14669706605867883
0.5563688726225475,0.5794684106317873
0.14195716085678287,0.06421871562568748
0.7009659806803864,0.6090278194436112
0.2892142157156857,0.32311353772924545
0.2747745045099098,0.2632947341053179
0.9464210715785685,0.9702805943881123
0.0073998520029599415,0.009719805603887922
0.38693226135477293,0.503569928601428
0.3143537129257415,0.5444891102177957
0.5501689966200676,0.5285494290114198
0.019219615607687847,0.03517929641407172
0.9689006219875603,0.9626207475850483
0.2388552228955421,0.28085438291234177
0.1762164756704866,0.379972400551989
0.75562488750225,0.7839843203135938
0.1762964740705186,0.23027539449211015
0.4887902241955161,0.49441011179776406
0.12289754204915902,0.23389532209355815
0.6656466870662587,0.5883682326353473
0.06699866002679947,0.05953880922381553
0.12947741045179098,0.14331713365732685
0.9119417611647768,0.877522449551009
0.42141157176856464,0.249315013699726
0.7777244455110898,0.7846243075138497
0.36995260094798105,0.2783144337113258
0.39677206455870884,0.39409211815763684
0.5513089738205236,0.5511689766204676
0.05883882322353553,0.07927841443171137
0.4248515029699406,0.38389232215355695
0.004099918001639967,0.004039919201615968
0.631547369052619,0.5417491650166997
0.2369952600947981,0.05393892122157557
0.39617207655846887,0.46015079698406036
0.6038279234415312,0.5655486890262195
0.3165136697266055,0.4904301913961721
0.9433211335773285,0.9348813023739525
0.47327053458930823,0.7133257334853303
0.8444231115377693,0.8089638207235855
0.4413111737765245,0.4750504989900202
0.4934701305973881,0.502069958600828
0.5767684646307074,0.6183076338473231
0.13069738605227896,0.11631767364652708
0.8090038199236016,0.7912641747165057
0.043479130417391654,0.05865882682346353
0.44531109377812444,0.4607707845843083
0.6300073998520029,0.6443071138577229
0.17837643247135057,0.24631507369852604
0.22321553568928623,0.24003519929601408
0.2711145777084458,0.3148537029259415
0.9939601207975841,0.9804003919921602
0.15923681526369474,0.18131637367252657
0.6974660506789865,0.7772044559108818
0.5057498850023,0.4413711725765485
0.38139237215255695,0.4890902181956361
0.7776444471110578,0.3357132857342853
0.5051498970020599,0.6706865862682747
0.2863742725145497,0.2939941201175977
0.7296854062918742,0.74832503349933
0.625847483050339,0.6647067058658827
0.4457310853782924,0.22207555848883023
0.12021759564808704,0.12793744125117498
0.12941741165176696,0.21693566128677427
0.33323333533329336,0.30487390252194957
0.5386692266154677,0.5520089598208036
0.2892342153156937,0.29591408171836564
0.8917621647567049,0.8491430171396572
0.1892962140757185,0.2008959820803584
0.505689886202276,0.5441291174176517
0.03841923161536769,0.046899062018759624
0.7266254674906503,0.6792664146717066
0.5212895742085158,0.5589688206235875
0.028479430411391775,0.03205935881282374
0.749865002699946,0.6885262294754105
0.8676026479470411,0.8454030919381612
0.6363072738545229,0.10999780004399913
0.5428091438171236,0.378112437751245
0.010959780804383912,0.007679846403071939
0.5741085178296434,0.4834103317933641
0.3050738985220296,0.27241455170896584
0.876122477550449,0.9395012099758006
0.7939441211175777,0.7980440391192176
0.2618747625047499,0.20841583168336633
0.13031739365212697,0.10557788844223116
0.9943601127977441,0.9900001999960001
0.023439531209375815,0.020999580008399833
0.9138217235655287,0.9185816283674327
0.26919461610767786,0.5988280234395312
0.5716485670286594,0.4884902301953961
0.9789404211915762,0.9816603667926642
0.6947261054778905,0.6930661386772264
0.6740665186696266,0.6132877342453151
0.5541289174216516,0.4673506529869403
0.1771564568708626,0.23109537809243816
0.2818743625127498,0.14737705245895083
0.8632427351452971,0.5749085018299634
0.7949241015179697,0.7702645947081058
0.30373392532149357,0.2638747225055499
0.046219075618487634,0.05343893122137557
0.753244935101298,0.7384652306953862
0.6065278694426112,0.5710885782284355
0.19103617927641448,0.10857782844343114
0.4674106517869643,0.5542689146217076
0.2377552448951021,0.19023619527609448
0.5923681526369473,0.6462270754584909
0.5546289074218516,0.46761064778704425
0.2151556968860623,0.7729845403091938
0.8358632827343453,0.8377432451350973
0.3316133677326454,0.3438531229375413
0.5799084018319633,0.2836943261134777
0.4062318753624928,0.40489190216195675
0.18267634647307054,0.15463690726185478
0.08309833803323934,0.06961860762784744
0.44363112737745247,0.4252714945701086
0.9832403351932961,0.9917201655966881
0.744985100297994,0.5945481090378193
0.47343053138937224,0.7766644667106658
0.028139437211255777,0.030759384812303756
0.2253754924901502,0.23411531769364613
0.3505129897402052,0.19247615047699046
0.4417911641767165,0.45817083658326835
0.4155916881662367,0.37515249695006103
0.255734885302294,0.2613547729045419
0.41785164296714067,0.41975160496790065
0.50894982100358,0.5161296774064519
0.9726605467890642,0.9730205395892082
0.2127157456850863,0.2818143637127258
0.6056078878422432,0.5789084218315634
0.4761904761904762,0.3883122337553249
0.6779864402711946,0.6037479250414992
0.3461930761384772,0.33279334413311734
0.023079538409231815,0.007439851202975941
0.5150096998060039,0.5686686266274674
0.5864682706345873,0.010999780004399912
0.5606887862242755,0.6423071538569228
0.3020339593208136,0.28159436811263777
0.10371792564148717,0.08375832483350333
0.36771264574708507,0.5843083138337234
0.07045859082818344,0.07715845683086339
0.07139857202855943,0.07123857522849543
0.33049339013219736,0.381592368152637
0.020559588808223835,0.016059678806423873
0.5808483830323393,0.6569268614627708
0.3539529209415812,0.47149057018859625
0.8416831663366733,0.8529629407411852
0.059418811623767526,0.1382772344553109
0.14151716965660688,0.1511369772604548
0.1138177236455271,0.10657786844263115
0.7932441351172976,0.8226035479290414
0.4705505889882203,0.877142457150857
0.5973080538389233,0.48545029099418013
0.44987100257994844,0.4918101637967241
0.8481230375392492,0.8710425791484171
0.5340293194136118,0.39831203375932484
0.17941641167176658,0.17345653086938262
0.5500089998200036,0.4686106277874443
0.9026819463610728,0.9316013679726406
0.8417831643367133,0.8595028099438011
0.00893982120357593,0.022359552808943823
0.8704625907481851,0.8994220115597689
0.7399252014959701,0.6651066978660427
0.34455310893782126,0.3933721325573489
0.756864862702746,0.7974840503189936
0.4740305193896122,0.4305913881722366
0.4052518949621008,0.050618987620247594
0.8408831823363533,0.8344433111337773
0.4928501429971401,0.5997280054398912
0.24115517689646207,0.22295554088918224
0.627247455050899,0.6371872562548749
0.9795804083918322,0.8283434331313374
0.5186496270074599,0.5495090098198037
0.618607627847443,0.5667486650266995
0.009199816003679927,0.00861982760344793
0.3039939201215976,0.35795284094318114
0.127237455250895,0.0756984860302794
0.07725845483090338,0.06153876922461551
0.5621687566248675,0.5145697086058278
0.373572528549429,0.373472530549389
0.15585688286234275,0.17325653486930262
0.43547129057418854,0.42273154536909263
0.29567408651826965,0.23435531289374215
0.12969740605187896,0.10545789084218316
0.46251074978500434,0.8245235095298095
0.6935061298774025,0.4238315233695326
0.5549689006219876,0.5441491170176597
0.8974020519589608,0.8273834523309535
0.8745825083498331,0.9279414411711766
0.9196016079678406,0.8925421491570169
0.2140157196856063,0.14439711205775885
0.371232575348493,0.46269074618507633
0.7706845863082739,0.7492850142997141
0.25753484930301396,0.22237555248895022
0.13991720165596688,0.11017779644407112
0.40759184816303673,0.4394512109757805
0.877142457150857,0.8589628207435852
0.5511089778204437,0.4038719225615488
0.4114917701645967,0.39991200175996483
0.7935441291174177,0.8191036179276415
0.9200615987680246,0.881382372352553
0.9869202615947681,0.9850002999940002
0.9748005039899202,0.9751604967900642
0.18173636527269454,0.13539729205415893
0.5748685026299474,0.5473490530189397
0.7162856742865142,0.749585008299834
0.32261354772904544,0.1886162276754465
0.9148417031659367,0.886762264754705
0.19505609887802244,0.15781684366312673
0.5293894122117558,0.4910101797964041
0.39191216175676485,0.5158096838063239
0.9160216795664087,0.756544869102618
0.6402271954560909,0.6593668126637467
0.4045519089618208,0.36245275094498114
0.0375992480150397,0.8541429171416572
0.5404291914161717,0.5831683366332674
0.8741225175496491,0.8919421611567769
0.33501329973400534,0.5912281754364913
0.8070038599228015,0.6597468050638987
0.6089878202435951,0.6126277474450511
0.9742805143897122,0.9767804643907122
0.7003659926801464,0.7456050878982421
0.4803103937921242,0.5647087058258835
0.06553868922621547,0.044399112017759645
0.6926261474770505,0.7334053318933622
0.5834083318333634,0.3223535529289414
0.12957740845183097,0.29447411051778966
0.8558028839423212,0.886202275954481
0.36863262734745306,0.7019859602807944
0.17301653966920663,0.22893542129157418
0.25677486450271,0.4426911461770765
0.015479690406191876,0.010819783604327914
0.41111177776444474,0.4116717665646687
0.15403691926161478,0.128157436851263
0.6611467770644587,0.377712445751085
0.9289414211715766,0.9808403831923362
0.09941801163976721,0.040359192816143676
0.33183336333273333,0.6966460670786585
0.9600407991840163,0.9594008119837604
0.5627887442251155,0.6479270414591708
0.5136297274054519,0.7475650486990261
0.3404931901361973,0.3632927341453171
0.9787204255914882,0.9753404931901363
0.6963260734785305,0.7356452870942581
0.7238655226895462,0.7583248335033299
0.7805843883122338,0.7964240715185696
0.4352112957740845,0.505209895802084
0.891702165956681,0.8339433211335774
0.46205075898482034,0.375452490950181
0.16713665726685467,0.11639767204655907
0.4425311493770125,0.4152516949661007
0.747185056298874,0.7852242955140898
0.20937581248375034,0.2009759804803904
0.50094998100038,0.38807223855522893
0.5280894382112358,0.7051458970820584
0.26001479970400593,0.23137537249255016
0.2903141937161257,0.27085458290834186
0.8742625147497051,0.8677026459470811
0.09061818763624728,0.09671806563868723
0.33605327893442133,0.47101057978840427
0.7587648247035059,0.8641427171456572
0.9743205135897283,0.9755604887902243
0.8746025079498411,0.9153416931661367
0.4107317853642927,0.3878122437551249
0.6073078538429232,0.6616067678646427
0.03939921201575969,0.05139897202055959
0.7704845903081938,0.745885082298354
0.0628387432251355,0.03949921001579969
0.4237315253694926,0.7986040279194416
0.4787704245915082,0.43341133177336455
0.9967000659986801,0.997560048799024
0.9166816663666727,0.8960420791584168
0.9636007279854403,0.9654806903861923
0.9598808023839523,0.9101817963640727
0.1762364752704946,0.15961680766384673
0.4487110257794844,0.3899722005559889
0.8075838483230335,0.6396872062558749
0.504629907401852,0.12953740925181498
0.24187516249675006,0.23897522049559008
0.7255454890902182,0.7048259034819304
0.24225515489690208,0.25851482970340595
0.9617007659846804,0.9708205835883282
0.22941541169176619,0.06827863442731145
0.6492470150596988,0.622287554248915
0.04355912881742365,0.025879482410351793
0.9872002559948801,0.7103657926841463
0.3255734885302294,0.36971260574788506
0.43117137657246857,0.4553508929821404
0.36911261774764503,0.42007159856802867
0.379652406951861,0.3619327613447731
0.8227435451290974,0.8101837963240736
0.6991060178796424,0.7488250234995301
0.06131877362452751,0.16795664086718265
0.627907441851163,0.378652426951461
0.4760904781904362,0.42265154696906065
0.2123557528849423,0.24901501969960602
0.43597128057438855,0.5171696566068679
0.28177436451270976,0.24611507769844604
0.24371512569748605,0.6774464510709786
0.1491170176596468,0.18165636687266257
0.05645887082258355,0.04677906441871163
0.5239895202095958,0.38285234295314097
0.5986680266394673,0.7073658526829464
0.16505669886602267,0.13985720285594289
0.23169536609267816,0.30887382252354956
0.3843323133537329,0.34777304453910923
0.4765104697906042,0.44851102977940444
0.501989960200796,0.379912401751965
0.0877982440351193,0.08839823203535929
0.6950860982780345,0.74922501549969
0.49955000899982,0.5624287514249715
0.5663686726265474,0.5938481230375393
0.41867162656746865,0.1896562068758625
0.28537429251414975,0.381292374152517
0.45953080938381236,0.3591128177436451
0.18397632047359053,0.5153696926061478
0.6936061278774425,0.4771104577908442
0.6916261674766505,0.6573868522629548
0.9233615327693446,0.9215215695686086
0.21889562208755825,0.6662466750664987
0.7386852262954741,0.6108877822443551
0.1122777544449111,0.26165476690466194
0.2372952540949181,0.2994740105197896
0.11991760164796704,0.22293554128917423
0.9036819263614728,0.26811463770724586
0.026979460410791786,0.029199416011679767
0.8403431931361373,0.8437031259374813
0.2766144677106458,0.36675266494670106
0.8961420771584568,0.8504029919401612
0.8624827503449931,0.8344833103337933
0.4055518889622208,0.4906101877962441
0.44409111817763647,0.3409931801363973
0.509309813803724,0.8030039399212016
0.22237555248895022,0.21715565688686228
0.6808863822723545,0.5858882822343553
0.622607547849043,0.5331293374132517
0.26971460570788586,0.18107637847243055
0.508029839403212,0.5256094878102439
0.08335833283334333,0.06741865162696746
0.7956440871182576,0.8648227035459292
0.5251694966100678,0.5701085978280435
0.10107797844043119,0.09111817763644728
0.12847743045139098,0.127697446051079
0.3030139397212056,0.510469790604188
0.9406211875762485,0.9529609407811844
0.22465550688986222,0.31939361212775746
0.7608447831043379,0.7309253814923702
0.6798664026719465,0.6859262814743705
0.08177836443271135,0.0741385172296554
0.8406631867362653,0.8383832323353533
0.5717485650286994,0.5277694446111078
0.5566688666226676,0.40873182536349273
0.8656426871462571,0.8658226835463291
0.9791804163916722,0.9540609187816244
0.2859142817143657,0.3031939361212776
0.2638947221055579,0.24927501449971
0.8916421671566569,0.6892262154756905
0.6874662506749866,0.376412471750565
0.6810263794724106,0.8091438171236576
0.22973540529189418,0.28371432571348576
0.9728605427891442,0.9728605427891442
0.2640747185056299,0.4663906721865563
0.24125517489650208,0.376812463750725
0.4906901861962761,0.5772684546309074
0.6577068458630828,0.627827443451131
0.05145897082058359,0.07237855242895143
0.49321013579728407,0.5580688386232275
0.026919461610767786,0.0499190016199676
0.4129117417651647,0.3504729905401892
0.09753804923901523,0.0878582428351433
0.18569628607427852,0.1903361932761345
0.42311153776924465,0.1371972560548789
0.3243335133297334,0.3191536169276615
0.4615107697846043,0.16495670086598269
0.5895282094358113,0.8319633607327854
0.5775284494310114,0.5606087878242435
0.7017859642807144,0.6492270154596909
0.5457290854182917,0.6108677826443472
0.9542609147817044,0.9402611947761045
0.7864042719145617,0.1628967420651587
0.8976620467590648,0.7724445511089778
0.5193296134077319,0.5685886282274355
0.3576328473430532,0.024219515609687808
0.6339073218535629,0.509329813403732
0.5598288034239315,0.6564268714625707
0.8968820623587529,0.9452010959780804
0.9397012059758805,0.9413411731765365
0.6872462550748986,0.5609487810243795
0.8852222955540889,0.8628827423451532
0.7976440471190577,0.8362032759344813
0.5610087798244036,0.5314893702125958
0.4408311833763325,0.36983260334793305
0.6178076438471231,0.5743685126297474
0.9726805463890722,0.9052018959620808
0.6203075938481231,0.5961680766384673
0.7859242815143698,0.7727645447091058
0.7992240155196896,0.7893242135157297
0.038759224815503694,0.0622987540249195
0.5252894942101158,0.5913281734365313
0.7379252414951701,0.7461650766984661
0.8033439331213376,0.7779444411111778
0.9104817903641927,0.4473310533789324
0.31923361532769345,0.2765544689106218
0.34519309613807725,0.39537209255814887
0.35967280654386913,0.4189116217675647
0.3167536649267015,0.3099938001239975
0.13299734005319894,0.12919741605167898
0.31769364612707746,0.25279494410111797
0.9294814103717925,0.9449411011779765
0.5367892642147157,0.2390952180956381
0.6884662306753865,0.6379272414551709
0.8880022399552009,0.9085818283634327
0.5544689106217876,0.5342893142137157
0.027019459610807785,0.01751964960700786
0.039679206415871686,0.05163896722065559
0.7922841543169137,0.8183036339273215
0.9493210135797284,0.7259454810903783
0.9627007459850804,0.9815403691926162
0.17857642847143057,0.13275734485310295
0.9901001979960401,0.9920001599968001
0.2623347533049339,0.17087658246835064
0.5497090058198836,0.5740085198296034
0.620547589048219,0.6088678226435471
0.6050478990420192,0.5729085418291634
0.23285534289314214,0.2780944381112378
0.05171896562068759,0.008419831603367933
0.994940101197976,0.9939801203975921
0.3157336853262935,0.7952840943181136
0.3410331793364133,0.6177676446471071
0.40345193096138077,0.5171296574068519
0.4142117157656847,0.3534729305413892
0.8474430511389772,0.8385432291354173
0.46795064098718026,0.6050278994420112
0.7304853902921942,0.7893642127157457
0.5545289094218115,0.3882122357552849
0.030759384812303756,0.029279414411711766
0.9090018199636007,0.43371132577348454
0.11541769164616708,0.1371572568548629
0.7708445831083378,0.8412631747365052
0.7075658486830264,0.7304653906921862
0.5940481190376192,0.5436891262174757
0.3889322213555729,0.3639527209455811
0.760544789104218,0.764884702305954
0.9406811863762725,0.9203215935681287
0.1401971960560789,0.1751364972700546
0.5481290374192517,0.630547389052219
0.5711085778284435,0.5315493690126197
0.46761064778704425,0.5580888382232355
0.7174656506869863,0.4362512749745005
0.6603467930641388,0.632127357452851
0.015919681606367874,0.024779504409911803
0.625447491050179,0.7434651306973861
0.3015139697206056,0.4409311813763725
0.4241315173696526,0.3149137017259655
0.10593788124237516,0.20949581008379833
0.5540289194216116,0.49783004339913206
0.10809783804323914,0.09653806923861523
0.14155716885662287,0.10721785564288715
0.6935661286774265,0.6815063698726026
0.15837683246335074,0.09061818763624728
0.033219335613287736,0.04025919481610368
0.04817903641927162,0.07229855402891942
0.07185856282874342,0.09505809883802324
0.24255514889702207,0.4165916681666367
0.6452670946581068,0.6460870782584348
0.3654126917461651,0.5917681646367073
0.7981240375192497,0.7877442451150978
0.059598808023839524,0.08453830923381532
0.8496430071398572,0.8647427051458971
0.621347573048539,0.6764664706705866
0.3039539209215816,0.5930481390372193
0.7892442151156978,0.8092438151236976
0.126737465250695,0.3049739005219896
0.9816803663926722,0.9847003059938801
0.5426091478170437,0.635567288654227
0.754904901901962,0.45079098418031643
0.8507629847403052,0.7991640167196656
0.06679866402671947,0.09695806083878322
0.049339013219735606,0.04421911561768765
0.39637207255854884,0.24733505329893404
0.025739485210295794,0.44205115897682046
0.05421891562168757,0.0496990060198796
0.8351832963340734,0.8954820903581928
0.006659866802663947,0.004579908401831963
0.41729165416691666,0.4223515529689406
0.4035319293614128,0.33649327013459734
0.25675486490270194,0.35629287414251715
0.6361672766544669,0.5673086538269235
0.8984020319593609,0.9320213595728086
0.12411751764964701,0.6601067978640427
0.9493610127797444,0.8256234875302494
0.5185296294074119,0.499770004599908
0.4687706245875083,0.6068278634427312
0.5187296254074919,0.5951280974380513
0.6822663546729065,0.6564468710625788
0.9446011079778405,0.9285014299714006
0.503569928601428,0.6000679986400272
0.5593688126237475,0.5124697506049879
0.9233415331693366,0.9228215435691286
0.7026859462810744,0.6233675326493471
0.6661266774664507,0.5151096978060439
0.0502389952200956,0.11451770964580708
0.9470810583788325,0.9555008899822004
0.7696846063078738,0.7378452430951381
0.3482530349393012,0.3986920261594768
0.4524709505809884,0.4353712925741485
0.6305873882522349,0.6538069238615228
0.874982500349993,0.9055218895622088
0.9651806963860723,0.8870822583548329
0.7073058538829223,0.7111457770844584
0.04613907721845563,0.04475910481790364
0.43471130577388456,0.47469050618987624
0.07007859842803144,0.0750784984300314
0.7257254854902903,0.6426871462570749
0.44353112937741246,0.6601867962640747
0.2635147297054059,0.2689546209075819
0.7145857082858343,0.627847443051139
0.7697246055078899,0.8268034639307215
0.4013719725605488,0.45399092018159637
0.32787344253114936,0.38551228975420493
0.8898022039559209,0.8120837583248335
0.759484810303794,0.7597048059038819
0.7073858522829544,0.7419651606967861
0.503529929401412,0.47405051898962025
0.6867662646747066,0.7303653926921462
0.09863802723945521,0.17219655606887863
0.9052618947621048,0.870542589148217
0.35975280494390116,0.3541329173416532
0.6539269214615708,0.6880662386752265
0.5690086198276034,0.3544329113417732
0.15175696486070278,0.17317653646927061
0.8413231735365293,0.8507029859402813
0.39795204095918085,0.5509089818203636
0.2133157336853263,0.2624347513049739
0.3240135197296054,0.14015719685606287
0.016919661606767864,0.016399672006559868
0.7143057138857223,0.6762864742705146
0.5392092158156837,0.5286094278114438
0.5377892442151158,0.50494990100198
0.6799864002719945,0.7727845443091138
0.4656706865862683,0.513329733405332
0.6118477630447391,0.8254234915301695
0.8270434591308174,0.8597028059438812
0.4390512189756205,0.34873302533949324
0.18505629887402253,0.09681806363872723
0.8269634607307854,0.7808043839123218
0.5894882102357953,0.5349293014139718
0.36091278174436514,0.42127157456850867
0.8569428611427772,0.883662326753465
0.46033079338413235,0.5599488010239796
0.4369912601747965,0.46383072338553233
0.46805063898722027,0.5819883602327953
0.4557908841823164,0.6923061538769225
0.8594828103437931,0.8279434411311775
0.006039879202415952,0.06147877042459151
0.32231355372892545,0.3213135737285254
0.4150916981660367,0.39401211975760486
0.4502909941801164,0.49865002699946004
0.9760804783904322,0.9727805443891122
0.6793464130717386,0.1908761824763505
0.7935641287174257,0.8118637627247456
0.874682506349873,0.876702465950681
0.7032259354812904,0.6404871902561949
0.6551868962620748,0.6646467070658587
0.6981060378792424,0.7262454750904982
0.8452230955380893,0.7072258554828904
0.2135157296854063,0.5787884242315154
0.6408871822563549,0.51594968100638
0.47629047419051623,0.4806703865922682
0.8252834943301134,0.8448431031379373
0.5547089058218836,0.3267134657306854
0.4415111697766045,0.15763684726305474
0.8473630527389453,0.8551628967420651
0.19909601807963842,0.1773564528709426
0.9494210115797684,0.9539809203815924
0.4765504689906202,0.5179496410071799
0.41025179496410075,0.5398492030159397
0.3633327333453331,0.4818703625927482
0.23697526049479012,0.2715145697086058
0.6843263134737305,0.7188056238875222
0.7831843363132738,0.881422371552569
0.5648087038259235,0.5261494770104598
0.9438811223775525,0.9431611367772645
0.3017739645207096,0.3905721885562289
0.5389892202155957,0.49535009299814003
0.8572028559428811,0.8699226015479691
0.9504009919801605,0.9385012299754005
0.022219555608887824,0.02261954760904782
0.5230495390092198,0.6577868442631147
0.621827563448731,0.6581868362632748
0.6775064498710026,0.4789704205915882
0.10077798444031119,0.10983780324393512
0.7232055358892823,0.44595108097838043
0.027099458010839784,0.025359492810143797
0.0997580048399032,0.0761584768304634
0.8485630287394252,0.8568628627427451
0.5296894062118758,0.5186096278074439
0.6198076038479231,0.6684666306673867
0.42279154416911663,0.2139357212855743
0.9041019179616407,0.9201615967680646
0.046999060018799624,0.09631807363852724
0.4129717405651887,0.3639327213455731
0.39527209455810886,0.3922721545569089
0.3923321533569329,0.41021179576408473
0.9613207735845284,0.9641607167856643
0.44221115577688447,0.5365492690146197
0.6794064118717625,0.504529909401812
0.4166716665666687,0.5158696826063479
0.8288434231315374,0.8565628687426252
0.634667306653867,0.6010079798404032
0.07057858842823143,0.05413891722165557
0.9864402711945761,0.9687006259874803
0.7209055818883623,0.8245635087298254
0.4213115737685246,0.5141497170056599
0.2386352272954541,0.4369312613747725
0.0378192436151277,0.04877902441951161
0.7433451330973381,0.75022499550009
0.08201835963280735,0.009259814803703926
0.5078898422031559,0.7208655826883462
0.29615407691846163,0.27189456210875784
0.1903361932761345,0.20697586048279035
0.32003359932801345,0.40717185656286875
0.33011339773204534,0.4516709665806684
0.6875062498750025,0.7287654246915062
0.636487270254595,0.6823663526729465
0.8938021239575209,0.8101237975240495
0.5971280574388512,0.510109797804044
0.3888522229555409,0.3406331873362533
0.2683146337073259,0.3378532429351413
0.09281814363712726,0.033399332013359734
0.629747405051899,0.6120077598448032
0.10535789284214316,0.12299754004919902
0.3010539789204216,0.253734925301494
0.9516409671806564,0.8369432611347773
0.6603267934641307,0.5661486770264595
0.757344853102938,0.5123697526049479
0.35735285294294117,0.1981960360792784
0.49305013899722006,0.31661366772664545
0.8912821743565129,0.8924021519569609
0.872702545949081,0.3877522449551009
0.4609307813843723,0.41825163496730067
0.8204235915281695,0.7665446691066179
0.009159816803663927,0.007699846003079939
0.24321513569728606,0.1885562288754225
0.09547809043819123,0.21881562368752625
0.48739025219495613,0.34663306733865323
0.749805003899922,0.7745045099098018
0.8545029099418012,0.8585228295434092
0.1733565328693426,0.21851562968740626
0.499530009399812,0.2759344813103738
0.3894322113557729,0.46097078058438834
0.11853762924741505,0.14183716325673487
0.6695666086678267,0.6168876622467551
0.8703625927481451,0.9030219395612088
0.7578648427031459,0.7969440611187777
0.5504289914201717,0.3870522589548209
0.4634707305853883,0.45879082418351635
0.45641087178256434,0.4637507249855003
0.08577828443431132,0.09539809203815924
0.3530729385412292,0.43565128697426053
0.8233635327293455,0.8490230195396092
0.7144457110857783,0.3591728165436691
0.9486410271794564,0.21719565608687827
0.3541529169416612,0.2861542769144617
0.12027759444811104,0.1761564768704626
0.6069278614427711,0.5072098558028839
0.1011979760404792,0.09433811323773525
0.09307813843723126,0.09129817403651927
0.29487410251794965,0.43563128737425255
0.13571728565428692,0.1370772584548309
0.3003739925201496,0.3003539929201416
0.19935601287974242,0.1892162156756865
0.3701525969480611,0.32415351692966143
0.9228215435691286,0.8242235155296894
0.9215415691686166,0.9302213955720886
0.04753904921901562,0.013899722005559889
0.375812483750325,0.3994720105597888
0.6841063178736425,0.6366672666546669
0.1375572488550229,0.057598848023039544
0.26925461490770186,0.34959300813983724
0.3545329093418132,0.5171096578068439
0.44509109817803644,0.4124517509649807
0.09397812043759125,0.08911821763564728
0.1372372552548949,0.16705665886682267
0.4476710465790684,0.4782704345913082
0.6671066578668426,0.7812643747125058
0.9404211915761685,0.9228815423691527
0.753884922301554,0.5778884422311554
0.9569008619827604,0.8948421031579369
0.742685146297074,0.6943061138777225
0.496390072198556,0.5234095318093638
0.3846123077538449,0.21689566208675828
0.8966220675586488,0.9030419391612168
0.6141877162456751,0.6468670626587468
0.9181216375672487,0.9325613487730245
0.6828463430731385,0.17619647607047859
0.9383412331753366,0.8865222695546089
0.6422071558568829,0.6053278934421312
0.9196416071678567,0.9316413671726566
0.016939661206775865,0.009399812003759925
0.14137717245655088,0.15879682406351875
0.51204975900482,0.49493010139797206
0.5507489850202996,0.5972880542389153
0.35989280214395714,0.2754344913101738
0.7636047279054419,0.753764924701506
0.4392512149757005,0.4173716525669487
0.746105077898442,0.7292854142917142
0.059818803623927524,0.4271114577708446
0.7358652826943461,0.745305093898122
0.02631947361052779,0.024059518809623807
0.6545069098618028,0.6107277854442912
0.7186656266874663,0.6780464390712186
0.5459090818183636,0.30975380492390153
0.042879142417151656,0.03423931521369573
0.7766044679106419,0.5346293074138517
0.8717225655486891,0.2126957460850783
0.7034459310813784,0.9866402671946561
0.8904621907561849,0.887362252754945
0.07715845683086339,0.25637487250255
0.5216695666086678,0.39429211415771687
0.9600207995840083,0.9537409251814964
0.1493370132597348,0.1511169776604468
0.49607007859842805,0.5571688566228675
0.745445091098178,0.6025079498410032
0.49917001659966803,0.5810883782324354
0.18275634487310255,0.39195216095678087
0.5303093938121238,0.40317193656126876
0.639107217855643,0.5687086258274835
0.9411411771764565,0.9274614507709846
0.6979260414791705,0.7352052958940821
0.40869182616347677,0.4393712125757485
0.17725645487090258,0.5766684666306674
0.9305213895722085,0.8183436331273375
0.4044119117617648,0.3548929021419572
0.5272694546109078,0.6373272534549309
0.124497510049799,0.13075738485230295
0.4206315873682526,0.41043179136417274
0.7907241855162898,0.8305833883322333
0.4165116697666047,0.2619147617047659
0.18469630607387852,0.2123557528849423
0.6140677186456271,0.6097478050438991
0.7181256374872503,0.6971060578788425
0.39649207015859683,0.4396712065758685
0.2791744165116698,0.34627307453850925
0.14835703285934282,0.1374972500549989
0.39343213135737287,0.3361732765344693
0.7970840583188337,0.7967640647187056
0.28423431531369375,0.25457490850182996
0.0252994940101198,0.02649947001059979
0.3209735805283894,0.27309453810923784
0.6679666406671867,0.6631067378652428
0.17745645087098258,0.13005739885202297
0.5095898082038359,0.50794984100318
0.09717805643887123,0.09165816683666327
0.08587828243435132,0.10945781084378313
0.015819683606327874,0.014119717605647888
0.09007819843603128,0.058218835623287536
0.15851682966340674,0.22057558848823025
0.250894982100358,0.24711505769884604
0.34605307893842124,0.3688326233475331
0.061818763624727505,0.05663886722265555
0.5201495970080598,0.4351512969740605
0.5766284674306514,0.5900281994360113
0.881742365152697,0.9518409631807364
0.8980820383592328,0.8912821743565129
0.511469770604588,0.618287634247315
0.6994660106797864,0.6473470530589388
0.3520129597408052,0.35439291214175717
0.867902641947161,0.873282534349313
0.4516309673806524,0.621687566248675
0.6304673906521869,0.6525869482610348
0.7281854362912742,0.742585148297034
0.8901621967560649,0.7770644587108259
0.9102617947641047,0.9204015919681606
0.24455510889782206,0.33227335453290935
0.6887862242755145,0.7281054378912422
0.9367012659746805,0.9444611107777845
0.7058858822823544,0.7560248795024099
0.5304893902121958,0.1898162036759265
0.16533669326613468,0.1117777644447111
0.5865882682346353,0.499290014199716
0.28493430131397374,0.23583528329433412
0.9117217655646888,0.9405811883762325
0.7103457930841384,0.8334833303333934
0.3224135517289654,0.3392732145357093
0.9792004159916802,0.9800403991920162
0.744405111897762,0.8103037939241216
0.3020139597208056,0.13671726565468692
0.9752204955900883,0.9401211975760485
0.05309893802123958,0.07303853922921542
0.026739465210695788,0.021639567208655827
0.6535669286614268,0.6504269914601708
0.8533829323413532,0.8224035519289614
0.5204695906081879,0.3631127377452451
0.43719125617487653,0.3982120357592848
0.7015459690806184,0.6796664066718666
0.15885682286354275,0.14219715605687885
0.880122397552049,0.8953020939581209
0.507269854602908,0.5563688726225475
0.620007599848003,0.5635687286254275
0.3157736845263095,0.3144537109257815
0.9183016339673207,0.9013619727605449
0.38269234615307696,0.4496910061798764
0.7965840683186337,0.7907241855162898
0.6634467310653788,0.7423651526969461
0.12321753564928702,0.10971780564388713
0.4787304253914922,0.48197036059278814
0.3467130657386852,0.23017539649207017
0.2380152396952061,0.3213735725285494
0.7643847123057539,0.759084818303634
0.3308133837323254,0.3542529149417012
0.5898082038359233,0.6487870242595148
0.3384532309353813,0.23079538409231817
0.6124277514449711,0.5356292874142518
0.016719665606687868,0.014699706005879883
0.9241415171696566,0.9101217975640488
0.9261014779704406,0.9398612027759445
0.9154016919661607,0.7932241355172897
0.880822383552329,0.876562468750625
0.03859922801543969,0.034819303613927724
0.3247135057298854,0.38205235895282097
0.6398472030559389,0.5002499950001
0.6469470610587789,0.6430671386572269
0.5401491970160597,0.5559288814223716
0.19227615447691046,0.10187796244075119
0.07813843723125538,0.1007179856402872
0.48315033699326015,0.5093498130037399
0.7771444571108578,0.6851462970740585
0.7781444371112578,0.750464990700186
0.16637667246655066,0.1501369972600548
0.8415831683366333,0.754184916301674
0.5804483910321794,0.8154836903261935
0.9074818503629928,0.9004019919601608
0.14535709285814286,0.25427491450170997
0.08007839843203136,0.05995880082398352
0.9191416171676566,0.9347213055738886
0.9918801623967521,0.9900601987960241
0.08247835043299134,0.057898842023159536
0.3694126117477651,0.38053238935221295
0.6495270094598108,0.3142337153256935
0.5784684306313874,0.626867462650747
0.5331493370132597,0.6409871802563949
0.0015799684006319874,0.0017999640007199857
0.6977060458790825,0.6833263334733306
0.11769764604707907,0.1517169656606868
0.7191056178876423,0.7049259014819704
0.4656106877862443,0.46857062858742826
0.6959660806783865,0.7456250874982501
0.8808823823523529,0.8631827363452731
0.7820843583128337,0.7125857482850343
0.5585488290234195,0.054998900021999565
0.3173736525269495,0.3105737885242295
0.5598688026239476,0.3875722485550289
0.994160116797664,0.9914601707965841
0.2611547769044619,0.46291074178516434
0.10369792604147918,0.0749385012299754
0.8069638607227856,0.75822483550329
0.25541489170216597,0.3619527609447811
0.3567128657426852,0.3531729365412692
0.04865902681946361,0.1513169736605268
0.5924281514369713,0.5511889762204756
0.06009879802403952,0.045579088418231634
0.379192416151677,0.5181296374072518
0.0125597488050239,0.008659826803463931
0.05575888482230355,0.07727845443091139
0.5202095958080839,0.6064678706425871
0.19057618847623048,0.1762364752704946
0.8911621767564649,0.7749845003099938
0.5912081758364833,0.630907381852363
0.2809543809123818,0.33181336373272535
0.4393512129757405,0.3265334693306134
0.43271134577308457,0.4131517369652607
0.8439831203375933,0.8056638867222656
0.14765704685906283,0.16969660606787865
0.041179176416471674,0.030939381212375754
0.19173616527669446,0.13519729605407893
0.17227655446891063,0.19009619807603848
0.1613167736645267,0.18737625247495052
0.5795084098318034,0.6061878762424752
0.3550128997420052,0.3917521649567009
0.2127557448851023,0.17033659326813463
0.03861922761544769,0.05109897802043959
0.13455730885382292,0.14613707725845484
0.7865642687146257,0.8108437831243376
0.5734285314293714,0.6093678126437472
0.9933801323973521,0.995960080798384
0.753444931101378,0.7306653866922662
0.5107297854042919,0.4632507349853003
0.9544009119817604,0.9537009259814804
0.14409711805763886,0.11897762044759105
0.4266114677706446,0.21501569968600628
0.37241255174896504,0.45965080698386035
0.4180516389672207,0.4415711685766285
0.39717205655886884,0.4268714625707486
0.9755804883902323,0.9675206495870083
0.15729685406291874,0.1862762744745105
0.2599148017039659,0.2779144417111658
0.8156636867262655,0.5758484830303394
0.8385632287354253,0.8303433931321373
0.8169836603267935,0.8395032099358013
0.37067258654826907,0.2030559388812224
0.15773684526309475,0.4911901761964761
0.8081838363232735,0.8266034679306414
0.76022479550409,0.5447491050178996
0.22869542609147817,0.30927381452370956
0.13335733285334295,0.11837763244735106
0.22745545089098218,0.1507169856602868
0.47675046499070023,0.3286534269314614
0.7171056578868423,0.2903341933161337
0.2635347293054139,0.028059438811223778
0.09581808363832724,0.11907761844763105
0.3651126977460451,0.4126317473650527
0.5964880702385953,0.6658066838663227
0.8437631247375053,0.9029419411611768
0.744965100697986,0.8444631107377852
0.4119917601647967,0.3012939741205176
0.2276354472910542,0.1633967320653587
0.34781304373912525,0.4863902721945561
0.6462470750584989,0.4304713905721886
0.6580668386632268,0.8926621467570649
0.7393252134957301,0.7950440991180177
0.6944061118777625,0.9122017559648807
0.0994380112397752,0.09411811763764726
0.8193436131277375,0.7857642847143057
0.125577488450231,0.873742525149497
0.14745705085898284,0.17085658286834263
0.22317553648927022,0.2737345253094938
0.9907801843963121,0.9894602107957842
0.509329813403732,0.45739085218295633
0.507129857402852,0.5314693706125878
0.4510109797804044,0.46909061818763625
0.6602667946641068,0.6142077158456831
0.21979560408791826,0.256094878102438
0.8577628447431052,0.3970120597588048
0.1856162876742465,0.3268934621307574
0.759064818703626,0.6490870182596349
0.12311753764924702,0.010739785204295915
0.6171676566468671,0.6553668926621468
0.7364652706945861,0.8592028159436812
0.15389692206155878,0.05517889642207156
0.001879962400751985,0.0018999620007599848
0.8443831123377533,0.8728825423491531
0.4853502929941401,0.4688906221875563
0.8052838943221136,0.7014659706805864
0.35681286374272514,0.36687266254674905
0.19597608047839044,0.4008519829603408
0.6741865162696746,0.6876462470750585
0.4745305093898122,0.5540489190216196
0.2252154956900862,0.0877382452350953
0.4868302633947321,0.38619227615447693
0.9560008799824004,0.8935821283574329
0.07951840963180737,0.07069858602827944
0.4899502009959801,0.3110337793244135
0.30637387252254955,0.34731305373892524
0.6519669606607869,0.6300073998520029
0.8176236475270495,0.8050838983220336
0.5885882282354353,0.5710485790284194
0.8182036359272815,0.7031859362812743
0.16039679206415872,0.1505169896602068
0.42085158296834063,0.38249235015299693
0.5464290714185717,0.7966240675186497
0.5814483710325794,0.6154476910461791
0.7197056058878822,0.7350052998940021
0.5661886762264755,0.5364892702145957
0.29317413651726965,0.40899182016359675
0.21629567408651829,0.2123757524849503
0.00031999360012799745,0.0004399912001759965
0.26871462570748583,0.24501509969800606
0.15805683886322275,0.1365372692546149
0.06177876442471151,0.05595888082238355
0.7730645387092259,0.7689846203075938
0.6131877362452751,0.6141077178456431
0.4404911901761965,0.4396912061758765
0.49521009579808406,0.4235915281694366
0.6848663026739465,0.6707865842683146
0.749345013099738,0.7036659266814664
0.0763984720305594,0.0505189896202076
0.5160696786064279,0.4786504269914602
0.43119137617247655,0.3433331333373333
0.35589288214235715,0.40773184536309276
0.15189696206075878,0.14871702565948683
0.2145557088858223,0.10573788524229516
0.8086038279234415,0.754064918701626
0.6065478690426191,0.6531269374612508
0.2254154916901662,0.28527429451410974
0.7211455770884583,0.7475450490990181
0.42987140257194856,0.4887702245955081
0.05755884882302354,0.0761984760304794
0.24587508249835005,0.2875742485150297
0.5907081858362833,0.5293094138117238
0.5347293054138917,0.623207535849283
0.23179536409271814,0.19337613247735047
0.6546469070618588,0.6157876842463151
0.5626287474250515,0.5367892642147157
0.5572488550228996,0.628127437451251
0.5764284714305714,0.44289114217715647
0.8940821183576328,0.8985020299594009
0.08219835603287934,0.08989820203595929
0.5486290274194516,0.5392892142157157
0.4888502229955401,0.5224695506089878
0.22969540609187816,0.13271734565308693
0.6548869022619548,0.5999680006399872
0.39081218375632487,0.3996920061598768
0.2256754864902702,0.053678926421471575
0.8289034219315614,0.8194436111277775
0.7377852442951142,0.7938441231175377
0.9635607287854243,0.9631807363852724
0.06107877842443151,0.08103837923241536
0.5166696666066679,0.6910861782764345
0.5673886522269554,0.25821483570328596
0.7935041299174017,0.07231855362892742
0.8890022199556009,0.8577228455430892
0.7140257194856103,0.7454650906981861
0.6209875802483951,0.7915841683166337
0.3013539729205416,0.377332453350933
0.7504249915001701,0.7861442771144578
0.18327633447331054,0.18459630807383853
0.887102257954841,0.8694226115477691
0.5522689546209076,0.5275694486110278
0.19097618047639048,0.1879562408751825
0.2672346553068939,0.21635567288654228
0.014499710005799884,0.017359652806943862
0.1983360332793344,0.14771704565908683
0.051078978420431596,0.04411911761764765
0.02259954800903982,0.03485930281394372
0.9205015899682006,0.873042539149217
0.2620747585048299,0.3143137137257255
0.5508289834203316,0.6343673126537469
0.7330053398932022,0.6642067158656827
0.50104997900042,0.6456670866582669
0.7675446491070179,0.8106237875242496
0.884002319953601,0.5457690846183076
0.9338413231735365,0.9009619807603848
0.17453650926981462,0.15641687166256676
0.5666886662266755,0.5091698166036679
0.5976680466390673,0.635767284654307
0.15933681326373472,0.125457490850183
0.8954620907581848,0.9105017899642007
0.614967700645987,0.6758064838703226
0.41041179176416476,0.755664886702266
0.7082458350832984,0.7907641847163057
0.22235555288894224,0.2791944161116778
0.23157536849263016,0.24095518089638207
0.21367572648547029,0.23431531369372613
0.5443291134177317,0.5821083578328433
0.11929761404771905,0.127817443651127
0.16519669606607867,0.1006379872402552
0.8870422591548169,0.8884022319553609
0.16857662846743066,0.1998560028799424
0.3028139437211256,0.26759464810703787
0.06869862602747945,0.39643207135857284
0.875882482350353,0.9116617667646647
0.6922461550768985,0.7820443591128178
0.6538269234615308,0.6574468510629787
0.4633907321853563,0.250894982100358
0.2685546289074219,0.3022339553208936
0.3148537029259415,0.3662126757464851
0.038339233215335694,0.03145937081258375
0.9389412211755765,0.9316813663726726
0.0993380132397352,0.3018139637207256
0.49795004099918005,0.4061718765624688
0.23107537849243015,0.4163916721665567
0.6878462430751385,0.375732485350293
0.3911321773564529,0.36131277374452514
0.6981860362792744,0.7170256594868103
0.007799844003119938,0.009939801203975921
0.6996260074798504,0.5910281794364113
0.19537609247815044,0.19715605687886242
0.03465930681386373,0.027739445211095778
0.18017639647207057,0.22247555048899023
0.12149757004859903,0.126437471250575
0.7302653946921062,0.5994680106397873
0.7171256574868503,0.8556428871422572
0.05781884362312754,0.05827883442331153
0.13239735205295894,0.9754404911901763
0.25525489490210196,0.20309593808123838
0.5290694186116278,0.4616307673846523
0.24251514969700608,0.2821543569128617
0.9046619067618648,0.8478230435391293
0.18439631207375853,0.16581668366632668
0.36463270734585307,0.5307093858122838
0.5177696446071078,0.24207515849683006
0.7332053358932822,0.8149237015259695
0.9583008339833203,0.9660806783864323
0.0379992400151997,0.32431351372972544
0.04301913961720766,0.04053918921621568
0.9931401371972561,0.9938601227975441
0.19489610207795846,0.24585508289834204
0.05733885322293554,0.06787864242715146
0.2795744085118298,0.4910301793964121
0.4158716825663487,0.2647147057058859
0.249055018899622,0.25807483850322993
0.376892462150757,0.4883502329953401
0.20849583008339834,0.20799584008319835
0.6854862902741945,0.8397032059358813
0.1768164636707266,0.1624967500649987
0.23287534249315014,0.2749545009099818
0.5576688466230676,0.49695006099878003
0.887602247955041,0.9615007699846003
0.13319733605327894,0.14235715285694286
0.5329293414131717,0.5119097618047639
0.6085278294434111,0.5682886342273155
0.5246695066098678,0.49275014499710007
0.4345313093738125,0.41185176296474074
0.045599088018239635,0.03959920801583969
0.3684326313473731,0.2106557868842623
0.2025759484810304,0.5809883802323954
0.5279694406111878,0.7342253154936902
0.7056658866822664,0.7181256374872503
0.08053838923221536,0.06739865202695947
0.377672446551069,0.3022139557208856
0.07773844523109538,0.1642367152656947
0.4184516309673807,0.4253114937701246
0.017419651606967863,0.0250594988100238
0.030659386812263757,0.03505929881402372
0.3062938741225176,0.2609347813043739
0.01897962040759185,0.4098918021639567
0.9660206795864084,0.9727205455890883
0.8055038899222016,0.7296054078918421
0.9376412471750565,0.9737205255894883
0.8004039919201617,0.8489630207395852
0.8968620627587448,0.9499010019799604
0.11629767404651907,0.17161656766864664
0.7928641427171457,0.7185256294874103
0.1640367192656147,0.12807743845123098
0.003179936401271975,0.0026999460010799785
0.8419231615367693,0.8436831263374733
0.5241895162096758,0.4997500049999
0.6704465910681786,0.6375472490550189
0.3009339813203736,0.20983580328393434
0.1903961920761585,0.5269894602107958
0.1133777324453511,0.08525829483410333
0.6935861282774345,0.6655866882662347
0.9870002599948001,0.9890802183956321
0.75732485350293,0.5501689966200676
0.4018319633607328,0.44673106537869245
0.49373012539749206,0.49681006379872406
0.8296234075318494,0.8387432251354974
0.17865642687146258,0.24891502169956603
0.3491130177396452,0.3920321593568129
0.12225755484890302,0.04397912041759165
0.1488570228595428,0.03135937281254375
0.8211435771284574,0.8291634167316654
0.6933261334773305,0.6619667606647868
0.5714485710285795,0.5216495670086598
0.5458090838183236,0.5493490130197396
0.34221315573688527,0.24753504929901401
0.8665026699466011,0.8157636847263054
0.7906441871162577,0.6397472050558989
0.14631707365852684,0.1523169536609268
0.5074298514029719,0.44489110217795647
0.1403971920561589,0.18189636207275856
0.36943261134777305,0.377652446951061
0.2907741845163097,0.4135517289654207
0.374312513749725,0.3283934321313574
0.8539829203415932,0.9049819003619928
0.7057258854822904,0.7246055078898422
0.3269134617307654,0.3259934801303974
0.4358912821743565,0.3290334193316134
0.7671246575068499,0.7995840083198337
0.9676606467870643,0.9704805903881922
0.6757664846703066,0.42941141177176456
0.5424691506169876,0.4400111997760045
0.014759704805903882,0.05745885082298354
0.6559868802623948,0.6402271954560909
0.3172736545269095,0.6597668046639067
0.3375732485350293,0.24251514969700608
0.872362552748945,0.880362392752145
0.9403811923761525,0.9561808763824724
0.6680866382672347,0.6047279054418911
0.06661866762664746,0.0633787324253515
0.1876162476750465,0.37761244775104497
0.10223795524089518,0.11031779364412712
0.5336093278134437,0.6230475390492191
0.17937641247175057,0.14729705405891882
0.1890562188756225,0.2969540609187816
0.4367112657746845,0.46773064538709225
0.4535309293814124,0.3107937841243175
0.7822443551128978,0.8032839343213136
0.880622387552249,0.9193016139677207
0.9659606807863843,0.9733005339893203
0.4407511849763005,0.44793104137917245
0.2847343053138937,0.1636967260654787
0.9542409151816964,0.9530409391812165
0.375732485350293,0.36897262054758906
0.8146237075258496,0.8099238015239696
0.4120117597648047,0.4751704965900682
0.36893262134757304,0.2288154236915262
0.9671006579868403,0.9674406511869763
0.014119717605647888,0.019559608807823845
0.4617507649847003,0.49763004739905203
0.11473770524589509,0.1382172356552869
0.5447291054178917,0.5384092318153637
0.22005559888802226,0.20515589688206237
0.21109577808443833,0.21175576488470232
0.4520909581808364,0.3855722885542289
0.5592888142237156,0.6475470490590188
0.7087458250834984,0.6158476830463391
0.3660126797464051,0.371912561748765
0.03395932081358373,0.029879402411951764
0.379512409751805,0.31889362212755745
0.6038679226415472,0.35781284374312516
0.5585688286234276,0.381812363752725
0.29451410971780567,0.2783744325113498
0.2726545469090618,0.25947481050378995
0.34723305533889326,0.26417471650566987
0.7665246695066099,0.7201855962880742
0.13603727925441492,0.06913861722765545
0.3600727985440291,0.3850722985540289
0.5927881442371152,0.5952680946381073
0.46885062298754027,0.6532669346613068
0.11977760444791105,0.20175596488070238
0.43735125297494054,0.44319113617727646
0.7996640067198656,0.9081418371632568
0.6931861362772744,0.7222455550888982
0.21607567848643028,0.17167656646867063
0.6492670146597068,0.8010639787204257
0.7586448271034579,0.761204775904482
0.48209035819283613,0.33445331093378133
0.3353732925341493,0.20603587928241435
0.5254894902101959,0.5327293454130918
0.9064818703625928,0.9313213735725285
0.40815183696326074,0.4038119237615248
0.030739385212295755,0.03687926241475171
0.44393112137757246,0.4018319633607328
0.7713245735085299,0.7743045139097219
0.7349053018939622,0.6663466730665387
0.4163316733665327,0.46697066058678827
0.012079758404831904,0.017259654806903862
0.029199416011679767,0.03645927081458371
0.5161096778064439,0.45857082858342835
0.17819643607127858,0.8162836743265135
0.7283654326913462,0.7938841223175537
0.5376692466150678,0.5612287754244916
0.9602407951840963,0.9945001099978
0.9124417511649767,0.9216015679686407
0.4289914201715966,0.4430511389772205
0.2670746585068299,0.31169376612467753
0.8070238595228095,0.8264434711305774
0.9531609367812645,0.9606207875842484
0.7835243295134098,0.7747645047099059
0.3602527949441011,0.44119117617647646
0.34101317973640527,0.28549429011419775
0.4187516249675007,0.49831003379932404
0.7435651286974261,0.7783044339113218
0.9824803503929922,0.9483210335793284
0.3117337653246935,0.2931341373172537
0.3389332213355733,0.5464290714185717
0.2916541669166617,0.9532609347813044
0.47285054298914025,0.42827143457130856
0.9005419891602169,0.8850222995540089
0.9357212855742886,0.7072858542829144
0.3224535509289814,0.35531289374212516
0.3890522189556209,0.2998940021199576
0.8375432491350173,0.8361832763344733
0.21499570008599828,0.3132337353252935
0.3150136997260055,0.1621967560648787
0.5888082238355233,0.7366652666946661
0.9136617267654648,0.9596008079838404
0.49689006219875603,0.5642087158256835
0.23209535809283816,0.254994900101998
0.7016259674806504,0.7750644987100258
0.5979080418391632,0.5226695466090678
0.3380932381352373,0.29807403851922964
0.5366092678146437,0.47635047299054023
0.29219415611687766,0.35771284574308515
0.2645547089058219,0.21671566568668627
0.631167376652467,0.5783684326313474
0.9669606607867843,0.9508009839803204
0.6809663806723866,0.7769444611107779
0.7356052878942422,0.8248635027299455
0.8659426811463771,0.628227435451291
0.5360692786144278,0.5326093478130438
0.2971940561188776,0.2671146577068459
0.6980460390792185,0.7125257494850104
0.74952500949981,0.7055858882822343
0.04033919321613568,0.30655386892262154
0.5389292214155718,0.502589948201036
0.8958620827583449,0.9102217955640888
0.99780004399912,0.9978600427991441
0.509869802603948,0.4801103977920442
0.7584448311033779,0.7852642947141057
0.7871242575148497,0.761344773104538
0.26911461770764583,0.5650286994260115
0.9208215835683287,0.9164016719665607
0.250734985300294,0.13173736525269494
0.8434431311373772,0.6789864202715946
0.30563388732225355,0.2998340033199336
0.018259634807303856,0.008519829603407933
0.4553908921821564,0.5251494970100599
0.4131317373652527,0.6464270714585708
0.17161656766864664,0.21657566848663026
0.6798064038719226,0.7189656206875863
0.996760064798704,0.996640067198656
0.04303913921721566,0.051158976820463595
0.9101817963640727,0.9636007279854403
0.30729385412291754,0.3667326653466931
0.24325513489730205,0.19631607367852644
0.6543469130617388,0.6640667186656267
0.1760764784704306,0.21843563128737425
0.9175616487670247,0.9276414471710566
0.27119457610847786,0.16761664766704668
0.0503989920201596,0.06445871082578349
0.5828083438331234,0.8311033779324414
0.13445731085378293,0.40865182696346075
0.8285834283314334,0.7725045499090019
0.8941221175576489,0.8299634007319854
0.5309093818123638,0.5156496870062599
0.23497530049399012,0.31093378132437355
0.27977440451190977,0.4599108017839643
0.9125617487650247,0.9260814783704326
0.5149297014059719,0.4520909581808364
0.9243215135697287,0.9346413071738565
0.7345453090938181,0.4211515769684607
0.10947781044379112,0.3161936761264775
0.29253414931701366,0.2904541909161817
0.6731465370692586,0.6097278054438912
0.7499650006999861,0.5658086838263235
0.06329873402531949,0.07093858122837543
0.8930421391572169,0.8198836023279534
0.5693686126277475,0.5901081978360433
0.4064518709625808,0.35427291454170917
0.7722645547089059,0.8415031699366013
0.00999980000399992,0.009899802003959922
0.25949481010379793,0.379012419751605
0.5292694146117077,0.4755104897902042
0.6978460430791384,0.6991260174796504
0.24685506289874204,0.2391352172956541
0.5384292314153717,0.36995260094798105
0.48779024419511613,0.4872302553948921
0.46303073938521233,0.18771624567508652
0.5615687686246276,0.5339093218135638
0.07845843083138337,0.04507909841803164
0.3514329713405732,0.48407031859362815
0.11411771764564708,0.13685726285474292
0.03295934081318374,0.03345933081338373
0.6968860622787545,0.6870262594748106
0.4743105137897242,0.5435891282174357
0.2271354572908542,0.253334933301334
0.2274954500909982,0.10905781884362313
0.2411951760964781,0.24747505049899002
0.4941101177976441,0.7009059818803625
0.19393612127757445,0.20323593528129438
0.9170816583668326,0.9047619047619048
0.04647907041859163,0.012359752804943901
0.13271734565308693,0.24757504849903003
0.4900301993960121,0.5311693766124678
0.8656026879462411,0.7973040539189217
0.6563268734625308,0.6649867002659947
0.998260034799304,0.998360032799344
0.7081858362832744,0.8488230235395292
0.8196836063278735,0.8274034519309614
0.15363692726145478,0.1522569548609028
0.022039559208815826,0.023519529609407813
0.049559008819823606,0.05943881122377553
0.8190236195276095,0.8666226675466491
0.3037139257214856,0.5311893762124758
0.744865102697946,0.7409651806963861
0.8156036879262415,0.8205035899282015
0.15465690686186276,0.42375152496950064
0.09167816643667127,0.23425531489370213
0.8126637467250655,0.8309833803323934
0.6360672786544269,0.6124477510449792
0.618987620247595,0.5273694526109478
0.253454930901382,0.24313513729725406
0.8913221735565289,0.878302433951321
0.9908001839963201,0.9917601647967041
0.9644007119857603,0.9750804983900322
0.7357852842943141,0.5727885442291154
0.872622547549049,0.8919021619567609
0.49723005539889203,0.4781704365912682
0.7870042599148017,0.7790844183116338
0.9704005919881603,0.9734005319893603
0.41135177296454073,0.4371712565748685
0.8072038559228816,0.4039919201615968
0.5192496150076998,0.5736685266294674
0.48367032659346815,0.4444711105777885
0.7968840623187536,0.9083818323633528
0.3281934361312774,0.5257294854102919
0.9270014599708006,0.9555208895822084
0.5315893682126358,0.5572488550228996
0.998480030399392,0.998280034399312
0.47755044899102017,0.5389692206155877
0.18229635407291855,0.32119357612847743
0.33787324253514933,0.11507769844603108
0.2895742085158297,0.26223475530489393
0.38589228215435695,0.4152716945661087
0.6437071258574829,0.508189836203276
0.5281494370112598,0.058178836423271534
0.9627607447851043,0.7717645647087058
0.37441251174976503,0.36819263614727704
0.9025819483610328,0.8838623227535449
0.02107957840843183,0.11983760324793505
0.6824463510729786,0.6854062918741626
0.5607487850242995,0.6704465910681786
0.1372572548549029,0.18255634887302255
0.2255154896902062,0.30523389532209355
0.253214935701286,0.16541669166616668
0.36743265134697306,0.3982320353592928
0.8943221135577288,0.880242395152097
0.9787804243915122,0.9515209695806084
0.3621927561448771,0.625527489450211
0.40849183016339674,0.3673926521469571
0.024919501609967802,0.025619487610247797
0.05089898202035959,0.04871902561948761
0.5386492270154597,0.49871002579948404
0.8582828343433132,0.8203235935281294
0.6972260554788905,0.8381232375352493
0.6356272874542509,0.5172696546069079
0.3619727605447891,0.30877382452350954
0.6415071698566029,0.6693266134677307
0.14345713085738285,0.12385752284954302
0.6400271994560109,0.5215095698086039
0.5337093258134837,0.48641027179456414
0.1001379972400552,0.09481810363792724
0.5694086118277635,0.48303033939321216
0.1482570348593028,0.33131337373252534
0.6253274934501311,0.620007599848003
0.624247515049699,0.43151136977260457
0.45513089738205237,0.48429031419371615
0.7283454330913381,0.7234255314893703
0.3272134557308854,0.2635347293054139
0.5105097898042039,0.4126917461650767
0.9542809143817124,0.9584008319833603
0.8963020739585209,0.9034419311613768
0.620467590648187,0.5681686366272675
0.5328893422131558,0.3300133997320054
0.19181616367672646,0.15189696206075878
0.7272054558908823,0.628647427051459
0.9953800923981521,0.995740085198296
0.6628867422651548,0.6672466550668987
0.6585868282634347,0.7787444251114978
0.2969540609187816,0.31951360972780546
0.32133357332853346,0.2905741885162297
0.1986760264794704,0.23161536769264615
0.876402471950561,0.8200235995280095
0.03193936121277575,0.04693906121877563
0.9261414771704566,0.9133417331653367
0.5487290254194916,0.7119257614847704
0.04899902001959961,0.029319413611727768
0.6136877262454751,0.6372072558548829
0.8678426431471371,0.7710045799084019
0.13305733885322293,0.14653706925861484
0.8551628967420651,0.8479830403391933
0.09355812883742326,0.07835843283134337
0.15863682726345474,0.09123817523649527
0.12945741085178297,0.11485770284594309
0.6698866022679547,0.6534869302613948
0.24569508609827803,0.20735585288294234
0.09039819203615929,0.1124777504449911
0.12215755684886302,0.06753864922701547
0.5179896402071958,0.8497030059398812
0.7300453990920182,0.7219855602887942
0.04269914601707966,0.06847863042739145
0.8071838563228736,0.8182636347273055
0.5806083878322433,0.5457090858182837
0.9746405071898563,0.9571008579828404
0.9735005299894003,0.9551008979820403
0.18549629007419852,0.19415611687766246
0.9752604947901042,0.9757204855902882
0.7309453810923782,0.7301053978920422
0.9607407851842964,0.9542409151816964
0.5315693686126277,0.3228135437291254
0.024279514409711808,0.025759484810303795
0.5737485250294995,0.5383892322153557
0.043099138017239656,0.053278934421311576
0.4806703865922682,0.4284114317713646
0.504089918201636,0.4122317553648927
0.14669706605867883,0.16089678206435873
0.9315613687726246,0.9270814583708327
0.5181496370072599,0.5410491790164197
0.022019559608807825,0.007999840003199936
0.06985860282794344,0.07707845843083139
0.8604627907441852,0.885742285154297
0.42975140497190056,0.6474070518589629
0.3683726325473491,0.25107497850043
0.08237835243295134,0.04413911721765565
0.7715645687086259,0.6747265054698907
0.23225535489290214,0.2110557788844223
0.9916401671966562,0.9919401611967761
0.9739405211895762,0.9644807103857923
0.43639127217455653,0.5374092518149637
0.45893082138357233,0.4411511769764605
0.6566868662626748,0.5236695266094679
0.44257114857702845,0.34303313933721324
0.16865662686746266,0.3342333153336933
0.30713385732285353,0.31815363692726145
0.04441911161776765,0.043299134017319656
0.9533409331813364,0.9540009199816004
0.18237635247295056,0.22525549489010221
0.06405871882562349,0.06635867282654347
0.45319093618127637,0.36103277934441314
0.31317373652526953,0.49745005099898004
0.11901761964760706,0.14257714845703087
0.17233655326893463,0.13683726325473491
0.9342013159736806,0.9327813443731126
0.5561688766224676,0.44857102857942843
0.5886082278354433,0.43679126417471653
0.6181476370472591,0.5702285954280915
0.8087238255234895,0.7834043319133618
0.9099018019639608,0.9349613007739845
0.6795264094718105,0.75332493350133
0.8101237975240495,0.8132837343253135
0.0625187496250075,0.06985860282794344
0.9289814203715926,0.9033019339613209
0.2263954720905582,0.33251334973300534
0.30795384092318157,0.3061738765224696
0.49385012299754005,0.5408091838163237
0.9460610787784245,0.9541209175816484
0.20833583328333435,0.09125817483650327
0.74922501549969,0.8137437251254975
0.016199676006479872,0.0760384792304154
0.6769664606707866,0.5924081518369633
0.26811463770724586,0.25365492690146196
0.13435731285374292,0.2270754584908302
0.8803223935521289,0.8214635707285854
0.012679746405071898,0.014959700805983881
0.9437211255774884,0.9258814823703526
0.25767484650306993,0.2637347253054939
0.7976640467190657,0.7810243795124098
0.10267794644107119,0.07023859522809545
0.9731405371892562,0.9750204995900082
0.6587868242635148,0.7938241235175296
0.8543829123417532,0.8459630807383852
0.8874022519549609,0.8900421991560169
0.9249415011699766,0.8335033299334014
0.4885102297954041,0.4720305593888122
0.8541029179416412,0.8883222335553289
0.8328633427331453,0.8237635247295054
0.887822243555129,0.8242435151296974
0.8909621807563849,0.6553068938621228
0.13367732645347094,0.14801703965920682
0.7731645367092659,0.8501029979400412
0.10991780164396713,0.08665826683466331
0.23451530969380613,0.2650746985060299
0.37137257254854905,0.377052458950821
0.3122937541249175,0.381872362552749
0.48363032739345213,0.4749305013899722
0.43359132817343654,0.40969180616387674
0.6160476790464191,0.8077438451230976
0.6643267134657307,0.7872442551148977
0.6906261874762505,0.7059658806823864
0.9635007299854004,0.3520329593408132
0.9319013619727605,0.9363212735745285
0.6607067858642828,0.8094638107237856
0.5664286714265715,0.4021519569608608
0.7130257394852103,0.7103057938841223
0.9957000859982801,0.7268054638907222
0.38249235015299693,0.40801183976320476
0.4003519929601408,0.4219515609687806
0.8622627547449051,0.626247475050499
0.08673826523469531,0.08533829323413532
0.9495410091798164,0.9594608107837843
0.3007339853202936,0.1750764984700306
0.40477190456190876,0.28299434011319774
0.4662106757864843,0.502809943801124
0.08387832243355132,0.0990980180396392
0.7438651226975461,0.758364832703346
0.5614487710245796,0.6356272874542509
0.34489310213795726,0.3389332213355733
0.7718445631087378,0.7680846383072338
0.3043539129217416,0.20689586208275834
0.5191096178076439,0.4534709305813884
0.9626207475850483,0.9650406991860163
0.8063438731225375,0.6704865902681947
0.7668046639067219,0.8407831843363133
0.07859842803143938,0.08617827643447132
0.4036719265614688,0.5760084798304034
0.29059418811623766,0.17957640847183057
0.8556828863422732,0.8624227515449692
0.19305613887722245,0.1632367352652947
0.7415851682966341,0.8020639587208256
0.01757964840703186,0.009599808003839923
0.44415111697766047,0.5450290994180117
0.30825383492330155,0.3900921981560369
0.26245475090498194,0.7105657886842264
0.29703405931881366,0.4021119577608448
0.7872842543149138,0.7773444531109378
0.13997720045599088,0.15807683846323073
0.4098918021639567,0.4617307653846923
0.7216455670886582,0.5858082838343234
0.6471270574588508,0.7192256154876903
0.876762464750705,0.881022379552409
0.6564068718625627,0.6620667586648267
0.6557268854622907,0.7257454850902982
0.2914141717165657,0.32037359252814945
0.248795024099518,0.18111637767244657
0.5340093198136038,0.5198496030079398
0.6904461910761786,0.618267634647307
0.8670426591468171,0.8493830123397532
0.9460410791784165,0.9497810043799124
0.9858002839943202,0.9870802583948322
0.08567828643427132,0.08459830803383933
0.8233235335293294,0.7919841603167936
0.9998200035999281,0.9998000039999201
0.756804863902722,0.7920041599168017
0.7682446351072979,0.7984840303193936
0.3317333653326934,0.6514469710605788
0.7717245655086898,0.7208855822883543
0.15955680886382273,0.024499510009799805
0.06443871122577549,0.10577788444231116
0.7752644947101058,0.8044039119217616
0.5436291274174516,0.5231295374092518
0.16659666806663867,0.15975680486390273
0.20469590608187838,0.23049539009219816
0.5523489530209396,0.6179876402471951
0.5359092818143637,0.8222235555288895
0.8595628087438252,0.9697806043879122
0.634547309053819,0.7419051618967621
0.3101137977240455,0.3240535189296214
0.4093118137637247,0.40597188056238875
0.33185336293274137,0.3523729525409492
0.39323213535729284,0.30905381892362155
0.6442271154576908,0.6588668226635468
0.5771684566308674,0.5517089658206836
0.2156956860862783,0.1482570348593028
0.5810483790324193,0.6236075278494431
0.868262634747305,0.8705025899482011
0.504529909401812,0.6068878622427551
0.5988280234395312,0.7567048659026819
0.8391432171356573,0.7692046159076819
0.7152456950860983,0.6959860802783945
0.22951540969180617,0.20765584688306235
0.43491130177396453,0.6904661906761865
0.3612127757444851,0.5692686146277075
0.886462270754585,0.9061018779624408
0.4423711525769485,0.39463210735785287
0.5255294894102118,0.5474090518189636
0.12191756164876703,0.12711745765084698
0.7247855042899142,0.6819663606727866
0.3635527289454211,0.3378332433351333
0.6411271774564509,0.626747465050699
0.10649787004259915,0.2386752264954701
0.047319053618927624,0.08605827883442331
0.6124877502449951,0.628527429451411
0.7720245595088099,0.6574868502629948
0.5558488830223396,0.511609767804644
0.5494090118197636,0.637947241055179
0.3319533609327814,0.44257114857702845
0.9790604187916242,0.9885002299954001
0.5955280894382112,0.6206075878482431
0.4548309033819324,0.01625967480650387
0.8892222155556889,0.884982300353993
0.6162476750464991,0.6860262794744105
0.19197616047679048,0.2271554568908622
0.06829863402731945,0.1138377232455351
0.7609447811043779,0.8376432471350573
0.19495610087798246,0.2751144977100458
0.9249815003699926,0.9416811663766725
0.13937721245575088,0.14393712125757485
0.7410251794964101,0.6805263894722106
0.13691726165476692,0.24673506529869405
0.07361852762944741,0.0754184916301674
0.4637507249855003,0.3394932101357973
0.33563328733425335,0.3477330453390932
0.4657506849863003,0.48285034299314017
0.9463410731785364,0.9381812363752725
0.875462490750185,0.9094218115637688
0.3874322513549729,0.37195256094878104
0.9025419491610168,0.9112617747645048
0.4128717425651487,0.5573488530229396
0.3146737065258695,0.3609527809443811
0.7056058878822424,0.743505129897402
0.627627447451051,0.6606267874642507
0.25461490770184597,0.31271374572508553
0.3140137197256055,0.30699386012279756
0.7201855962880742,0.6996060078798424
0.40573188536229277,0.4275914481710366
0.39523209535809284,0.43329133417331656
0.7437451250974981,0.8055638887222256
0.874662506749865,0.8988020239595208
0.04525909481810364,0.08849823003539929
0.7123657526849463,0.7344653106937862
0.0874582508349833,0.43215135697286056
0.48641027179456414,0.4431111377772445
0.5454690906181876,0.5912681746365073
0.9500409991800164,0.9505209895802085
0.30619387612247756,0.2604347913041739
0.6262274754504911,0.6625067498650027
0.7957440851182976,0.7994040119197616
0.3132337353252935,0.255514889702206
0.8625027499450011,0.8417031659366813
0.5920081598368033,0.4902901941961161
0.9720805583888322,0.9588808223835523
0.8983820323593529,0.8461630767384652
0.08349833003339933,0.08615827683446331
0.5120097598048039,0.4785104297914042
0.3850722985540289,0.49419011619767605
0.8121037579248416,0.8828423431531369
0.3009939801203976,0.4137117257654847
0.6590268194636107,0.44781104377912445
0.745805083898322,0.7286054278914422
0.5672286554268915,0.5228095438091238
0.7400451990960181,0.7112457750844984
0.5105497890042199,0.629307413851723
0.14605707885842284,0.10877782444351114
0.32437351252974944,0.22259554808903823
0.24561508769824605,0.4002719945601088
0.44319113617727646,0.49555008899822006
0.28059438811223775,0.2381152376952461
0.0748985020299594,0.08445831083378333
0.6362872742545149,0.622067558648827
0.06691866162676746,0.0756184876302474
0.379312413751725,0.4910901781964361
0.7286854262914741,0.6772464550708986
0.21751564968700626,0.17069658606827864
0.124537509249815,0.13009739805203896
0.5880482390352193,0.6886662266754665
0.33411331773364533,0.28117437651246974
0.4302313953720926,0.49435011299774007
0.28465430691386173,0.30821383572328553
0.23385532289354213,0.3539729205415892
0.0763584728305434,0.08067838643227136
0.01377972440551189,0.020939581208375833
0.5850082998340034,0.5227095458090838
0.1854162916741665,0.16843663126737465
0.0624987500249995,0.07155856882862344
0.9898402031959361,0.9908601827963441
0.3618127637447251,0.3888922221555569
0.16905661886762266,0.19615607687846243
0.04313913721725566,0.03961920761584768
0.9770204595908082,0.9795404091918162
0.9850602987940241,0.9763204735905282
0.1629967400651987,0.28577428451430975
0.99380012399752,0.995160096798064
0.04273914521709566,0.059598808023839524
0.5549289014219716,0.5598288034239315
0.5220895582088358,0.5432691346173076
0.18543629127417452,0.2570548589028219
0.7392652146957062,0.7244855102897942
0.8739225215495691,0.889182216355673
0.9880802383952322,0.9880002399952001
0.45371092578148436,0.45935081298374036
0.43517129657406856,0.20321593568128637
0.6785464290714186,0.5517689646207076
0.9840003199936002,0.9831003379932401
0.9662806743865123,0.9639407211855763
0.25901481970360596,0.25503489930201395
0.745545089098218,0.7913241735165297
0.17315653686926263,0.1501169976600468
0.6009479810403792,0.618167636647267
0.1010579788404232,0.1395372092558149
0.751584968300634,0.8190036199276015
0.3426531469370613,0.34719305613887724
0.879302413951721,0.8335433291334173
0.37761244775104497,0.24779504409911804
0.4889702205955881,0.4861102777944441
0.6624467510649787,0.5878882422351553
0.874642507149857,0.8440831183376333
0.2889942201155977,0.3190936181276375
0.7972040559188817,0.7821643567128658
0.506669866602668,0.5265494690106198
0.9276214475710486,0.9162416751664967
0.11527769444611108,0.18193636127277454
0.2844343113137737,0.34649307013859726
0.1128977420451591,0.1619167616647667
0.4720305593888122,0.4671306573868523
0.505529889402212,0.47927041459170816
0.15301693966120677,0.1520769584608308
0.27199456010879786,0.23335533289334215
0.4403511929761405,0.5105297894042119
0.8708025839483211,0.8729825403491931
0.8058838823223535,0.6007079858402832
0.04431911361772765,0.12813743725125498
0.1129777404451911,0.2627347453050939
0.9471210575788485,0.9032819343613128
0.06677866442671147,0.10539789204215916
0.24997500049999,0.24457510849783004
0.25439491210175796,0.49575008499830003
0.02407951840963181,0.024239515209695806
0.1892562148757025,0.21007579848403032
0.024619507609847803,0.034319313613727725
0.10193796124077519,0.049559008819823606
0.5970680586388273,0.6063678726425472
0.50664986700266,0.7378252434951301
0.24233515329693406,0.25667486650266996
0.3551728965420692,0.2642147157056859
0.42059158816823666,0.4486510269794604
0.7959040819183617,0.7386852262954741
0.44027119457610847,0.49757004859902804
0.03913921721565569,0.0376992460150797
0.20501589968200637,0.14795704085918282
0.9018019639607208,0.8167236655266895
0.7618247635047299,0.8242635147297054
0.03455930881382373,0.04253914921701566
0.500509989800204,0.5362692746145077
0.6561468770624588,0.8678826423471531
0.8561028779424412,0.8312633747325053
0.5277294454110918,0.5279094418111638
0.13089738205235896,0.13053738925221495
0.8347033059338813,0.8508429831403372
0.0055998880022399555,0.011559768804623907
0.45781084378312437,0.6133477330453391
0.9391412171756566,0.9295814083718326
0.06451870962580748,0.2381552368952621
0.2886742265154697,0.2770344593108138
0.15309693806123878,0.22879542409151818
0.2797544049119018,0.2886942261154777
0.06087878242435152,0.04759904801903962
0.05989880202395952,0.0876582468350633
0.35955280894382113,0.3514529709405812
0.9206015879682407,0.9145617087658248
0.4530509389812204,0.5507289854202916
0.19351612967740645,0.10667786644267115
0.29579408411831765,0.3492730145397092
0.7299854002919942,0.6755264894702107
0.1501969960600788,0.062238755224895505
0.9236215275694486,0.9073618527629448
0.9742605147897042,0.9778804423911522
0.30705385892282155,0.25247495050099
0.41911161776764466,0.4030319393612128
0.020959580808383834,0.024679506409871804
0.6137277254454911,0.46121077578448433
0.17975640487190256,0.16753664926701467
0.6780064398712026,0.751284974300514
0.46859062818743624,0.4434511309773805
0.5676086478270435,0.5579288414231716
0.21969560608787825,0.2384152316953661
0.23629527409451812,0.17479650406991862
0.8502829943401132,0.760564788704226
0.8100437991240176,0.8251034979300415
0.3085738285234295,0.24735505289894202
0.11719765604687907,0.19297614047719047
0.4622107557848843,0.3091338173236535
0.15721685566288673,0.14209715805683887
0.5152896942061159,0.4686506269874603
0.06349873002539949,0.47065058698826023
0.30679386412271753,0.48019039619207615
0.38253234935301295,0.4625507489850203
0.21785564288714226,0.09561808763824724
0.6925661486770265,0.7109057818843624
0.8269434611307774,0.8093238135237295
0.34689306213875726,0.42339153216935665
0.9839803203935922,0.3422531549369013
0.6041279174416512,0.6710665786684267
0.4125517489650207,0.372892542149157
0.17179656406871863,0.11073778524429512
0.18473630527389454,0.23099538009239817
0.4011119777604448,0.3092538149237015
0.7962440751184977,0.8304833903321934
0.9030419391612168,0.878922421551569
0.5928681426371473,0.5105097898042039
0.40597188056238875,0.5096298074038519
0.44537109257814844,0.514229715405692
0.379972400551989,0.3059938801223976
0.39859202815943684,0.4366312673746525
0.9788804223915522,0.9795004099918002
0.8167636647267055,0.6647867042659147
0.3359132817343653,0.381412371752565
0.7957840843183137,0.8525229495410092
0.29563408731825364,0.27715445691086177
0.24937501249975003,0.21827563448731027
0.7027059458810824,0.7317853642927141
0.35767284654306913,0.29565408691826167
0.12383752324953501,0.0886782264354713
0.6608267834643308,0.6579268414631707
0.48703025939481215,0.40305193896122077
0.31517369652606947,0.3595128097438051
0.4283714325713486,0.43283134337313256
0.2636947261054779,0.26867462650746987
0.1379372412551749,0.15587688246235076
0.7906841863162737,0.7384452310953781
0.24311513769724608,0.39651206975860487
0.5411091778164437,0.49765004699906
0.380832383352333,0.18033639327213458
0.4728905421891562,0.4122117557648847
0.48063038739225217,0.49855002899942
0.3896922061558769,0.33667326653466934
0.4538909221815564,0.30717385652286955
0.6770264594708106,0.6666266674666507
0.6055278894422111,0.6506869862602748
0.07179856402871942,0.14641707165856682
0.7283054338913222,0.7087458250834984
0.29355412891742166,0.3850122997540049
0.1656366872662547,0.18219635607287854
0.3178936421271575,0.28243435131297373
0.626907461850763,0.7088458230835384
0.4623307533849323,0.2895142097158057
0.251594968100638,0.374032519349613
0.2756144877102458,0.24851502969940603
0.29435411291774166,0.3244135117297654
0.8316633667326654,0.8993620127597448
0.5220095598088038,0.5304093918121637
0.9683606327873443,0.9702005959880803
0.5374292514149717,0.49543009139817207
0.14649707005859883,0.14895702085958282
0.3388532229355413,0.4891902161956761
0.1878962420751585,0.11861762764744706
0.031679366412671744,0.03023939521209576
0.6396872062558749,0.6486670266594668
0.7857442851142977,0.8449031019379613
0.8161836763264735,0.7738845223095538
0.27509449811003783,0.10173796524069519
0.5831683366332674,0.5529889402211956
0.7657446851062979,0.7432251354972901
0.09627807443851123,0.11051778964420712
0.6102877942441152,0.5796484070318594
0.4159516809663807,0.5101697966040679
0.7955640887182257,0.8743625127497451
0.46045079098418035,0.378312433751325
0.4771504569908602,0.5568088638227235
0.2644347113057739,0.20787584248315033
0.7811043779124418,0.8509029819403612
0.6457870842583149,0.5666886662266755
0.47909041819163617,0.6703265934681306
0.30595388092238157,0.3403531929361413
0.7695446091078179,0.8096838063238736
0.43747125057498853,0.4285914281714366
0.9472010559788805,0.7191656166876663
0.6956860862782744,0.6836863262734746
0.08195836083278335,0.029379412411751765
0.637847243055139,0.5881482370352593
0.5372292554148917,0.5336093278134437
0.29463410731785367,0.5395292094158117
0.07355852882942342,0.0747585048299034
0.881482370352593,0.75082498350033
0.5816483670326593,0.624467510649787
0.8360232795344094,0.8455630887382253
0.49437011259774805,0.4799304013919722
0.9902401951960961,0.9862402751944962
0.29739405211895764,0.6461070778584429
0.9170616587668247,0.9247615047699046
0.8549429011419772,0.8202435951280974
0.23751524969500612,0.23997520049599008
0.5510089798204036,0.8554228915421692
0.3007539849203016,0.32959340813183735
0.3164736705265895,0.17759644807103858
0.16041679166416672,0.3015139697206056
0.35039299214015723,0.3626927461450771
0.8301833963320734,0.5494690106197876
0.5878482430351393,0.4792304153916922
0.9196216075678487,0.9311213775724486
0.6716265674686507,0.7142257154856904
0.9498010039799204,0.9528809423811524
0.883042339153217,0.876282474350513
0.7313053738925221,0.7295654086918262
0.5969480610387793,0.6005879882402352
0.5732885342293155,0.5915481690366193
0.8591028179436412,0.9321013579728405
0.18527629447411054,0.20781584368312633
0.39355212895742087,0.28607427851442974
0.7972440551188976,0.7660646787064259
0.6645467090658187,0.6608067838643228
0.8378032439351213,0.9366012679746405
0.3304133917321654,0.2740545189096218
0.05745885082298354,0.06719865602687947
0.015439691206175877,0.011079778404431912
0.7024859502809944,0.7844443111137778
0.3907121857562849,0.43303133937321253
0.4373312533749325,0.43165136697266054
0.7899842003159937,0.7295254094918102
0.9907601847963041,0.25681486370272594
0.5769284614307714,0.6719065618687626
0.056078878422431554,0.05395892082158357
0.7141457170856583,0.8190436191276175
0.9677806443871123,0.9704005919881603
0.4748505029899402,0.47039059218815626
0.5823483530329394,0.5150296994060118
0.32085358292834143,0.2683746325073499
0.09271814563708726,0.09353812923741525
0.31667366652666945,0.3386532269354613
0.13397732045359093,0.10957780844383112
0.3616727665446691,0.29155416891662167
0.8948821023579528,0.8949021019579608
0.22871542569148617,0.14983700325993482
0.7220455590888183,0.6684466310673787
0.9371612567748645,0.9358412831743366
0.17147657046859063,0.16499670006599867
0.871202575948481,0.7243255134897302
0.75292494150117,0.8537429251414972
0.47939041219175615,0.3114137717245655
0.2869542609147817,0.8923221535569289
0.36749265014699706,0.374332513349733
0.4800503989920202,0.497770044599108
0.9880002399952001,0.9906401871962561
0.06943861122777545,0.10261794764104719
0.19383612327753447,0.24921501569968602
0.07747845043099139,0.13249735005299895
0.9542209155816884,0.9463210735785285
0.9193016139677207,0.9136017279654407
0.5046899062018759,0.6045279094418112
0.9136017279654407,0.9187216255674887
0.10599788004239916,0.06895862082758344
0.8631627367452651,0.7758644827103458
0.9328813423731526,0.9325213495730086
0.42695146097078057,0.6080078398432032
0.13333733325333494,0.4919501609967801
0.871682566348673,0.880642387152257
0.2263154736905262,0.22143557128857425
0.14477710445791084,0.13229735405291895
0.015779684406311875,0.014859702805943882
0.9676406471870563,0.9648407031859363
0.19829603407931842,0.04051918961620768
0.5909481810363792,0.7115657686846263
0.7298254034919301,0.8068038639227215
0.22111557768844625,0.11535769284614308
0.6819463610727786,0.7733045339093219
0.16639667206655867,0.18293634127317454
0.24473510529789405,0.21227575448491032
0.5358092838143237,0.5492090158196836
0.09851802963940721,0.09775804483910322
0.0634787304253915,0.2117757644847103
0.5890682186356273,0.6177876442471151
0.19215615687686247,0.5350092998140037
0.497590048199036,0.39927201455970884
0.3233335333293334,0.7416851662966741
0.7062258754824904,0.7030059398812024
0.14129717405651887,0.14285714285714285
0.4873102537949241,0.5923481530369393
0.10151796964060719,0.028599428011439772
0.2757144857102858,0.46651066978660427
0.748305033899322,0.7974040519189617
0.6602867942641147,0.6076078478430431
0.42157156856862865,0.49841003179936405
0.04091918161636767,0.03877922441551169
0.07567848643027139,0.06689866202675947
0.9176216475670487,0.8888622227555449
0.9009419811603768,0.9114217715645687
0.27709445811083777,0.39875202495950085
0.8440031199376012,0.627067458650827
0.33391332173356536,0.30779384412311755
0.7856842863142738,0.8669226615467691
0.374552508949821,0.35873282534349316
0.0878982420351593,0.18273634527309454
0.6157476850462991,0.5599288014239715
0.5933481330373392,0.6011679766404672
0.8429231415371693,0.7344053118937621
0.4005719885602288,0.13543729125417492
0.8438831223375532,0.872042559148817
0.503029939401212,0.6414071718565629
0.8137237255254895,0.6973660526789465
0.9073418531629368,0.7945241095178097
0.7671846563068739,0.5499290014199716
0.10507789844203116,0.12091758164836704
0.28029439411211776,0.3682126357472851
0.41089178216435673,0.7597848043039139
0.5635087298254036,0.4449911001779965
0.250614987700246,0.2892542149157017
0.028159436811263774,0.015899682006359873
0.9361412771744565,0.9021819563608728
0.0501989960200796,0.06571868562628748
0.376452470950581,0.44581108377832446
0.019019619607607847,0.07779844403111938
0.3915321693566129,0.624027519449611
0.13143737125257496,0.14517709645807084
0.45675086498270034,0.5730285394292114
0.5326093478130438,0.508029839403212
0.6804863902721946,0.6504869902601949
0.4383912321753565,0.4620107597848043
0.4911901761964761,0.5123297534049319
0.5851282974340514,0.508369832603348
0.6561068778624428,0.6410071798564029
0.26817463650726986,0.27167456650866983
0.7457450850982981,0.7270054598908022
0.2374752504949901,0.5469490610187796
0.9141017179656408,0.8928221435571289
0.01753964920701586,0.01613967720645587
0.9385212295754085,0.9425811483770324
0.874782504349913,0.8736825263494731
0.3484930301393972,0.2373552528949421
0.8475430491390172,0.881562368752625
0.24741505169896602,0.5974080518389633
0.9697406051878963,0.9712805743885122
0.07249855002899942,0.14585708285834284
0.1997360052798944,0.16533669326613468
0.9310213795724086,0.9147217055658887
0.8429831403371932,0.7429851402971941
0.5265294694106119,0.4830703385932282
0.3886522269554609,0.5393892122157558
0.6147077058458831,0.6401671966560669
0.75412491750165,0.6083478330433392
0.50154996900062,0.5527689446211076
0.3404131917361653,0.3527529449411012
0.07795844083118338,0.05875882482350353
0.7712445751084979,0.8287634247315054
0.7178656426871463,0.7330653386932262
0.17133657326853463,0.2007559848803024
0.502069958600828,0.4756704865902682
0.16019679606407872,0.19109617807643847
0.5488290234195317,0.49369012619747604
0.8673026539469211,0.8460830783384332
0.8476230475390493,0.8141037179256415
0.5075298494030119,0.3139937201255975
0.17039659206815863,0.22033559328813423
0.42167156656866867,0.39237215255694885
0.1481370372592548,0.17863642727145457
0.025779484410311793,0.0060998780024399514
0.7017059658806825,0.8103237935241295
0.7828043439131218,0.7140257194856103
0.750884982300354,0.5921281574368513
0.5777484450310993,0.7074458510829784
0.5881282374352513,0.5118897622047559
0.31933361332773347,0.19249615007699847
0.7844843103137937,0.7924441511169776
0.9388812223755525,0.9709405811883762
0.500489990200196,0.4882902341953161
0.1759164816703666,0.1506769864602708
0.4157316853662927,0.7153056938861223
0.37457250854982904,0.4011319773604528
0.7830843383132338,0.8320233595328094
0.7704645907081858,0.75622487550249
0.5106097878042439,0.4664906701865963
0.7172056558868822,0.757884842303154
0.7868242635147298,0.8240035199296014
0.378092438151237,0.061138777224455515
0.761444771104578,0.7637847243055139
0.3387332253354933,0.2270954580908382
0.3424731505369893,0.4374912501749965
0.07063858722825543,0.06509869802603949
0.5884082318353633,0.4493510129797404
0.7776844463110738,0.7802443951120978
0.5289494210115798,0.5382092358152837
0.3983320333593328,0.45707085858282837
0.7081658366832664,0.7268654626907463
0.9552608947821044,0.9532409351812964
0.9283214335713286,0.9086618267634647
0.12805743885122298,0.17067658646827064
0.618867622647547,0.37899242015159695
0.19763604727905443,0.28131437371252577
0.759184816303674,0.44655106897862046
0.16881662366752664,0.3010539789204216
0.6781864362712746,0.40647187056258877
0.43603127937441255,0.33713325733485333
0.3000539989200216,0.25907481850362996
0.874282514349713,0.8421831563368732
0.9058018839623208,0.9061418771624568
0.75712485750285,0.7348453030939381
0.2648947021059579,0.3109737805243895
0.5467690646187077,0.3124137517249655
0.44673106537869245,0.5260894782104358
0.0002399952000959981,0.0002399952000959981
0.6485470290594189,0.2802143957120858
0.6090278194436112,0.5814083718325633
0.2115157696846063,0.2596948061038779
0.7223855522889543,0.7187256254874903
0.3879122417551649,0.19173616527669446
0.6302273954520909,0.7986240275194496
0.49397012059758805,0.5867082658346833
0.6475270494590109,0.5412491750164997
0.40757184856302875,0.41007179856402876
0.9065018699626007,0.9114417711645767
0.0064998700025999485,0.005159896802063959
0.4626707465850683,0.2036559268814624
0.48453030939381214,0.5272294554108918
0.9769604607907842,0.9736805263894722
0.022299554008919822,0.021039579208415832
0.22865542689146218,0.32261354772904544
0.07037859242815143,0.4501709965800684
0.5941081178376433,0.625287494250115
0.760664786704266,0.6696066078678427
0.7052858942821144,0.7090458190836183
0.49259014819703606,0.49447011059778806
0.5352092958140837,0.4457910841783165
0.8676626467470651,0.8285834283314334
0.8325833483330334,0.8494630107397853
0.6940261194776105,0.4644907101857963
0.6881862362752745,0.8959220815583688
0.34577308453830924,0.33317333653326936
0.20563588728225435,0.04907901841963161
0.1136777264454711,0.14723705525889483
0.5873282534349313,0.28225435491290174
0.7889242215155697,0.8493430131397373
0.622747545049099,0.5673486530269395
0.1532569348613028,0.3675726485470291
0.5527289454210916,0.5160096798064039
0.011879762404751906,0.009679806403871923
0.9029419411611768,0.9178216435671287
0.02165956680866383,0.1137777244455111
0.5465690686186276,0.1366972660546789
0.016819663606727864,0.02407951840963181
0.3453930921381573,0.32059358812823746
0.4530109397812044,0.48075038499230016
0.8709225815483691,0.8950420991580169
0.9211215775684487,0.879562408751825
0.19437611247775044,0.14005719885602289
0.02655946881062379,0.028699426011479772
0.37287254254914903,0.7173456530869383
0.4124117517649647,0.40881182376352476
0.10439791204175917,0.12121757564848704
0.5657086858262835,0.5999480010399793
0.28179436411271774,0.10301793964120717
0.8027839443211136,0.7734845303093938
0.2617947641047179,0.33437331253374936
0.10285794284114318,0.0884382312353753
0.29911401771964563,0.2762144757104858
0.37205255894882105,0.29339413211735765
0.7811643767124657,0.9257614847703046
0.5923881522369553,0.631407371852563
0.3299534009319814,0.2787944241115178
0.498110037799244,0.4032519349613008
0.6334473310533789,0.8256634867302655
0.27035459290814184,0.6046679066418672
0.23533529329413413,0.3240735185296294
0.4943301133977321,0.4650706985860283
0.4392912141757165,0.45727085458290834
0.4017719645607088,0.4269914601707966
0.127277454450911,0.12981740365192695
0.034539309213815726,0.03399932001359973
0.875122497550049,0.9147417051658967
0.47115057698846025,0.1383172336553269
0.504489910201796,0.4066918661626768
0.6306873862522749,0.6633267334653307
0.39373212535749286,0.3919921601567969
0.25199496010079797,0.1647767044659107
0.14171716565668688,0.27025459490810183
0.35817283654326915,0.7412651746965061
0.6927061458770825,0.6505469890602188
0.26143477130457393,0.5418891622167556
0.06121877562448751,0.03839923201535969
0.5392492150156997,0.5684286314273714
0.5727285454290915,0.49869002619947606
0.4481910361792764,0.4028719425611488
0.18041639167216655,0.14815703685926282
0.04291914161716766,0.05291894162116758
0.34749305013899723,0.999040019199616
0.2981740365192696,0.256194876102478
0.7834443311133777,0.7668046639067219
0.9110417791644168,0.9443811123777525
0.04285914281714366,0.028019439611207776
0.6494670106597868,0.7192056158876823
0.7767044659106818,0.7476650466990661
0.29755404891902165,0.28669426611467774
0.029699406011879762,0.03385932281354373
0.9384012319753605,0.878102437951241
0.3954720905581888,0.38481230375392494
0.08447831043379132,0.07823843523129538
0.43479130417391654,0.49503009939801207
0.41055178896422073,0.22327553448931023
0.05873882522349553,0.10525789484210316
0.0249595008099838,0.020459590808183836
0.4389912201755965,0.4907701845963081
0.19195616087678247,0.20189596208075838
0.996440071198576,0.9961800763984721
0.26555468890622186,0.28555428891422174
0.5854082918341633,0.5408891822163557
0.1858762824743505,0.18287634247315054
0.42173156536869266,0.5598688026239476
0.4513309733805324,0.5145097098058039
0.26571468570628587,0.3106937861242775
0.7242855142897142,0.7051058978820424
0.7969640607187857,0.7843043139137218
0.21049579008419833,0.24635507289854203
0.2249755004899902,0.053458930821383574
0.3656526869462611,0.4579108417831644
0.2282954340913182,0.2010959780804384
0.5948281034379312,0.5426491470170597
0.9242415151696967,0.9430811383772325
0.48355032899342015,0.8481030379392412
0.7362652746945061,0.6702265954680907
0.5629887402251955,0.51194976100478
0.08415831683366333,0.09767804643907123
0.3894522109557809,0.1757964840703186
0.8547829043419132,0.8244035119297615
0.8093438131237376,0.9094418111637768
0.8495430091398173,0.8593428131437372
0.8191436171276575,0.4550508989820204
0.884942301153977,0.8513429731405372
0.9631607367852644,0.9753204935901282
0.3087338253234935,0.08819823603527929
0.08545829083418333,0.14857702845943083
0.500429991400172,0.18043639127217456
0.5494690106197876,0.5426091478170437
0.6901461970760585,0.7635847283054339
0.7152056958860823,0.2878142437151257
0.7023659526809464,0.6969060618787625
0.9362612747745045,0.6207675846483071
0.2773944521109578,0.12341753164936702
0.9623207535849283,0.9749405011899762
0.25047499050019,0.23175536489270215
0.34337313253734925,0.3162736745265095
0.9797004059918802,0.9790004199916003
0.7960040799184016,0.5385692286154277
0.20975580488390233,0.3361132777344453
0.4394912101757965,0.5309093818123638
0.750584988300234,0.6994460110797784
0.4348113037739245,0.512869742605148
0.5445291094178116,0.6948861022779544
0.5652486950260995,0.5623087538249235
0.3652126957460851,0.21831563368732626
0.17361652766944663,0.18347633047339054
0.877642447151057,0.9038019239615208
0.9123017539649207,0.9421411571768565
0.8805423891522169,0.8131037379252415
0.9068018639627208,0.9022419551608968
0.8921621567568649,0.9148417031659367
0.22915541689166216,0.25841483170336593
0.3930721385572289,0.377812443751125
0.03253934921301574,0.028559428811423773
0.7363852722945541,0.45903081938361234
0.11113777724445512,0.0994980100397992
0.059738805223895526,0.06935861282774344
0.2826143477130457,0.2764744705105898
0.7853042939141217,0.7700845983080339
0.501669966600668,0.506829863402732
0.6954060918781625,0.7178656426871463
0.8149637007259856,0.9152816943661127
0.885962280754385,0.7754844903101938
0.12201755964880703,0.1397572048559029
0.4164516709665807,0.3028939421211576
0.7214655706885863,0.3100537989240215
0.740065198696026,0.6973860522789544
0.5888282234355313,0.5347893042139158
0.35843283134337317,0.32923341533169337
0.9046019079618408,0.8323833523329534
0.6016279674406512,0.5953680926381473
0.5876882462350753,0.5706085878282434
0.7151656966860663,0.7374852502949941
0.7622247555048899,0.7796844063118737
0.9914401711965761,0.7236455270894583
0.4657906841863163,0.4563108737825244
0.1497970040599188,0.12329753404931902
0.08553828923421532,0.07735845283094338
0.32139357212855746,0.6842663146737066
0.9415011699766005,0.9547409051818964
0.4395712085758285,0.5810483790324193
0.6460470790584188,0.6593868122637547
0.6430471390572189,0.6542469150616987
0.8407631847363053,0.7207655846883062
0.06509869802603949,0.02893942121157577
0.5280494390112198,0.46183076338473233
0.28349433011339775,0.2671346573068539
0.7662646747065059,0.7396252074958501
0.10121797564048719,0.21113577728445432
0.2005159896802064,0.17097658046839065
0.7677246455070899,0.7094258114837704
0.1763364732705346,0.247995040099198
0.1889162216755665,0.3122737545249095
0.30945381092378155,0.14909701805963882
0.19185616287674248,0.2155756884862303
0.7305653886922262,0.744405111897762
0.39529209415811684,0.371232575348493
0.2149557008859823,0.28277434451310973
0.30019399612007763,0.4583708325833484
0.8607227855442892,0.8523429531409372
0.9298214035719286,0.9411411771764565
0.377452450950981,0.42193156136877263
0.31129377412451753,0.45851082978340435
0.5265094698106038,0.8139237215255695
0.1850162996740065,0.1758964820703586
0.9067818643627128,0.9082818343633128
0.7082858342833144,0.8487830243395132
0.506369872602548,0.38527229455410894
0.22269554608907824,0.2013159736805264
0.6799664006719865,0.7364452710945781
0.24135517289654207,0.23509529809403812
0.3263334733305334,0.29503409931801367
0.8258434831303374,0.7713845723085538
0.8311433771324573,0.878122437551249
0.8991620167596648,0.8892022159556809
0.22299554008919822,0.1497170056598868
0.9919201615967681,0.9726405471890562
0.9761604767904642,0.9800603987920242
0.5465090698186037,0.8960020799584009
0.4140917181656367,0.5667086658266834
0.4367712645747085,0.4518709625807484
0.8238635227295454,0.8171036579268415
0.5140897182056359,0.4678106437871243
0.7825443491130177,0.7482450350992981
0.8135237295254095,0.8282034359312814
0.8152236955260895,0.8036839263214736
0.4871902561948761,0.1373972520549589
0.023459530809383813,0.01869962600747985
0.05911881762364753,0.06779864402711946
0.751384972300554,0.7377252454950901
0.3846723065538689,0.3898922021559569
0.9844603107937842,0.9241015179696407
0.5562688746225075,0.47319053618927626
0.019479610407791843,0.038759224815503694
0.76112477750445,0.8279834403311934
0.6025679486410273,0.6875462490750185
0.7802843943121138,0.7949441011179776
0.36961260774784505,0.35239295214095717
0.11127777444451112,0.09729805403891922
0.9714405711885763,0.9737605247895043
0.29515409691806166,0.30385392292154156
0.21241575168496632,0.24395512089758206
0.3567728645427092,0.33289334213315736
0.6737265254694906,0.6743865122697547
0.6733465330693387,0.7754444911101778
0.39145217095658086,0.3832923341533169
0.497810043799124,0.7175256494870103
0.6765064698706026,0.3146337073258535
0.6612067758644827,0.6536869262614748
0.4112517749645007,0.4894102117957641
0.11617767644647108,0.13777724445511091
0.8885222295554089,0.8990420191596168
0.20783584328313434,0.1518369632607348
0.30277394452110956,0.3238335233295334
0.7156456870862583,0.6727265454690906
0.29619407611847764,0.33103337933241334
0.5515489690206196,0.5999280014399713
0.5212695746085079,0.4816903661926762
0.4194316113677727,0.49683006339873204
0.4110317793644127,0.6519869602607948
0.36303273934521313,0.19765604687906244
0.7890642187156257,0.7702445951080978
0.15839683206335875,0.11637767244655108
0.26937461250774986,0.19943601127977442
0.14359712805743885,0.01621967560648787
0.0633787324253515,0.13265734685306294
0.9753204935901282,0.9731405371892562
0.22387552248955023,0.12845743085138298
0.24029519409611808,0.3368132637347253
0.029379412411751765,0.06033879322413552
0.37429251414971704,0.2906941861162777
0.5935881282374352,0.4902301953960921
0.12899742005159898,0.33101337973240536
0.7978240435191296,0.9580008399832004
0.638407231855363,0.6854462910741785
0.7897642047159057,0.8035639287214256
0.5617487650246995,0.5653486930261395
0.7683646327073459,0.6731465370692586
0.7640247195056099,0.7385452290954181
0.8036439271214576,0.8927021459570809
0.16949661006779865,0.16519669606607867
0.3241335173296534,0.34491310173796524
0.9564008719825604,0.9509009819803604
0.627947441051179,0.762384752304954
0.19803603927921443,0.23317533649327013
0.754944901101978,0.8565828683426332
0.6787264254714906,0.7102057958840824
0.1774764504709906,0.24575508489830206
0.8098038039239216,0.8665426691466172
0.35675286494270114,0.25445491090178196
0.6052478950420992,0.8718425631487371
0.21459570808583828,0.20873582528349433
0.13405731885362293,0.2137557248855023
0.6856662866742665,0.7158256834863302
0.26687466250674985,0.39323213535729284
0.012759744805103898,0.03559928801423971
0.2018359632807344,0.34633307333853325
0.24499510009799805,0.3050738985220296
0.7945841083178337,0.7725845483090339
0.6136477270454591,0.47111057778844423
0.375612487750245,0.3643927121457571
0.3408131837363253,0.5534089318213636
0.17911641767164657,0.19747605047899042
0.6377672446551069,0.6671066578668426
0.4933701325973481,0.058618827623447535
0.7723645527089459,0.871002579948401
0.382612347753045,0.33271334573308536
0.02257954840903182,0.03247935041299174
0.9424411511769765,0.8944621107577849
0.8664426711465771,0.762844743105138
0.4017119657606848,0.47035059298814025
0.6542069158616828,0.9286414271714566
0.629707405851883,0.8619827603447932
0.23327533449331014,0.22853542929141418
0.1381772364552709,0.26847463050738984
0.33095338093238136,0.4376912461750765
0.2766344673106538,0.24555508889822206
0.09705805883882322,0.10137797244055119
0.10453790924181516,0.33211335773284534
0.7641247175056499,0.6754264914701706
0.9811603767924642,0.9861802763944721
0.4811303773924522,0.6122077558448831
0.9603807923841523,0.9616207675846483
0.4271514569708606,0.40661186776264474
0.9199216015679686,0.9232015359692807
0.9933201335973281,0.9873602527949441
0.7618647627047459,0.6725265494690107
0.6005079898402033,0.49351012979740405
0.1487970240595188,0.11789764204715907
0.1769564608707826,0.15029699406011882
0.7750844983100338,0.7864842703145938
0.15289694206115878,0.2685546289074219
0.3603727925441491,0.3483130337393252
0.34297314053718925,0.38325233495330097
0.8435031299374013,0.9458810823783524
0.2684946301073979,0.15521689566208677
0.7714845703085939,0.755044899102018
0.5717885642287155,0.45821083578328436
0.10331793364132717,0.09643807123857523
0.021799564008719827,0.03267934641307174
0.1623167536649267,0.19359612807743845
0.9374612507749845,0.5087098258034839
0.22903541929161417,0.25575488490230197
0.3268934621307574,0.7012059758804824
0.8384832303353933,0.8396432071358573
0.5778484430311394,0.633147337053259
0.05783884322313554,0.05847883042339153
0.126497470050599,0.11799764004719906
0.03565928681426372,0.026579468410631787
0.45433091338173237,0.4849503009939801
0.09893802123957521,0.14225715485690288
0.49489010219795604,0.14427711445771085
0.3394932101357973,0.1510169796604068
0.9770804583908322,0.9616407671846563
0.6067678646427072,0.6036879262414752
0.19385612287754245,0.09005819883602328
0.43459130817383657,0.45621087578248437
0.7084858302833944,0.6040879182416352
0.0751984960300794,0.10503789924201516
0.6081278374432512,0.8688026239475211
0.7687246255074899,0.6030079398412032
0.8806623867522649,0.75382492350153
0.21133577328453432,0.14363712725745487
0.7390252194956101,0.6834863302733946
0.7063658726825464,0.6838863222735545
0.4873702525949481,0.752984940301194
0.2900941981160377,0.1612367752644947
0.6041079178416432,0.6452670946581068
0.2366152676946461,0.3387332253354933
0.7662246755064899,0.8596228075438491
0.24171516569668608,0.10375792484150317
0.4618107637847243,0.5359092818143637
0.8458230835383292,0.8587228255434891
0.7621047579048419,0.7837443251134978
0.29447411051778966,0.49053018939621207
0.3876922461550769,0.33455330893382135
0.42133157336853266,0.42867142657146856
0.32039359212815743,0.2899942001159977
0.9789004219915602,0.9788004239915202
0.7455850882982341,0.75362492750145
0.8286434271314574,0.8569028619427612
0.6509669806603868,0.5487690246195076
0.9946801063978721,0.9953600927981441
0.19695606087878242,0.2886342273154537
0.6191276174476511,0.7614247715045699
0.9478210435791284,0.9451410971780565
0.620887582248355,0.7194056118877623
0.7209255814883703,0.7041859162816744
0.5397492050158997,0.20911581768364634
0.7850242995140098,0.7943041139177217
0.3113137737245255,0.39635207295854086
0.47395052098958024,0.5157696846063079
0.376132477350453,0.3685526289474211
0.625407491850163,0.31969360612787745
0.4015319693606128,0.36919261614767707
0.5515289694206116,0.7056058878822424
0.6709065818683626,0.5962080758384832
0.12309753804923902,0.1528569428611428
0.1896162076758465,0.14289714205715887
0.75192496150077,0.07915841683166337
0.6464870702585949,0.7067858642827144
0.9592008159836803,0.9610207795844083
0.42323153536929264,0.629067418651627
0.062018759624807504,0.11109777804443911
0.5057098858022839,0.6086278274434511
0.24463510729785407,0.3253734925301494
0.33015339693206136,0.7471050578988421
0.9190616187676247,0.9227015459690806
0.39705205895882084,0.47629047419051623
0.08859822803543929,0.09647807043859123
0.7795444091118178,0.763744725105498
0.01657966840663187,0.03003939921201576
0.5402291954160917,0.17913641727165458
0.8138637227255455,0.7629047419051619
0.4521709565808684,0.28297434051318976
0.9838603227935442,0.9843203135937282
0.3014539709205816,0.19937601247975043
0.6449471010579788,0.7153856922861543
0.5883882322353553,0.43299134017319657
0.8297434051318974,0.8315233695326094
0.10641787164256715,0.09457810843783125
0.9365012699746006,0.9250014999700006
0.630907381852363,0.627427451450971
0.1387372252554949,0.18251634967300653
0.4519909601807964,0.6136077278454432
0.14681706365872682,0.7083658326833464
0.1653166936661267,0.18145637087258257
0.053678926421471575,0.06561868762624748
0.9222015559688806,0.9345613087738246
0.8373632527349454,0.8583828323433531
0.2854142917141657,0.6789664206715866
0.3020539589208216,0.2762744745105098
0.5705085898282034,0.39471210575788485
0.3143337133257335,0.27097458050838985
0.5722885542289154,0.5442491150176997
0.41175176496470073,0.35961280774384513
0.43189136217275653,0.4618507629847403
0.23393532129357414,0.17935641287174256
0.25657486850262995,0.49597008059838804
0.6822863542729146,0.8372032559348813
0.07809843803123938,0.06553868922621547
0.754864902701946,0.6806863862722746
0.47059058818823624,0.5640887182256356
0.5686086278274435,0.5495490090198196
0.3998720025599488,0.34823303533929323
0.16843663126737465,0.21181576368472632
0.8586628267434652,0.876782464350713
0.8400431991360173,0.6072678546429071
0.19361612767744646,0.17901641967160659
0.3045139097218056,0.1778764424711506
0.7593248135037299,0.7122057558848823
0.7690046199076018,0.6677866442671146
0.8399232015359693,0.6988460230795385
0.2404751904961901,0.23333533329333414
0.9842603147937041,0.9856402871942561
0.03183936321273575,0.052058958820823585
0.13175736485270295,0.13217735645287096
0.8970020599588009,0.9096618067638648
0.14055718885622287,0.33373332533349337
0.8112837743245135,0.8416431671366573
0.5676686466270675,0.7188456230875383
0.4419111617767645,0.636487270254595
0.5896082078358433,0.8549229015419691
0.5865282694346113,0.7040259194816104
0.3272534549309014,0.2925541489170217
0.3883522329553409,0.5499490010199796
0.6548069038619228,0.5372292554148917
0.43419131617367657,0.5169096618067639
0.9295614087718246,0.878842423151537
0.7266854662906742,0.758704825903482
0.6199476010479791,0.6938461230775385
0.8399832003359933,0.9690606187876243
0.5588488230235396,0.756784864302714
0.9358412831743366,0.9473410531789365
0.24901501969960602,0.2954740905181896
0.5586688266234675,0.34473310533789325
0.10899782004359913,0.3220535589288214
0.3111937761244775,0.30409391812163755
0.8029039419211617,0.8065238695226096
0.11833763324733505,0.12481750364992701
0.5345493090138197,0.6624267514649708
0.2996940061198776,0.27327453450930983
0.042099158016839666,0.02731945361092778
0.18351632967340653,0.19241615167696646
0.07907841843163137,0.08211835763284735
0.27205455890882185,0.29689406211875763
0.9721605567888643,0.9779204415911682
0.10917781644367112,0.1388172236555269
0.8996820063598728,0.8831823363532729
0.04705905881882363,0.06379872402551949
0.11155776884462311,0.124097518049639
0.8019639607207856,0.8221635567288654
0.15803683926321474,0.11935761284774304
0.43397132057358856,0.4737905241895162
0.6025479490410192,0.5807683846323074
0.6453870922581548,0.7231455370892582
0.16665666686666267,0.28761424771504573
0.5539689206215875,0.3373932521349573
0.9320013599728005,0.9613807723845523
0.4055918881622368,0.3119937601247975
0.35811283774324515,0.46949061018779625
0.5221695566088679,0.43021139577208456
0.020279594408111837,0.5154496910061799
0.6352472950540989,0.625227495450091
0.9159216815663687,0.7007459850802984
0.036239275214495714,0.09865802683946322
0.4182316353672927,0.38595228095438094
0.8978020439591209,0.8944021119577609
0.8159636807263855,0.8468830623387532
0.5474490510189797,0.45331093378132437
0.12037759244815104,0.08915821683566329
0.6539669206615868,0.639327213455731
0.4003319933601328,0.4508309833803324
0.8032039359212816,0.8003839923201537
0.6021479570408592,0.48059038819223615
0.15897682046359074,0.07911841763164737
0.10501789964200717,0.08905821883562329
0.18639627207455853,0.2411951760964781
0.6583668326633467,0.6312673746525069
0.7126857462850743,0.6139877202455951
0.75862482750345,0.7665046699066019
0.7978840423191537,0.9146617067658647
0.4875902481950361,0.49495010099798004
0.8502429951400973,0.8557228855422891
0.41865162696746067,0.44445111097778045
0.508189836203276,0.8514229715405692
0.9116417671646567,0.9224215515689687
0.5905281894362113,0.7596848063038739
0.15687686246275076,0.33089338213235736
0.22771544569108618,0.35761284774304514
0.3109737805243895,0.40655186896262074
0.6814263714725706,0.6940261194776105
0.6761264774704506,0.5491490170196597
0.6707265854682907,0.5979280414391712
0.8421231575368493,0.8485830283394332
0.49831003379932404,0.6194876102477951
0.06789864202715946,0.08021839563208737
0.2391352172956541,0.2132357352852943
0.025319493610127797,0.024479510409791804
0.8062638747225056,0.8310633787324254
0.40895182096358074,0.5368292634147317
0.506829863402732,0.6929061418771625
0.6042479150416992,0.26709465810683786
0.09713805723885523,0.09825803483930322
0.7254854902901943,0.8488030239395212
0.9062818743625127,0.9477010459790804
0.40949181016379677,0.27143457130857385
0.7760444791104179,0.6927261454770904
0.06937861242775145,0.46061078778424436
0.7969440611187777,0.8085038299234015
0.16897662046759065,0.25137497250055
0.51044979100418,0.5530889382212356
0.04595908081838363,0.0870782584348313
0.5542089158216836,0.5706285874282515
0.4222315553688926,0.5678286434271315
0.7217855642887142,0.6680066398672027
0.3158736825263495,0.29369412611747764
0.2721945561088778,0.3638127237455251
0.621167576648467,0.6098878022439551
0.756204875902482,0.7152656946861063
0.14503709925801483,0.37147257054858906
0.873502529949401,0.8301633967320654
0.8473430531389372,0.633167336653267
0.2898342033159337,0.49529009419811604
0.9966000679986401,0.99630007399852
0.9580208395832084,0.9514009719805604
0.7405851882962341,0.6926461470770585
0.6355872882542349,0.5507889842203156
0.885202295954081,0.8852222955540889
0.5875282494350114,0.49923001539969203
0.09193816123677527,0.054358912821743564
0.9750804983900322,0.9609607807843843
0.3885722285554289,0.374652506949861
0.08623827523449532,0.14791704165916683
0.9912401751964961,0.9925001499970001
0.5531089378212436,0.6173876522469551
0.009599808003839923,0.019079618407631848
0.9576208475830483,0.9542609147817044
0.9795204095918082,0.9773804523909522
0.33347333053338934,0.30551388972220556
0.45731085378292435,0.4155316893662127
0.626927461450771,0.6113077738445232
0.880522389552209,0.874322513549729
0.6566668666626667,0.621707565848683
0.8256434871302574,0.8072638547229055
0.6676266474670507,0.6592268154636908
0.7096458070838584,0.6190476190476191
0.0506989860202796,0.03969920601587969
0.3521529569408612,0.3375932481350373
0.9852802943941121,0.9895002099958001
0.22737545249095018,0.13099738005239894
0.13117737645247096,0.2607147857042859
0.7152856942861143,0.6526869462610748
0.5896882062358753,0.6712865742685147
0.5499090018199636,0.4899702005959881
0.7635647287054259,0.8580428391432172
0.5926281474370513,0.5893082138357233
0.6760864782704347,0.4851302973940521
0.12433751324973501,0.11041779164416712
0.9506409871802565,0.9642807143857123
0.25595488090238194,0.25531489370212596
0.31885362292754144,0.32033359332813344
0.6724865502689946,0.5575088498230035
0.5475290494190116,0.5135297294054119
0.027179456410871782,0.026759464810703786
0.05857882842343153,0.05137897242055159
0.24271514569708608,0.2113157736845263
0.5501089978200436,0.04803903921921562
0.8364032719345613,0.8596428071438571
0.12017759644807104,0.125977480450391
0.5803683926321473,0.498790024199516
0.6144677106457871,0.5146697066058679
0.27783444331113377,0.3477930441391172
0.7856442871142577,0.8046439071218576
0.1497770044599108,0.15919681606367872
0.7886842263154737,0.7316653666926661
0.9539609207815845,0.880762384752305
0.377752444951101,0.4466510669786604
0.8150636987260255,0.7401251974960501
0.034419311613767725,0.030639387212255755
0.7025459490810184,0.75222495550089
0.870302593948121,0.8612227755444891
0.12117757644847103,0.15203695926081479
0.0999980000399992,0.12477750444991101
0.5661086778264435,0.5361692766144678
0.75482490350193,0.7201055978880423
0.8376832463350733,0.7706245875082499
0.7235655286894263,0.5638087238255235
0.8303833923321534,0.6724265514689707
0.6129877402451951,0.2592348153036939
0.4560308793824124,0.43045139097218055
0.889642207155857,0.7924841503169937
0.9884602307953841,0.9889402211955761
0.1134177316453671,0.2879742405151897
0.41831163376732466,0.39579208415831685
0.4384112317753645,0.501729965400692
0.3403131937361253,0.3411131777364453
0.6027879442411151,0.6946261074778505
0.3373732525349493,0.3016539669206616
0.28143437131257376,0.22945541089178217
0.01855962880742385,0.019239615207695848
0.9637407251854964,0.7768844623107538
0.4734505309893802,0.37543249135017304
0.20743585128297434,0.1861562768744625
0.7846443071138578,0.8452430951380973
0.2017159656806864,0.2776944461110778
0.48543029139417215,0.5598088038239235
0.3020739585208296,0.3258534829303414
0.9797804043919122,0.9794804103917922
0.874462510749785,0.8058638827223455
0.006219875602487951,0.3005739885202296
0.7949841003179937,0.48237035259294814
0.5441491170176597,0.6074078518429632
0.9423411531769365,0.8083838323233535
0.3874122517549649,0.35661286774264517
0.8415631687366253,0.9082218355632887
0.6891062178756425,0.7713045739085218
0.2650546989060219,0.32489350212995743
0.6664066718665627,0.5600887982240356
0.8461430771384573,0.8438631227375453
0.6142077158456831,0.3241135177296454
0.4069118617627648,0.40791184176316475
0.2251154976900462,0.1748765024699506
0.8013639727205456,0.8880822383552329
0.7171656566868663,0.6573068538629228
0.7320453590928182,0.32987340253194936
0.4927901441971161,0.5163496730065399
0.9948601027979441,0.9964800703985921
0.35959280814383715,0.24803503929921403
0.9917001659966801,0.9848403031939361
0.9301413971720566,0.9196816063678727
0.0023399532009359815,0.0015999680006399872
0.07109857802843943,0.06045879082418352
0.253634927301454,0.26965460690786186
0.881902361952761,0.7916041679166417
0.9745805083898322,0.9842803143937121
0.1611167776644467,0.15593688126237476
0.9016219675606488,0.9281614367712646
0.5202695946081078,0.507009859802804
0.9810603787924241,0.9645207095858083
0.11239775204495911,0.3023939521209576
0.28331433371332576,0.26939461210775784
0.869042619147617,0.8293434131317374
0.6378272434551309,0.6457270854582908
0.06851862962740746,0.048839023219535614
0.16991660166796665,0.11061778764424712
0.6148877022459551,0.7830443391132178
0.8675226495470091,0.7055058898822024
0.13119737605247894,0.15749685006299874
0.11139777204455911,0.15339693206135877
0.5976080478390432,0.3859322813543729
0.6006279874402513,0.5589088218235635
0.5922681546369073,0.6406271874562509
0.4174316513669727,0.3834123317533649
0.8157436851262975,0.8935421291574169
0.38373232535349294,0.39973200535989284
0.31111377772444554,0.28171436571268577
0.33045339093218135,0.2368752624947501
0.0631587368252635,0.009079818403631928
0.09649807003859923,0.27389452210955784
0.24023519529609408,0.374852502949941
0.36017279654406914,0.4758504829903402
0.9084218315633688,0.9226215475690487
0.5920281594368113,0.6591468170636587
0.1607767844643107,0.16641667166656668
0.9281814363712726,0.8717625647487051
0.49669006619867606,0.5250694986100278
0.4024719505609888,0.5949281014379713
0.9801803963920722,0.9837603247935042
0.5037499250015,0.5262494750104998
0.8500229995400093,0.7302253954920902
0.1515369692606148,0.04235915281694366
0.30791384172316555,0.2676946461070779
0.7136257274854503,0.1494770104597908
0.6105077898442032,0.7094458110837784
0.8371032579348413,0.7830243395132097
0.9777604447911042,0.9760204795904083
0.017919641607167858,0.018259634807303856
0.016599668006639867,0.020799584008319834
0.22045559088818226,0.36947261054778907
0.9928601427971441,0.9968600627987441
0.10097798044039119,0.2290154196916062
0.012939741205175897,0.013319733605327894
0.2868542629147417,0.4057118857622848
0.45703085938281235,0.4070318593628128
0.7346253074938501,0.7679646407071858
0.39831203375932484,0.3251534969300614
0.8679826403471931,0.8695826083478331
0.31833363332733344,0.23671526569468612
0.4810703785924282,0.13387732245355094
0.2892542149157017,0.31643367132657346
0.5348093038139238,0.45883082338353237
0.1882362352752945,0.19051618967620648
0.4528709425811484,0.49767004659906805
0.6433071338573229,0.6806263874722506
0.7031459370812584,0.6688266234675306
0.9690006199876002,0.9726205475890483
0.6623867522649547,0.7276054478910422
0.33667326653466934,0.30815383692326154
0.3214935701285974,0.878362432751345
0.49315013699726007,0.5109697806043879
0.0764584708305834,0.1507369852602948
0.7887242255154897,0.7812043759124818
0.3914921701565969,0.3135137297254055
0.6456870862582749,0.7026859462810744
0.9221415571688567,0.9330013399732006
0.6786064278714425,0.7216055678886423
0.882662346753065,0.8959020819583609
0.31077378452430954,0.09225815483690326
0.6786264274714506,0.7708845823083539
0.7860842783144337,0.17979640407191858
0.5099498010039799,0.507489850202996
0.48281034379312415,0.3636127277454451
0.8837423251534969,0.9186216275674487
0.2276154476910462,0.24897502049959003
0.4914901701965961,0.43473130537389254
0.751844963100738,0.7941841163176737
0.7383852322953541,0.5885882282354353
0.9016819663606728,0.8322233555328894
0.2004559908801824,0.22899542009159818
0.499830003399932,0.19801603967920642
0.9323613527729445,0.9274014519709606
0.6527269454610908,0.6038479230415392
0.43335133297334055,0.15683686326273474
0.992540149197016,0.9897402051958961
0.5728485430291395,0.5732285354292914
0.4428111437771245,0.43735125297494054
0.6204275914481711,0.5793684126317474
0.10953780924381512,0.15115697686046278
0.6087078258434832,0.5889282214355713
0.7285654286914262,0.7953240935181297
0.30447391052178957,0.29351412971740565
0.256254874902502,0.3271534569308614
0.3410531789364213,0.22091558168836625
0.9878802423951522,0.7796044079118418
0.27057458850822985,0.27055458890822187
0.42147157056858864,0.5489090218195636
0.04937901241975161,0.040459190816183675
0.877602447951041,0.8219635607287854
0.14177716445671087,0.1877962440751185
0.7435451290974181,0.6895062098758025
0.7321453570928582,0.5754084918301634
0.9711005779884403,0.9774204515909682
0.7137257254854903,0.5680286394272115
0.9672206555868883,0.9782404351912962
0.5983080338393232,0.6767264654706906
0.26813463730725384,0.14103717925641487
0.9579008419831604,0.9667006659866803
0.9340013199736006,0.9017219655606888
0.9258414831703367,0.9080418391632168
0.0048399032019359614,0.00503989920201596
0.7117057658846824,0.7106457870842583
0.12077758444831103,0.15475690486190277
0.27013459730805384,0.2878942421151577
0.6106077878442432,0.6906861862762745
0.755764884702306,0.756384872302554
0.7404451910961781,0.6974460510789784
0.22041559168816624,0.24679506409871804
0.05735885282294354,0.16595668086638268
0.34359312813743725,0.6079278414431711
0.8139637207255855,0.8216435671286575
0.33457330853382933,0.5424091518169637
0.2867742645147097,0.3861522769544609
0.7395052098958022,0.7097458050838984
0.7660046799064019,0.8048839023219536
0.6111877762444752,0.5886682266354674
0.5840283194336113,0.41883162336753266
0.9555208895822084,0.9627607447851043
0.39693206135877285,0.4423711525769485
0.9152016959660807,0.9306613867722646
0.09579808403831924,0.06065878682426352
0.6777864442711146,0.6518269634607308
0.5183296334073318,0.633007339853203
0.05395892082158357,0.3400131997360053
0.6091078178436431,0.6539669206615868
0.1623967520649587,0.22665546689066218
0.373992520149597,0.5399692006159877
0.1651166976660467,0.11379772404551909
0.5543689126217476,0.5420691586168277
0.6627667446651068,0.5537489250214996
0.5947081058378832,0.6208475830483391
0.12323753524929502,0.14527709445811085
0.6619267614647707,0.6094078118437631
0.3497730045399092,0.37847243055138896
0.880242395152097,0.8399032019359614
0.30641387172256557,0.2886742265154697
0.24157516849663008,0.9715005699886002
0.748665026699466,0.7370052598948021
0.23475530489390212,0.22209555808883824
0.36773264534709305,0.24131517369652608
0.8883022339553209,0.8847823043539129
0.1776964460710786,0.4062918741625168
0.6776664466710666,0.3288134237315254
0.6497270054598908,0.6717665646687067
0.763864722705546,0.7035459290814184
0.34199316013679726,0.3532129357412852
0.8871822563548729,0.8135837283254336
0.4613307733845323,0.503969920601588
0.03387932241355173,0.029799404011919762
0.5310493790124198,0.6106077878442432
0.9398012039759205,0.9422611547769045
0.875482490350193,0.879422411551769
0.022239555208895822,0.025599488010239795
0.5625687486250275,0.7228855422891542
0.26953460930781387,0.3525329493410132
0.5309293814123718,0.4901501969960601
0.0124797504049919,0.013539729205415893
0.24369512609747807,0.627027459450811
0.5589288214235716,0.5517889642207155
0.4335513289734205,0.36229275414491713
0.27183456330873385,0.2674146517069659
0.25697486050278995,0.2868342633147337
0.10445791084178317,0.15247695046099077
0.743145137097258,0.7798044039119217
0.5463290734185317,0.5686886262274755
0.3867322653546929,0.3068538629227416
0.3065138697226056,0.22223555528889424
0.08913821723565529,0.08903821923561529
0.8113037739245216,0.8267634647307054
0.17249655006899864,0.4646507069858603
0.05895882082358353,0.05189896202075959
0.003279934401311974,0.003499930001399972
0.6469870602587948,0.29557408851822964
0.7193856122877542,0.6427271454570909
0.6547469050618988,0.6914061718765625
0.5632087358252835,0.616567668646627
0.9358812823743525,0.9584208315833683
0.6667066658666827,0.6909461810763785
0.8668626627467451,0.7851042979140418
0.009759804803903923,0.009699806003879922
0.6616667666646667,0.39657206855862887
0.9528809423811524,0.9386612267754645
0.05517889642207156,0.04805903881922362
0.9823403531929362,0.9816403671926561
0.6391672166556669,0.5961480770384593
0.04563908721825564,0.051858962820743586
0.42969140617187657,0.4089118217635647
0.9215615687686246,0.9237815243695127
0.4116117677646447,0.3924921501569969
0.8198236035279295,0.8109237815243695
0.6644667106657867,0.5364492710145797
0.5291694166116678,0.5505889882202356
0.5698486030279395,0.7046259074818504
0.8469230615387693,0.8102237955240895
0.6586068278634427,0.7322053558928822
0.872922541549169,0.8170236595268094
0.6604667906641868,0.7034259314813704
0.875542489150217,0.7967240655186897
0.026619467610647787,0.01895962080758385
0.9988000239995201,0.999420011599768
0.7140057198856024,0.7380252394952102
0.38493230135397294,0.40789184216315677
0.1636967260654787,0.21793564128717427
0.6153876922461551,0.75372492550149
0.04383912321753565,0.047139057218855626
0.3377132457350853,0.5897482050358993
0.5769684606307874,0.4531109377812444
0.8117437651246975,0.7272254554908902
0.9405011899762005,0.9547009059818804
0.5263294734105318,0.38365232695346096
0.5698886022279555,0.4497910041799164
0.7652646947061059,0.747605047899042
0.43203135937281256,0.2666146677066459
0.2998940021199576,0.49517009659806804
0.9543009139817203,0.9625407491850163
0.10897782044359113,0.09095818083638328
0.05957880842383152,0.13711725765484692
0.8145237095258095,0.8144837103257935
0.6536469270614588,0.5723085538289234
0.08139837203255935,0.1013579728405432
0.4678106437871243,0.7296654066918662
0.8219435611287774,0.7626247475050499
0.9444611107777845,0.9493210135797284
0.2009159816803664,0.19385612287754245
0.7765444691106178,0.6708465830683387
0.8512029759404812,0.8669026619467611
0.12391752164956701,0.11395772084558309
0.9590208195836084,0.9434411311773765
0.2003959920801584,0.3454530909381813
0.6557068858622828,0.8021239575208496
0.14603707925841483,0.12941741165176696
0.7893642127157457,0.7915441691166177
0.6727265454690906,0.8351632967340653
0.5737285254294914,0.6597268054638907
0.6697066058678827,0.6011479770404592
0.27053458930821384,0.42385152296954065
0.033019339613207736,0.029479410411791765
0.878062438751225,0.7698246035079299
0.07227855442891143,0.18173636527269454
0.9095818083638327,0.8996220075598488
0.3098738025239495,0.20643587128257435
0.38123237535249294,0.5154696906061879
0.6975460490790184,0.7808243835123297
0.7229655406891863,0.7389652206955861
0.6453270934581309,0.74382512349753
0.7941441171176576,0.6336673266534669
0.10647787044259115,0.11439771204575909
0.14697706045879083,0.24877502449951003
0.74712505749885,0.7340653186936261
0.22785544289114218,0.29617407651846966
0.9309013819723606,0.8936621267574649
0.19735605287894242,0.25709485810283794
0.38281234375312495,0.47423051538969224
0.07799844003119938,0.04495910081798364
0.7831043379132417,0.7922241555168897
0.07359852802943942,0.14923701525969482
0.10543789124217516,0.12847743045139098
0.37235255294894104,0.4297914041719166
0.9911801763964722,0.9925801483970321
0.9115217695646087,0.879522409551809
0.5268894622107558,0.5645487090258196
0.20553588928221436,0.2272154556908862
0.46915061698766025,0.48573028539429214
0.4255114897702046,0.31859362812743747
0.881842363152737,0.8675026499470011
0.17459650806983862,0.1639767204655907
0.8263034739305214,0.9465010699786005
0.06705865882682346,0.14121717565648687
0.29659406811863764,0.40987180256394873
0.9150416991660167,0.9370412591748165
0.23189536209275816,0.04737905241895162
0.09465810683786324,0.2280954380912382
0.4320113597728046,0.4010119797604048
0.873822523549529,0.8673826523469531
0.22143557128857425,0.25799484010319795
0.0996980060398792,0.10627787444251115
0.7649247015059699,0.8545829083418331
0.10869782604347913,0.1123777524449511
0.6674866502669947,0.6665666686666267
0.6088278234435311,0.6506069878602428
0.47543049139017224,0.5488290234195317
0.9266214675706487,0.9033619327613448
0.503069938601228,0.5267094658106838
0.9833403331933361,0.3910921781564369
0.2248355032899342,0.34441311173776523
0.004259914801703966,0.0024799504009919804
0.3246335073298534,0.27149457010859784
0.7119457610847784,0.5161896762064759
0.4875702485950281,0.5415891682166357
0.6052678946421072,0.7703845923081538
0.0757384852302954,0.18471630567388653
0.14559708805823884,0.5729885402291954
0.9893402131957362,0.9903001939961201
0.10583788324233516,0.10593788124237516
0.3841523169536609,0.49511009779804405
0.06571868562628748,0.06613867722645547
0.15393692126157477,0.14255714885702286
0.7747245055098898,0.7313853722925542
0.20649587008259834,0.14655706885862282
0.20983580328393434,0.21119577608447831
0.9185616287674246,0.9724405511889762
0.8460030799384013,0.5893282134357313
0.5497690046199076,0.7347853042939142
0.8453830923381532,0.6462670746585069
0.6000679986400272,0.6457670846583069
0.36115277694446113,0.3655726885462291
0.5321893562128758,0.4875102497950041
0.7346053078938422,0.6741865162696746
0.872942541149177,0.883202335953281
0.5199896002079959,0.5824083518329634
0.9620607587848243,0.9701005979880403
0.7598048039039219,0.630887382252355
0.25587488250234997,0.23195536089278215
0.6060478790424192,0.6751464970700586
0.15999680006399872,0.15705685886282275
0.7806443871122578,0.8043439131217376
0.1620567588648227,0.18367632647347054
0.8093238135237295,0.8920821583568329
0.4539109217815644,0.4765504689906202
0.6741465170696587,0.7662046759064819
0.9813003739925202,0.5962280754384912
0.9194016119677607,0.9280214395712086
0.33293334133317337,0.2924541509169817
0.7099658006839863,0.6981660366792665
0.23589528209435812,0.14319713605727885
0.21891562168756626,0.2371952560948781
0.32207355852882946,0.3158936821263575
0.876562468750625,0.5928281434371313
0.9817803643927122,0.9842603147937041
0.9392812143757125,0.9307013859722806
0.018199636007279855,0.021579568408631827
0.11443771124577509,0.15479690406191876
0.12447751044979101,0.09217815643687127
0.7290854182916342,0.6070678586428272
0.7029659406811865,0.6324273514529709
0.3064538709225816,0.29517409651806964
0.4142517149657007,0.5093698126037479
0.24727505449891002,0.19569608607827843
0.5772084558308834,0.4132717345653087
0.7020859582808344,0.2764344713105738
0.2988940221195576,0.30447391052178957
0.8047239055218895,0.44771104577908444
0.1387972240555189,0.09099818003639927
0.8686826263474731,0.8511629767404653
0.10763784724305514,0.2765744685106298
0.3908321833563329,0.44651106977860444
0.15681686366272676,0.12431751364972701
0.8361632767344653,0.5972080558388833
0.9813203735925282,0.9830803383932322
0.7852642947141057,0.753444931101378
0.6325073498530029,0.5744885102297954
0.4279514409711806,0.3495730085398292
0.5210095798084039,0.37361252774944503
0.874862502749945,0.76052478950421
0.7170256594868103,0.7640247195056099
0.8152436951260975,0.7378052438951221
0.9810203795924082,0.9821003579928401
0.46999060018799627,0.5541289174216516
0.09681806363872723,0.1641967160656787
0.002299954000919982,0.003139937201255975
0.2783944321113578,0.23397532049359013
0.7986840263194737,0.8201835963280735
0.38549229015419695,0.29247415051698966
0.11183776324473511,0.17013659726805463
0.4892102157956841,0.761904761904762
0.02251954960900782,0.016719665606687868
0.5508089838203236,0.5753084938301234
0.029779404411911764,0.05401891962160757
0.5762084758304834,0.5323693526129477
0.08261834763304735,0.17893642127157458
0.5167096658066839,0.5627887442251155
0.7662846743065139,0.7972440551188976
0.7797244055118898,0.8286234275314494
0.08639827203455931,0.10255794884102318
0.5383492330153397,0.499030019399612
0.9192216155676887,0.8916021679566409
0.24947501049979,0.27881442371152576
0.878022439551209,0.9267214655706886
0.44341113177736446,0.9047819043619127
0.1120777584448311,0.1001979960400792
0.2669946601067979,0.15533689326213476
0.7768844623107538,0.75492490150197
0.4789504209915802,0.7742045159096819
0.2986340273194536,0.22285554288914222
0.9891202175956482,0.9874002519949602
0.3168136637267255,0.2784544309113818
0.8183836323273534,0.8389832203355934
0.7437851242975141,0.7687046259074819
0.8351232975340493,0.8313233735325294
0.4121117577648447,0.42381152376952463
0.4131917361652767,0.39099218015639686
0.04089918201635968,0.0767584648307034
0.8985220295594089,0.8143837123257535
0.2025959480810384,0.1356172876542469
0.38303233935321296,0.3522329553408932
0.8418831623367533,0.7983640327193456
0.3241735165296694,0.3472730545389092
0.061938761224775506,0.05371892562148757
0.7339053218935622,0.5844483110337794
0.8299034019319614,0.5792284154316913
0.7427651446971061,0.7843843123137537
0.9108417831643367,0.8380032399352013
0.6492070158596829,0.6575668486630267
0.3017939641207176,0.1523369532609348
0.20721585568288636,0.25797484050319
0.9507409851802964,0.9504809903801924
0.17433651326973462,0.22913541729165418
0.27755444891102177,0.33387332253354934
0.2371552568948621,0.2374752504949901
0.6932261354772905,0.5375292494150117
0.37279254414911706,0.28423431531369375
0.017039659206815865,0.015199696006079878
0.7287654246915062,0.8132237355252895
0.629867402651947,0.6519269614607708
0.7600247995040099,0.8645427091458171
0.8647627047459051,0.5514689706205876
0.3391532169356613,0.2395952080958381
0.9737005259894802,0.9709205815883682
0.5272094558108839,0.34621307573848525
0.5229895402091959,0.4624907501849963
0.7643647127057459,0.7341053178936422
0.497130057398852,0.3148737025259495
0.5507289854202916,0.6162876742465151
0.9133017339653208,0.8287834243315134
0.10703785924281514,0.0887382252354953
0.09235815283694326,0.09359812803743925
0.8271034579308414,0.7877642447151058
0.1375972480550389,0.4616707665846683
0.5825083498330034,0.6034879302413952
0.37291254174916505,0.5223095538089239
0.43101137977240456,0.41003179936401274
0.11959760804783905,0.18499630007399853
0.8039639207215856,0.764664706705866
0.8573828523429532,0.8554628907421852
0.6469270614587709,0.5958680826383472
0.9792604147917042,0.9769804603907922
0.9326813463730725,0.9495410091798164
0.9028419431611369,0.9110417791644168
0.08959820803583929,0.07265854682906342
0.2385352292954141,0.2734545309093818
0.251754964900702,0.25769484610307797
0.0005199896002079958,0.0007199856002879943
0.9894402111957761,0.9872402551948961
0.9259614807703846,0.625047499050019
0.5127697446051079,0.5782484350312994
0.8219035619287615,0.8560628787424251
0.9237015259694806,0.8499030019399613
0.6080078398432032,0.6920861582768345
0.37293254134917303,0.36715265694686106
0.12773744525109498,0.13337733245335093
0.10685786284274315,0.0631787364252715
0.15927681446371073,0.13573728525429493
0.31087378252434955,0.0746985060298794
0.15723685526289474,0.32187356252874944
0.3287134257314854,0.43495130097398055
0.4470510589788204,0.5150696986060279
0.9484810303793925,0.8709225815483691
0.6635267294654107,0.9333413331733366
0.3500929981400372,0.3620727585448291
0.30861382772344553,0.2718145637087258
0.36509269814603706,0.4867902641947161
0.1380372392552149,0.16113677726445472
0.4369112617747645,0.3289734205315894
0.3358332833343333,0.4454510909781805
0.7166456670866583,0.7076258474830504
0.507509849803004,0.41483170336593267
0.023219535609287814,0.03119937601247975
0.09531809363812724,0.21889562208755825
0.8697826043479131,0.9215615687686246
0.017959640807183857,0.017999640007199856
0.42775144497110057,0.5733685326293474
0.4548909021819564,0.8435631287374252
0.7702045959080819,0.761464770704586
0.06521869562608748,0.05843883122337554
0.377352452950941,0.6948661026779465
0.7916041679166417,0.7405251894962102
0.32141357172856544,0.4178916421671567
0.9611407771844563,0.9526409471810564
0.8231235375292495,0.8141437171256575
0.9497210055798885,0.9303413931721366
0.45337093258134836,0.3522729545409092
0.1503169936601268,0.13105737885242297
0.2999540009199816,0.2154356912861743
0.7928841423171537,0.6940861182776344
0.7962240755184896,0.870522589548209
0.6863262734745306,0.6503869922601548
0.5839083218335633,0.5903081938361233
0.9664006719865603,0.9476810463790725
0.8623427531449371,0.8623227535449292
0.08919821603567929,0.08279834403311934
0.18897622047559048,0.19635607287854243
0.6708465830683387,0.6955860882782344
0.1013979720405592,0.126837463250735
0.8872822543549129,0.8868222635547289
0.24453510929781405,0.6529669406611868
0.1398172036559269,0.6758264834703306
0.08543829123417532,0.08291834163316734
0.40031199376012483,0.40545189096218076
0.7805043899122018,0.7991040179196416
0.9432211355772885,0.9636207275854484
0.7656046879062419,0.7663446731065379
0.6135677286454271,0.5710685786284274
0.20953580928381432,0.2639947201055979
0.8181036379272415,0.8169036619267614
0.44557108857822847,0.5229495410091798
0.7011259774804505,0.755584888302234
0.9869402611947762,0.9840203195936081
0.8584028319433612,0.7926441471170577
0.9859802803943921,0.9879402411951761
0.250154996900062,0.2882542349153017
0.5900681986360273,0.6816663666726666
0.0377192456150877,0.023319533609327814
0.5255894882102358,0.4934701305973881
0.031119377612447752,0.02737945241095178
0.26779464410711784,0.39461210775784483
0.12009759804803904,0.08139837203255935
0.14487710245795085,0.40053198936021284
0.5219895602087958,0.5497290054198917
0.6757864842703146,0.5899882002359953
0.16729665406691865,0.07789844203115938
0.4760704785904282,0.38201235975280495
0.883102337953241,0.8887622247555049
0.43325133497330054,0.3922921541569169
0.34497310053798924,0.24401511969760606
0.9100417991640167,0.9087018259634808
0.25559488810223796,0.3260534789304214
0.15875682486350273,0.49321013579728407
0.2990140197196056,0.3622727545449091
0.03287934241315174,0.030579388412231758
0.30493390132197357,0.3501329973400532
0.06951860962780744,0.06025879482410352
0.19389612207755846,0.19177616447671048
0.3008139837203256,0.32007359852802947
0.6839863202735945,0.761564768704626
0.45623087538249235,0.624347513049739
0.08099838003239936,0.08051838963220737
0.3519129617407652,0.5618287634247315
0.6816063678726426,0.7368252634947301
0.35889282214355717,0.5865082698346034
0.7026659466810664,0.628307433851323
0.7492650146997061,0.6357272854542909
0.633587328253435,0.5645687086258275
0.9722005559888802,0.9412811743765125
0.8406431871362573,0.6812063758724826
0.07683846323073538,0.08023839523209536
0.500809983800324,0.5381692366152677
0.09811803763924722,0.11199776004479911
0.6826263474730505,0.7191056178876423
0.376812463750725,0.27251454970900585
0.4274714505709886,0.46629067418651626
0.5871682566348673,0.5226295474090519
0.11005779884402313,0.1131377372452551
0.5916881662366753,0.7708445831083378
0.7575048499030019,0.7737645247095059
0.9184216315673687,0.9654006919861603
0.5477290454190916,0.3247135057298854
0.6825463490730186,0.6740265194696107
0.9751404971900562,0.9813403731925362
0.7671646567068658,0.6861062778744426
0.5365692686146277,0.5230695386092278
0.09607807843843123,0.04939901201975961
0.9723005539889202,0.9715605687886243
0.1497170056598868,0.1368772624547509
0.3159536809263815,0.3258134837303254
0.6172276554468911,0.6631867362652747
0.6761464770704586,0.42081158376832467
0.03029939401211976,0.03917921641567169
0.33199336013279734,0.3007939841203176
0.5459890802183957,0.5158896822063559
0.9310013799724006,0.9301413971720566
0.1886362272754545,0.24797504049919003
0.29571408571828567,0.34717305653886926
0.6622067558648828,0.6614867702645947
0.7368452630947381,0.8288634227315455
0.7674046519069618,0.7546449071018579
0.2663746725065499,0.4397112057758845
0.5963480730385392,0.370892582148357
0.6650066998660027,0.8047439051218976
0.4897102057958841,0.5892282154356913
0.9277214455710886,0.7812443751124978
0.4519509609807804,0.5971280574388512
0.9696406071878563,0.8108237835243295
0.637627247455051,0.7030659386812264
0.14863702725945482,0.029959400811983762
0.33471330573388536,0.3376732465350693
0.5716285674286514,0.46945061098778024
0.9521009579808404,0.877382452350953
0.378312433751325,0.3900121997560049
0.07863842723145538,0.08421831563368733
0.1504169916601668,0.15161696766064678
0.9241015179696407,0.9045219095618088
0.868582628347433,0.8474230515389692
0.27715445691086177,0.32895342093158136
0.9082018359632807,0.9063218735625288
0.7741445171096578,0.7077458450830983
0.4693506129877403,0.5379092418151638
0.6458870822583549,0.7258854822903542
0.09335813283734326,0.04899902001959961
0.758164836703266,0.6908261834763305
0.6761664766704666,0.5635887282254355
0.49407011859762806,0.38057238855222897
0.7757844843103138,0.6709665806683867
0.4696306073878523,0.4903301933961321
0.8955620887582249,0.9128217435651287
0.11025779484410313,0.14553708925821485
0.1627167456650867,0.008639827203455932
0.4562508749825004,0.501369972600548
0.7670046599068019,0.7371052578948422
0.01771964560708786,0.060618787624247515
0.8244035119297615,0.7729445411091779
0.9066818663626728,0.9341213175736486
0.15963680726385474,0.21063578728425433
0.2818143637127258,0.2751944961100778
0.04747905041899162,0.05241895162096758
0.7870442591148177,0.75512489750205
0.29235415291694167,0.25713485730285396
0.13177736445271096,0.10599788004239916
0.8440231195376092,0.8961220775584489
0.9608007839843203,0.9732405351892962
0.9711805763884722,0.9702205955880883
0.7292054158916822,0.7017059658806825
0.9234415311693767,0.9174016519669607
0.5511489770204596,0.6110877782444352
0.878382432351353,0.9454010919781605
0.44443111137777247,0.6119677606447871
0.026139477210455793,0.02791944161116778
0.4536109277814444,0.4613307733845323
0.10797784044319114,0.11661766764664708
0.9904201915961681,0.9859202815943682
0.5825683486330273,0.6353672926541469
0.6846263074738506,0.6961660766784664
0.6045679086418272,0.5584688306233876
0.6232475350492991,0.6165876682466351
0.2715745685086298,0.28491430171396576
0.05151896962060759,0.056998860022799545
0.23569528609427812,0.20599588008239836
0.08347833043339134,0.06601867962640748
0.15357692846143078,0.1886962260754785
0.038459230815383695,0.06631867362652748
0.0752184956300874,0.7290054198916022
0.11869762604747905,0.16181676366472672
0.23343533129337415,0.5666086678266435
0.1754364912701746,0.17071658566828665
0.4726705465890682,0.4519509609807804
0.7319253614927702,0.9393812123757526
0.8485830283394332,0.8448231035379292
0.46813063738725225,0.33639327213455733
0.3508929821403572,0.37137257254854905
0.21207575848483032,0.3397732045359093
0.37001259974800504,0.630507389852203
0.3445931081378373,0.49883002339953203
0.9512009759804805,0.9631007379852403
0.8508629827403452,0.8418831623367533
0.7757444851102978,0.626827463450731
0.19277614447711047,0.4255714885702286
0.506029879402412,0.509789804203916
0.13273734525309494,0.05513889722205556
0.4676306473870523,0.39721205575888485
0.8970620587588248,0.9349813003739925
0.871562568748625,0.877902441951161
0.5362492750144997,0.17819643607127858
0.22451550968980621,0.3157136857262855
0.6847263054738906,0.6990660186796265
0.9836203275934482,0.9838403231935362
0.13443731125377492,0.13089738205235896
0.9181416371672567,0.8442631147377053
0.8414031719365613,0.8260034799304015
0.20779584408311835,0.20633587328253436
0.4754104917901642,0.634207315853683
0.7701645967080659,0.8372632547349054
0.501069978600428,0.4890702185956281
0.16891662166756666,0.2385152296954061
0.8287834243315134,0.8030239395212097
0.4628907421851563,0.4890502189956201
0.3137537249255015,0.33379332413351737
0.5580288394232116,0.5602887942241155
0.49997000059998803,0.45027099458010844
0.3129137417251655,0.20791584168316635
0.40957180856382874,0.39351212975740485
0.6630867382652347,0.7294254114917702
0.8301233975320493,0.8212635747285054
0.6581468370632587,0.6398072038559229
0.8010239795204096,0.7718845623087538
0.01755964880702386,0.01657966840663187
0.029659406811863763,0.024739505209895804
0.2603147937041259,0.22253554928901423
0.8622027559448812,0.8042639147217056
0.15761684766304673,0.48205035899282017
0.6529869402611947,0.7771644567108658
0.7160056798864023,0.754084918301634
0.7773244535109298,0.632467350652987
0.639447211055779,0.5878482430351393
0.1511969760604788,0.11911761764764706
0.37071258574828503,0.3664726705465891
0.15545689086218276,0.3414531709365813
0.8224035519289614,0.7753044939101218
0.010479790404191917,0.00877982440351193
0.028239435211295776,0.05441891162176757
0.38623227535449295,0.3076538469230615
0.6597268054638907,0.6415871682566349
0.7303053938921222,0.7229255414891702
0.376872462550749,0.31933361332773347
0.248595028099438,0.21895562088758225
0.18209635807283855,0.2682746345073099
0.24889502209955802,0.12007759844803105
0.18031639367212657,0.19949601007979842
0.4537909241815164,0.5184896302073959
0.5478290434191316,0.5952280954380913
0.9734405311893762,0.9583008339833203
0.23377532449351013,0.4636707265854683
0.9157416851662967,0.7167256654866903
0.024579508409831804,0.1890962180756385
0.7237655246895063,0.6896062078758425
0.6695466090678187,0.628827423451531
0.37257254854902905,0.4663706725865483
0.637387252254955,0.5797484050318994
0.1130177396452071,0.09739805203895922
0.9556208875822484,0.9769604607907842
0.7044859102817944,0.8012839743205136
0.628087438251235,0.7164856702865943
0.4542109157816844,0.7931241375172496
0.2631147377052459,0.2823343533129338
0.8458630827383453,0.8649627007459851
0.6923461530769385,0.6460270794584109
0.3376332473350533,0.18147637047259055
0.3851922961540769,0.47057058858822826
0.626527469450611,0.8498630027399452
0.21927561448771024,0.03629927401451971
0.622847543049139,0.496730065398692
0.7298854022919542,0.7365652686946261
0.39309213815723687,0.4272514549709006
0.3903721925561489,0.42253154936901266
0.8683226335473291,0.877722445551089
0.5751084978300434,0.6148277034459311
0.5885082298354033,0.8881822363552729
0.043499130017399655,0.04363912721745565
0.1395372092558149,0.10849783004339913
0.9368412631747365,0.9284014319713606
0.5342293154136918,0.6852662946741065
0.5434091318173637,0.6599668006639867
0.9521609567808644,0.9592808143837124
0.7792244155116897,0.6625867482650347
0.4379712405751885,0.2889342213155737
0.34273314533709326,0.5673686526269475
0.2926141477170457,0.2893142137157257
0.4634507309853803,0.41683166336673266
0.4137517249655007,0.45383092338153236
0.9050818983620328,0.9265414691706166
0.9946401071978561,0.9692006159876803
0.8105037899242016,0.7843443131137378
0.34585308293834127,0.252294954100918
0.9566008679826404,0.9242615147697046
0.8389032219355613,0.8074638507229855
0.7187456250874983,0.6795064098718026
0.10841783164336713,0.2239755204895902
0.23053538929221418,0.2391952160956781
0.8599428011439771,0.9474210515789685
0.22413551728965422,0.3004339913201736
0.6640667186656267,0.7167656646867063
0.0055598888022239555,0.003119937601247975
0.19403611927761447,0.1766764664706706
0.8633227335453291,0.5611287774244516
0.7826043479130418,0.7649247015059699
0.7276854462910742,0.7062858742825143
0.4534509309813804,0.5135097298054039
0.13439731205375893,0.14221715565688686
0.8315033699326013,0.870082598348033
0.3903121937561249,0.028519429611407774
0.08399832003359933,0.08251834963300735
0.251054978900422,0.28465430691386173
0.6133877322453551,0.5208495830083398
0.7613047739045219,0.7408451830963381
0.0632387352252955,0.061018779624407514
0.7864442711145777,0.7306853862922742
0.23233535329293414,0.4538709225815484
0.05513889722205556,0.09027819443611128
0.19565608687826244,0.19749605007899843
0.6784264314713706,0.5708085838283234
0.32181356372872544,0.42061158776824464
0.9023419531609368,0.8929621407571849
0.17101657966840664,0.20255594888102238
0.04625907481850363,0.04311913761724766
0.006839863202735946,0.006559868802623948
0.6502869942601148,0.5391092178156437
0.8857022859542809,0.9189416211675767
0.6117077658446831,0.3902321953560929
0.5404091918161636,0.4359112817743645
0.09065818683626328,0.08637827243455132
0.6094678106437872,0.6768264634707306
0.7041259174816504,0.7870242595148097
0.2632747345053099,0.052958940821183575
0.25799484010319795,0.22951540969180617
0.5085498290034199,0.4724905501889962
0.7697646047079059,0.8207035859282814
0.1873562528749425,0.2244955100897982
0.6885462290754185,0.6068678626427472
0.12471750564988701,0.16979660406791866
0.5718685626287474,0.5724685506289875
0.4643907121857563,0.2904941901161977
0.7022059558808824,0.6132077358452831
0.0633187336253275,0.06381872362552748
0.126477470450591,0.08947821043579128
0.1744165116697666,0.627967440651187
0.8885622287554249,0.3510729785404292
0.9745605087898243,0.9524009519809604
0.22083558328833425,0.2767144657106858
0.9421811563768725,0.9078018439631208
0.7474250514989701,0.5722685546289075
0.8807823843523129,0.8436431271374573
0.9704405911881763,0.9592408151836963
0.05179896402071959,0.06885862282754344
0.9683206335873283,0.9657206855862883
0.29087418251634967,0.3156536869262615
0.6992460150796984,0.7338853222935542
0.17273654526909463,0.21883562328753425
0.6713465730685386,0.5516489670206596
0.9854602907941842,0.9835003299934002
0.9355012899742006,0.9303013939721206
0.6615467690646187,0.633707325853483
0.9052018959620808,0.751744965100698
0.6955660886782264,0.7028859422811544
0.7172456550868983,0.6068078638427231
0.49687006259874805,0.45433091338173237
0.9081818363632728,0.880022399552009
0.01623967520649587,0.011659766804663907
0.7106257874842503,0.7346453070938581
0.885642287154257,0.9103417931641368
0.5815483690326194,0.625027499450011
0.8188436231275374,0.8420031599368013
0.028179436411271776,0.026099478010439794
0.11675766484670307,0.26805463890722186
0.6709465810683787,0.6514069718605628
0.43417131657366853,0.13347733045339094
0.995880082398352,0.9965800683986321
0.5845683086338274,0.3395132097358053
0.3605927881442371,0.2256554868902622
0.0024399512009759807,0.0024199516009679807
0.4763904721905562,0.5539289214215716
0.8895822083558329,0.9046819063618728
0.629027419451611,0.6041479170416592
0.15895682086358273,0.17093658126837463
0.8643627127457452,0.8103437931241375
0.4400711985760285,0.4412311753764925
0.12605747885042298,0.06349873002539949
0.20521589568208637,0.127897442051159
0.6109277814443711,0.4907101857962841
0.38271234575308494,0.34401311973760523
0.4043919121617568,0.3680926381472371
0.8031839363212736,0.9111817763644727
0.6481070378592428,0.6080878382432352
0.32159356812863743,0.4416111677766445
0.8675426491470171,0.8938821223575529
0.6595268094638107,0.5500289994200116
0.5083498330033399,0.45553088938221237
0.6485270294594109,0.6021679566408672
0.757784844303114,0.8446031079378413
0.874542509149817,0.8221435571288574
0.3267134657306854,0.882622347553049
0.5691486170276595,0.5269294614107718
0.10729785404291914,0.13891722165556689
0.6756264874702507,0.32913341733165336
0.6166476670466591,0.6563068738625227
0.16003679926401473,0.14481710365792685
0.4029519409611808,0.44735105297894046
0.9679006419871603,0.9676206475870482
0.04343913121737565,0.0377792444151117
0.9329013419731605,0.9234815303693926
0.7912641747165057,0.7970440591188177
0.45823083538329235,0.45635087298254035
0.8093838123237536,0.7796444071118578
0.2670546589068219,0.249335013299734
0.8622827543449131,0.8039839203215936
0.34107317853642927,0.3475130497390052
0.33219335613287737,0.4267114657706846
0.08885822283554329,0.0885182296354073
0.8107037859242815,0.8189636207275854
0.4696906061878763,0.5268094638107238
0.5932881342373153,0.5146497070058599
0.6434071318573629,0.880942381152377
0.3500729985400292,0.38715225695486094
0.9765404691906162,0.8948021039579209
0.5811083778324434,0.5934281314373713
0.7378052438951221,0.6786064278714425
0.3663126737465251,0.20883582328353434
0.2142157156856863,0.2118957620847583
0.5086698266034679,0.625147497050059
0.48653026939461214,0.4642907141857163
0.7392452150956981,0.7330253394932101
0.07667846643067139,0.08583828323433532
0.6687666246675067,0.7280854382912342
0.4274514509709806,0.3530529389412212
0.24629507409851803,0.20901581968360633
0.3374332513349733,0.3244735105297894
0.8937421251574968,0.8897822043559129
0.3530329393412132,0.33301333973320535
0.21677566448671026,0.23185536289274214
0.8930221395572089,0.9368412631747365
0.7810443791124178,0.8409031819363613
0.499310013799724,0.5661686766264675
0.5702685946281074,0.631287374252515
0.6713265734685306,0.7451850962980741
0.10503789924201516,0.07369852602947942
0.628667426651467,0.869862602747945
0.005819883602327954,0.004459910801783965
0.17229655406891864,0.16949661006779865
0.43627127457450854,0.383072338553229
0.7292854142917142,0.6666466670666586
0.34557308853822927,0.3272534549309014
0.8473230535389292,0.8408031839363213
0.7208855822883543,0.7313053738925221
0.048319033619327614,0.125917481650367
0.41781164376712465,0.3177336453270935
0.8240235195296094,0.6485270294594109
0.02363952720945581,0.01387972240555189
0.14665706685866284,0.37835243295134097
0.08317833643327134,0.09609807803843924
0.07837843243135137,0.0760984780304394
0.24331513369732607,0.5263294734105318
0.22773544529109419,0.3586528269434611
0.9247415051698966,0.9275214495710086
0.8069038619227615,0.7201255974880503
0.6596868062638748,0.7161456770864583
0.9269014619707606,0.9446011079778405
0.05585888282234355,0.053138937221255574
0.1408771824563509,0.18387632247355054
0.16913661726765467,0.22347553048939023
0.3129937401251975,0.4782104357912842
0.6486870262594748,0.6769064618707626
0.033719325613487734,0.043699126017479654
0.18591628167436652,0.16721665566688668
0.764204715905682,0.8259434811303774
0.9773204535909282,0.9594408111837763
0.04719905601887962,0.04365912681746365
0.7173856522869543,0.7319453610927782
0.9635807283854323,0.9604407911841764
0.16017679646407074,0.15907681846363073
0.6476070478590429,0.8476230475390493
0.75202495950081,0.6697066058678827
0.6974260514789704,0.748105037899242
0.7381852362952741,0.8433831323373533
0.5553088938221236,0.5459290814183716
0.7206855862882743,0.6738065238695227
0.8483830323393532,0.8404631907361853
0.11639767204655907,0.059398812023759524
0.9603207935841284,0.9655006899862003
0.50414991700166,0.3886922261554769
0.1486770264594708,0.11071778564428712
0.8535629287414253,0.883782324353513
0.7695246095078099,0.7938041239175216
0.9306413871722566,0.9179616407671847
0.741545169096618,0.5113497730045399
0.06029879402411952,0.11889762204755905
0.7814243715125698,0.7605847883042339
0.5054898902021959,0.6192876142477151
0.41591168176636467,0.7932841343173137
0.6500669986600268,0.755304893902122
0.6431271374572509,0.6917261654766905
0.7161856762864743,0.7687846243075139
0.05523889522209556,0.04131917361652767
0.12457750844983101,0.07671846563068739
0.6877262454750905,0.507689846203076
0.6859662806743866,0.632927341453171
0.11085778284434311,0.13525729485410293
0.36789264214715706,0.376112477750445
0.5726285474290514,0.6102877942441152
0.5499490010199796,0.5856882862342754
0.059218815623687526,0.09377812443751125
0.6089078218435632,0.6781664366712666
0.04727905441891162,0.07403851922961541
0.019119617607647847,0.014199716005679886
0.9716805663886723,0.9766604667906642
0.07831843363132737,0.10421791564168717
0.030699386012279756,0.03433931321373573
0.7921841563168737,0.8430831383372333
0.22137557248855025,0.2018759624807504
0.2843743125137497,0.4739905201895962
0.14623707525849483,0.1897562048759025
0.3385332293354133,0.374052518949621
0.5676486470270595,0.5585288294234115
0.2753744925101498,0.26953460930781387
0.007379852402951941,0.014319713605727886
0.28413431731365374,0.3224135517289654
0.5390892182156357,0.5141097178056439
0.9068618627627448,0.5354892902141958
0.48207035859282815,0.029419411611767764
0.47199056018879626,0.634527309453811
0.9099218015639687,0.7059258814823703
0.891582168356633,0.9089218215635687
0.14811703765924683,0.04787904241915162
0.381472370552589,0.48315033699326015
0.3190336193276135,0.21447571048579028
0.9175216495670087,0.9975000499990001
0.9277014459710806,0.9057018859622807
0.0738985220295594,0.012039759204815904
0.8096638067238655,0.8222635547289054
0.875242495150097,0.8318233635327293
0.3621527569448611,0.2703145937081258
0.38125237495250097,0.37081258374832504
0.0028199436011279774,0.0014999700005999882
0.378592428151437,0.48379032419351614
0.01143977120457591,0.0005599888002239956
0.020179596408071838,0.022239555208895822
0.08255834883302335,0.04857902841943161
0.5567088658226835,0.45497090058198836
0.06849863002739945,0.0757984840303194
0.74752504949901,0.7287254254914902
0.8954020919581609,0.879882402351953
0.8982020359592808,0.8549629007419852
0.7731845363092739,0.8057238855222896
0.15697686046279075,0.15911681766364674
0.9447411051778964,0.9596608067838643
0.6460670786584268,0.5866482670346593
0.2008159836803264,0.28219435611287774
0.8175636487270255,0.8166036679266415
0.2935941281174377,0.35595288094238114
0.7030659386812264,0.751464970700586
0.4085118297634047,0.4551108977820444
0.03529929401411972,0.04137917241655167
0.9653006939861203,0.9299014019719606
0.8602227955440892,0.8622227555448891
0.46113077738445235,0.46977060458790826
0.31889362212755745,0.44073118537629247
0.2727145457090858,0.3121737565248695
0.629767404651907,0.6101077978440431
0.10835783284334313,0.1011579768404632
0.875822483550329,0.9071418571628568
0.6412871742565149,0.5993080138397232
0.8375032499350014,0.8474430511389772
0.9302813943721125,0.9260614787704247
0.8359432811343773,0.6910261794764105
0.3534929301413972,0.37481250374992503
0.381932361352773,0.4118117637647247
0.019539609207815844,0.017919641607167858
0.7382052358952821,0.6721065578688427
0.3496330073398532,0.29545409091818164
0.9442011159776805,0.9539609207815845
0.28693426131477373,0.2976540469190616
0.31899362012759747,0.38767224655506893
0.872122557548849,0.8820423591528169
0.6538869222615548,0.7912041759164817
0.48847023059538813,0.38071238575228494
0.9148017039659208,0.888962220755585
0.6055678886422272,0.6021079578408433
0.875582488350233,0.5993480130397393
0.5970880582388353,0.6494870102597948
0.047519049619007624,0.05071898562028759
0.08533829323413532,0.14321713565728686
0.09059818803623927,0.11811763764724706
0.37247255054898903,0.3665526689466211
0.12831743365132697,0.26743465130697386
0.07915841683166337,0.1114177716445671
0.9152416951660967,0.9557208855822884
0.9378212435751285,0.9511809763804724
0.45475090498190035,0.4871102577948441
0.7985240295194096,0.6942461150776985
0.9846803063938722,0.9716205675886482
0.1125377492450151,0.41665166696666067
0.4867702645947081,0.8349633007339854
0.4497310053798924,0.5755684886302275
0.11465770684586309,0.10197796044079119
0.17473650526989462,0.25077498450031
0.7005059898802024,0.7600447991040179
0.18683626327473452,0.19663606727865443
0.5415691686166277,0.5492890142197157
0.45079098418031643,0.5546089078218436
0.37435251294974103,0.7168056638867223
0.8620227595448091,0.7937241255174897
0.044179116417671645,0.04779904401911962
0.17853642927141458,0.2773744525109498
0.750904981900362,0.633247335053299
0.8092638147237056,0.7592248155036899
0.8405231895362093,0.8197236055278895
0.1523769524609508,0.29395412091758166
0.4293714125717486,0.45907081858362836
0.2948541029179417,0.24825503489930204
0.43163136737265256,0.5570688586228275
0.9132617347653047,0.8958020839583208
0.48069038619227616,0.4179516409671807
0.2251554968900622,0.2017159656806864
0.2747345053098938,0.29631407371852564
0.757084858302834,0.6859862802743946
0.35205295894082117,0.3973120537589248
0.6908261834763305,0.741205175896482
0.7443651126977461,0.4808303833923322
0.7986040279194416,0.8901421971560569
0.8022039559208816,0.7882042359152818
0.9051818963620728,0.9026619467610648
0.9014619707605849,0.6603667926641468
0.633267334653307,0.5858682826343473
0.17903641927161457,0.19677606447871043
0.024379512409751804,0.11865762684746306
0.38173236535269295,0.24597508049839004
0.2119757604847903,0.19757604847903043
0.13253734925301494,0.04299914001719966
0.32575348493030143,0.48251034979300417
0.5213295734085318,0.635647287054259
0.7666446671066579,0.7642247155056899
0.17281654366912663,0.18039639207215857
0.9402411951760965,0.9518809623807524
0.7686646267074658,0.4499710005799884
0.9011819763604728,0.9090018199636007
0.5171296574068519,0.5849483010339793
0.5817683646327073,0.6485470290594189
0.3682526349473011,0.3177736445271095
0.9873202535949281,0.9853002939941201
0.6079078418431632,0.5633487330253395
0.49853002939941204,0.5224895502089958
0.9331813363732726,0.8441031179376413
0.0881582368352633,0.13069738605227896
0.21507569848603028,0.3547129057418852
0.8523629527409452,0.9505009899802004
0.49231015379692405,0.5484690306193877
0.7962640747185057,0.7371852562948741
0.8429031419371613,0.9074418511629768
0.013419731605367894,0.01125977480450391
0.46987060258794827,0.371632567348653
0.628847423051539,0.5969280614387712
0.8679226415471691,0.8967820643587129
0.007679846403071939,0.10533789324213516
0.8976220475590488,0.9424811503769925
0.5162696746065079,0.6549469010619788
0.13525729485410293,0.20655586888262237
0.8503229935401292,0.875642487150257
0.10911781764364713,0.10805783884322313
0.5836883262334753,0.8037639247215056
0.38047239055218895,0.3671126577468451
0.9058618827623448,0.9168416631667367
0.26915461690766185,0.32227355452890943
0.7863842723145538,0.6858462830743386
0.5320493590128198,0.5233695326093478
0.998020039599208,0.998180036399272
0.020839583208335833,0.013139737205255896
0.8617027659446811,0.8475830483390332
0.8545829083418331,0.883682326353473
0.764304713905722,0.7358452830943382
0.3931321373572529,0.40673186536269273
0.6944661106777865,0.8292834143317134
0.5436891262174757,0.6933861322773545
0.18065638687226257,0.19221615567688646
0.1003379932401352,0.0867782644347113
0.6634067318653627,0.6797864042719146
0.06007879842403152,0.06969860602787945
0.6156076878462431,0.4030719385612288
0.9290614187716246,0.885302293954121
0.4520709585808284,0.4379512409751805
0.42387152256954863,0.4348113037739245
0.15699686006279875,0.19699606007879844
0.10447791044179117,0.11883762324753505
0.868022639547209,0.8426031479370413
0.4498510029799404,0.6000279994400112
0.755744885102298,0.7280654386912262
0.507169856602868,0.5444491110177797
0.9777404451910963,0.8941021179576408
0.9610207795844083,0.9627407451850963
0.631467370652587,0.5537689246215076
0.31013379732405355,0.5664086718265635
0.6633267334653307,0.6060478790424192
0.5996080078398432,0.8400831983360333
0.8428231435371293,0.867682646347073
0.9929401411971761,0.9909001819963601
0.7501849963000741,0.6595868082638348
0.8080638387232255,0.8127437451250975
0.7866042679146418,0.7332053358932822
0.3634727305453891,0.43345133097338057
0.624347513049739,0.6559268814623708
0.7754044919101618,0.5721485570288595
0.9196816063678727,0.9044019119617608
0.7948241035179296,0.5699486010279795
0.3106737865242695,0.9153616927661448
0.6153476930461391,0.5734885302293954
0.7597848043039139,0.6718065638687226
0.41787164256714865,0.4439111217775645
0.07371852562948741,0.13995720085598287
0.9040619187616248,0.8438031239375213
0.756884862302754,0.76042479150417
0.124857502849943,0.1483970320593588
0.19595608087838243,0.18665626687466252
0.7284454310913782,0.6933261334773305
0.6513669726605468,0.8074238515229696
0.7295254094918102,0.6941261174776505
0.5144497110057799,0.4033519329613408
0.21907561848763024,0.2002159956800864
0.124697506049879,0.20503589928201438
0.9533009339813204,0.9468010639787204
0.44735105297894046,0.4812903741925162
0.43553128937421254,0.37321253574928503
0.8050438991220176,0.7319253614927702
0.33227335453290935,0.38681226375472494
0.9267214655706886,0.9201415971680567
0.24121517569648607,0.24103517929641408
0.2738745225095498,0.41957160856782866
0.4604907901841963,0.35125297494050123
0.7565848683026339,0.9152216955660887
0.08569828603427931,0.09357812843743125
0.9764204715905682,0.9812603747925042
0.13073738525229495,0.18067638647227055
0.6727065458690826,0.752904941901162
0.8080038399232016,0.8182436351272975
0.5439091218175637,0.5643487130257395
0.7467650646987061,0.7699646007079859
0.9692006159876803,0.9792404151916962
0.7462850742985141,0.7077258454830904
0.625127497450051,0.5549289014219716
0.25207495850083,0.31621367572648545
0.76042479150417,0.9285614287714246
0.9973000539989201,0.7980640387192256
0.7097658046839064,0.499410011799764
0.15833683326333473,0.1366172676546469
0.7364852702945941,0.8151836963260735
0.0020999580008399833,0.002359952800943981
0.6038079238415232,0.6535669286614268
0.1379972400551989,0.11603767924641507
0.8213235735285295,0.7405451890962181
0.5991880162396752,0.7267854642907142
0.8058638827223455,0.7905041899162017
0.3172536549269015,0.3481330373392532
0.757564848703026,0.48103037939241217
0.09897802043959121,0.11033779324413512
0.4669506609867803,0.6755864882702346
0.9047019059618808,0.8439631207375853
0.7995440091198176,0.8289834203315934
0.10191796164076719,0.08253834923301534
0.7734045319093619,0.756664866702666
0.23679526409471813,0.2232355352892942
0.5140697186056279,0.6500869982600348
0.8008439831203377,0.7915041699166017
0.2360752784944301,0.24057518849623008
0.12989740205195896,0.07283854322913542
0.3873722525549489,0.4681506369872603
0.886122277554449,0.9039619207615848
0.882322353552929,0.9297414051718966
0.8630827383452331,0.3518329633407332
0.373812523749525,0.2403951920961581
0.39013219735605287,0.7069058618827624
0.01999960000799984,0.03395932081358373
0.28283434331313373,0.46727065458690825
0.49501009979800403,0.4468710625787484
0.3014339713205736,0.15553688926221476
0.4607107857842843,0.4170916581668367
0.3100537989240215,0.3506329873402532
0.617927641447171,0.7076858462830744
0.8241835163296735,0.8230835383292334
0.7454650906981861,0.7063258734825304
0.8025239495210096,0.8485030299394012
0.6680266394672106,0.7142057158856823
0.8370432591348174,0.8914821703565929
0.7938041239175216,0.6119277614447711
0.500409991800164,0.24043519129617408
0.19827603447931041,0.6152276954460911
0.5999880002399952,0.49885002299954
0.6241875162496751,0.623907521849563
0.7971440571188576,0.749745005099898
0.9766204675906482,0.9754204915901682
0.8192836143277135,0.7884642307153857
0.6819063618727625,0.6809063818723626
0.14915701685966282,0.16785664286714266
0.20931581368372634,0.1500169996600068
0.45565088698226036,0.5133897322053559
0.041279174416511674,0.04241915161696766
0.5383692326153477,0.495870082598348
0.2935341293174137,0.2878342433151337
0.13511729765404693,0.11139777204455911
0.8245235095298095,0.8431631367372653
0.28131437371252577,0.3552328953420932
0.5144697106057879,0.1646567068658627
0.4136117277654447,0.41133177336453275
0.27257454850902985,0.2867742645147097
0.6910461790764185,0.7802843943121138
0.09931801363972721,0.09043819123617527
0.7391852162956741,0.7237855242895143
0.3128537429251415,0.3243935121297574
0.21823563528729426,0.3188136237275255
0.011179776404471911,0.011039779204415913
0.18111637767244657,0.15655686886262277
0.372612547749045,0.4105117897642047
0.7762644747105059,0.7922641547169057
0.4408911821763565,0.3949121017579649
0.25515489690206195,0.8435431291374172
0.22685546289074218,0.2404751904961901
0.10555788884222315,0.05277894442111158
0.5332693346133077,0.5644287114257716
0.4254314913701726,0.6453470930581389
0.29643407131857363,0.4077718445631088
0.2408751824963501,0.40419191616167677
0.08087838243235136,0.07117857642847143
0.8967820643587129,0.8467830643387133
0.3268534629307414,0.23275534489310215
0.05431891362172757,0.07797844043119138
0.11133777324453512,0.09613807723845523
0.9457610847783045,0.9646007079858403
0.010419791604167917,0.01737965240695186
0.23281534369312615,0.20511589768204636
0.4029119417611648,0.3660726785464291
0.14581708365832685,0.10749785004299914
0.3093138137237255,0.2768744625107498
0.49601007979840406,0.4648307033859323
0.8255634887302254,0.8006239875202497
0.3400531989360213,0.14201715965680686
0.6475870482590348,0.8370432591348174
0.6933661326773465,0.6092078158436831
0.07385852282954342,0.22289554208915824
0.31781364372712545,0.1859562808743825
0.15513689726205476,0.15761684766304673
0.3485930281394372,0.3198936021279575
0.4279714405711886,0.2902941941161177
0.8217435651286975,0.7958440831183377
0.7198456030879382,0.7414251714965701
0.28001439971200576,0.40985180296394075
0.6787464250714986,0.6677266454670907
0.7346653066938661,0.7751044979100419
0.10635787284254315,0.09553808923821525
0.4289714205715886,0.4061118777624448
0.880062398752025,0.8595828083438332
0.15429691406171878,0.30755384892302157
0.2015359692806144,0.2116357672846543
0.9422611547769045,0.7827643447131057
0.7006259874802504,0.6545069098618028
0.8765424691506171,0.8845423091538169
0.04169916601667967,0.17139657206855863
0.8361832763344733,0.873982520349593
0.4802103957920842,0.759384812303754
0.7993440131197377,0.6475270494590109
0.7356452870942581,0.6479670406591869
0.1628567428651427,0.16749665006699865
0.9764004719905602,0.9785404291914163
0.9015019699606008,0.9719205615887683
0.7607047859042819,0.6727665446691067
0.7108057838843224,0.6120677586448271
0.6609667806643867,0.4671706565868683
0.2409951800963981,0.25347493050139
0.3483730325393492,0.2000559988800224
0.5249295014099719,0.5879482410351793
0.8078038439231215,0.8167636647267055
0.7425451490970181,0.7049859002819944
0.7083858322833544,0.7323253534929302
0.29489410211795763,0.2902341953160937
0.30437391252174956,0.31879362412751744
0.4939901201975961,0.4416911661766765
0.5261494770104598,0.5201895962080758
0.6577668446631068,0.44689106217875646
0.38031239375212494,0.33517329653406935
0.023259534809303813,0.014419711605767885
0.30459390812183756,0.3512129757404852
0.9883402331953361,0.9888402231955361
0.4751304973900522,0.5312893742125158
0.8649427011459772,0.8536029279414412
0.3895522089558209,0.5293294134117318
0.7193056138877223,0.7354852902941942
0.12639747205055898,0.15631687366252675
0.5829483410331794,0.50214995700086
0.14541709165816685,0.1780964380712386
0.12959740805183897,0.14467710645787085
0.07647847043059139,0.07995840083198337
0.40933181336373275,0.3640327193456131
0.7882642347153057,0.7755844883102339
0.4898502029959401,0.7793844123117538
0.8195836083278335,0.8302033959320814
0.4475510489790204,0.5562488750224995
0.06607867842643148,0.05651886962260755
0.47979040419191615,0.5854482910341794
0.34061318773624527,0.252754944901102
0.8889022219555609,0.8291234175316494
0.26755464890702185,0.2804943901121978
0.30815383692326154,0.3328133437331253
0.19825603487930243,0.38337233255334896
0.9924601507969841,0.9801403971920561
0.19761604767904642,0.26955460890782185
0.7922441551168977,0.7347653046939061
0.21501569968600628,0.3284734305313894
0.28137437251254976,0.2276154476910462
0.747405051898962,0.8431231375372493
0.44631107377852447,0.43307133857322855
0.501429971400572,0.5795284094318114
0.8505629887402252,0.8625827483450331
0.502269954600908,0.39711205775884484
0.18149637007259856,0.10413791724165516
0.879182416351673,0.5600287994240115
0.9598608027839444,0.9691406171876563
0.5859082818343634,0.5934081318373633
0.27721445571088577,0.2734745305093898
0.15755684886302274,0.18599628007439853
0.47527049459010823,0.5647887042259155
0.4664306713865723,0.49637007259854804
0.21963560728785425,0.21013579728405432
0.06179876402471951,0.06977860442791145
0.6580468390632188,0.637167256654867
0.13303733925321495,0.24425511489770205
0.7379452410951781,0.619547609047819
0.380612387752245,0.3613527729445411
0.8349433011339773,0.7883642327153457
0.5818483630327393,0.5212695746085079
0.8043239135217296,0.7997040059198817
0.43707125857482854,0.40385192296154077
0.32237355252894945,0.5674886502269955
0.6849263014739705,0.6554468910621788
0.09037819243615128,0.09837803243935121
0.5355892882142357,0.36595268094638106
0.8355432891342174,0.8323633527329454
0.5607287854242915,0.5179096418071639
0.6936861262774745,0.6595268094638107
0.5680486390272195,0.6249675006499871
0.4635107297854043,0.6612467750644987
0.6517269654606908,0.9143017139657207
0.38447231055378894,0.4778104437911242
0.13425731485370293,0.16287674246515071
0.07851842963140737,0.07863842723145538
0.12365752684946302,0.10555788884222315
0.3492930141397172,0.3323533529329413
0.34925301493970123,0.35931281374372515
0.44303113937721245,0.380212395752085
0.7593448131037379,0.7366252674946502
0.3437931241375173,0.3680326393472131
0.29813403731925364,0.6146877062458751
0.2579148417031659,0.23125537489250217
0.6517869642607148,0.4250714985700286
0.4038919221615568,0.23013539729205418
0.29573408531829365,0.26601467970640585
0.3196136077278455,0.43131137377252454
0.057298854022919544,0.05123897522049559
0.4753904921901562,0.511829763404732
0.9784204315913682,0.9803203935921282
0.9006019879602408,0.882682346353073
0.5502489950200996,0.628467430651387
0.6039479210415792,0.4461310773784524
0.3175936481270375,0.3264334713305734
0.5262694746105078,0.3991920161596768
0.6127277454450911,0.7198056038879223
0.7482450350992981,0.6894662106757865
0.8943621127577449,0.8436231275374493
0.07855842883142337,0.23387532249355014
0.22545549089018221,0.2631147377052459
0.22291554168916622,0.25187496250075
0.5812083758324834,0.4930701385972281
0.46965060698786026,0.28445431091378176
0.008179836403271934,0.01513969720605588
0.3336733265334693,0.29289414211715764
0.7210855782884342,0.37297254054918905
0.7626447471050579,0.9771004579908402
0.45743085138297235,0.3675126497470051
0.03485930281394372,0.024539509209815805
0.27995440091198176,0.3024939501209976
0.6965660686786265,0.74952500949981
0.3036939261214776,0.32255354892902144
0.4284314313713726,0.45777084458310835
0.8125437491250175,0.7860242795144098
0.4306313873722526,0.503929921401572
0.5526489470210596,0.5596088078238436
0.16629667406651868,0.19397612047759044
0.254934901301974,0.34569308613827726
0.42153156936861264,0.41283174336513273
0.9070618587628247,0.9216815663686727
0.45863082738345234,0.4919901601967961
0.6698466030679386,0.742685146297074
0.41661166776664466,0.2653946921061579
0.1141777164456711,0.12143757124857503
0.27051458970820585,0.11113777724445512
0.4292714145717086,0.6406871862562749
0.5734485310293794,0.504089918201636
0.4275314493710126,0.43301133977320455
0.4232515349693006,0.16649667006659868
0.9991200175996481,0.9991200175996481
0.2282754344913102,0.23057538849223017
0.024839503209935804,0.03251934961300774
0.46027079458410836,0.8075438491230176
0.503329933401332,0.4530709385812284
0.4483110337793244,0.29509409811803766
0.9357012859742806,0.8217235655286894
0.6028279434411312,0.6400071998560029
0.48167036659266815,0.48705025899482013
0.6728265434691306,0.6881862362752745
0.6568268634627308,0.5614087718245635
0.8952020959580809,0.8690826183476331
0.039759204815903684,0.06031879362412752
0.2878342433151337,0.2583748325033499
0.8564428711425772,0.9504409911801764
0.22251554968900622,0.28543429131417375
0.5430291394172116,0.509409811803764
0.8032839343213136,0.6720065598688026
0.5185696286074278,0.47159056818863626
0.2575148497030059,0.2258354832903342
0.7468850622987541,0.7312053758924821
0.5746285074298514,0.5203095938081238
0.5573688526229476,0.6530069398612028
0.2019759604807904,0.21855562888742225
0.9833203335933282,0.9855402891942161
0.11723765524689507,0.09335813283734326
0.19407611847763045,0.24609507809843803
0.20741585168296633,0.1872762544749105
0.7121657566848664,0.8177636447271055
0.4115317693646127,0.39871202575948483
0.3855322893542129,0.5805483890322194
0.6371072578548429,0.7207855842883143
0.8051238975220496,0.7869442611147778
0.29265414691706165,0.42119157616847663
0.6155476890462191,0.750144997100058
0.8344033119337614,0.8739025219495611
0.1862162756744865,0.24491510169796604
0.050758984820303596,0.02659946801063979
0.2770344593108138,0.22751544969100618
0.9865402691946161,0.9513609727805444
0.7535049299014019,0.7183456330873382
0.7143457130857384,0.7430851382972341
0.9235615287694247,0.9275614487710246
0.5760884782304354,0.619207615847683
0.08879822403551929,0.09663806723865523
0.40785184296314075,0.4489310213795724
0.6024879502409952,0.6457070858582828
0.49783004339913206,0.5152496950060999
0.8674826503469931,0.8869422611547769
0.32409351812963744,0.756004879902402
0.7259854802903942,0.6990060198796024
0.16657666846663066,0.378152436951261
0.44749105017899643,0.46783064338713226
0.23051538969220617,0.2006959860802784
0.4390112197756045,0.623667526649467
0.049619007619847603,0.08271834563308735
0.50344993100138,0.25931481370372594
0.4094318113637727,0.44765104697906044
0.6967860642787145,0.754664906701866
0.1764964700705986,0.25743485130297394
0.509989800203996,0.623767524649507
0.18165636687266257,0.34523309533809327
0.8701225975480491,0.9000219995600088
0.6450270994580108,0.6395872082558349
0.34445311093778125,0.3519729605407892
0.8484430311393772,0.6366272674546509
0.6853662926741465,0.7276654466910663
0.495870082598348,0.5482890342193156
0.5879882402351954,0.7593448131037379
0.21789564208715825,0.13531729365412692
0.03873922521549569,0.03617927641447171
0.02401951960960781,0.01611967760644787
0.7273054538909222,0.6421471570568589
0.8165836683266335,0.7614047719045619
0.7158256834863302,0.6987460250794985
0.2996140077198456,0.377972440551189
0.5845883082338353,0.7238055238895222
0.7946441071178577,0.7930241395172097
0.6395272094558109,0.8002239955200896
0.7313253734925301,0.7730445391092179
0.5524489510209796,0.6573268534629307
0.44473110537789245,0.46115077698446033
0.3638527229455411,0.4311513769724606
0.19425611487770245,0.14607707845843085
0.4460710785784284,0.3858122837543249
0.4025519489610208,0.2408751824963501
0.37361252774944503,0.42975140497190056
0.8362232755344894,0.9011419771604569
0.4138117237655247,0.44517109657806847
0.8526229475410492,0.8404831903361933
0.256194876102478,0.13311733765324693
0.3249335013299734,0.24741505169896602
0.5869082618347633,0.5712285754284915
0.15377692446151078,0.1873962520749585
0.05563888722225556,0.05407891842163157
0.32775344493110137,0.21847563048739027
0.0888382232355353,0.30957380852382954
0.9343613127737446,0.9490810183796324
0.5779284414311714,0.7378652426951461
0.8299434011319774,0.8421631567368653
0.7419251614967701,0.7707445851082979
0.5559888802223956,0.5385292294154117
0.21007579848403032,0.15391692166156679
0.5756084878302434,0.38059238815223695
0.9595208095838084,0.883802323953521
0.371692566148677,0.4206315873682526
0.46121077578448433,0.5304693906121878
0.24551508969820604,0.15557688846223075
0.5094698106037879,0.4657306853862923
0.631927361452771,0.6186876262474751
0.7987840243195137,0.7276254474910502
0.3942721145577089,0.34387312253754926
0.5493290134197316,0.503809923801524
0.8488630227395453,0.8836423271534569
0.010999780004399912,0.024259514809703807
0.46183076338473233,0.49423011539769207
0.4758704825903482,0.4783304333913322
0.6926661466770665,0.7006059878802424
0.39243215135697285,0.3513729725405492
0.09563808723825523,0.36075278494430113
0.9130617387652247,0.9236215275694486
0.6842463150736986,0.6048479030419391
0.632927341453171,0.5753684926301474
0.01739965200695986,0.019839603207935843
0.9934201315973681,0.995520089598208
0.5093898122037559,0.46691066178676427
0.26991460170796583,0.3409331813363733
0.6570868582628347,0.7307453850922981
0.04871902561948761,0.06875862482750346
0.05869882602347953,0.05977880442391152
0.7057658846823064,0.6398272034559309
0.18517629647407052,0.20455590888182237
0.8293834123317534,0.8368032639347214
0.9872602547949041,0.9791804163916722
0.13357732845343093,0.1505569888602228
0.8200435991280175,0.8571028579428411
0.2016559668806624,0.2711745765084698
0.2259954800903982,0.2998140037199256
0.5137897242055159,0.5157896842063159
0.04153916921661567,0.026539469210615788
0.3115337693246135,0.43305133897322057
0.3412731745365093,0.49997000059998803
0.9337613247735046,0.9181416371672567
0.48217035659286817,0.4786304273914522
0.7322853542929142,0.7469850602987941
0.9922401551968961,0.9955800883982321
0.9554008919821604,0.9618007639847204
0.36921261574768505,0.3915321693566129
0.3235335293294134,0.4780504389912202
0.9392612147757046,0.9448411031779365
0.2857542849143017,0.39197216055678885
0.42483150336993264,0.42077158456830865
0.2007159856802864,0.25501489970200597
0.2639147217055659,0.14459710805783885
0.7325453490930182,0.5790684186316274
0.25531489370212596,0.9443611127777445
0.8242435151296974,0.7371252574948501
0.7708845823083539,0.4624107517849643
0.33541329173416534,0.504489910201796
0.33701325973480534,0.19403611927761447
0.4016719665606688,0.6532069358612828
0.43695126097478054,0.24707505849883002
0.20543589128217438,0.2400751984960301
0.18375632487350255,0.10745785084298315
0.15739685206295875,0.2008159836803264
0.759764804703906,0.7394652106957861
0.9251214975700486,0.9315413691726165
0.4049119017619648,0.4167316653666927
0.5137097258054839,0.43319133617327654
0.19287614247715046,0.34515309693806123
0.513309733805324,0.6716465670686587
0.3173336533269335,0.3367532649347013
0.99140017199656,0.9935001299974001
0.889862202755945,0.9015019699606008
0.07793844123117538,0.0751784964300714
0.4522909541809164,0.38379232415351694
0.2733945321093578,0.36159276814463714
0.5783084338313234,0.3926121477570449
0.5403291934161317,0.5377492450150997
0.04315913681726365,0.04435911281774365
0.6642467150656987,0.6617067658646827
0.14659706805863884,0.11783764324713507
0.4843303133937321,0.45581088378232437
0.9100217995640087,0.8732025359492811
0.6855062898742026,0.74862502749945
0.6533069338613228,0.38121237575248496
0.630407391852163,0.6037279254414912
0.06845863082738346,0.05989880202395952
0.372092558148837,0.2866742665146697
0.7782244355112898,0.7866642667146657
0.3692326153476931,0.3662726745465091
0.41265174696506074,0.5699886002279955
0.20587588248235036,0.1381772364552709
0.9211015779684406,0.9628007439851203
0.2232955340893182,0.11917761644767105
0.4523909521809564,0.30701385972280554
0.35469290614187715,0.4745505089898202
0.08449831003379933,0.5455690886182276
0.5512889742205156,0.4899102017959641
0.7160856782864343,0.6905861882762345
0.4347513049739005,0.36303273934521313
0.27229455410891784,0.10633787324253516
0.7827643447131057,0.7337053258934821
0.7306253874922501,0.7795844083118338
0.8702625947481051,0.8239235215295695
0.29687406251874965,0.3526129477410452
0.9613407731845364,0.9393612127757445
0.7183856322873543,0.5920881582368352
0.8325633487330254,0.8431031379372412
0.8278434431311374,0.8030639387212256
0.9785804283914322,0.7899442011159777
0.2995940081198376,0.2925741485170297
0.8714225715485691,0.9581408371832564
0.014419711605767885,0.03313933721325574
0.4241115177696446,0.27213455730885383
0.8457430851382972,0.7639247215055699
0.499590008199836,0.509429811403772
0.7843443131137378,0.5977880442391152
0.7274254514909702,0.06715865682686346
0.5626487470250595,0.4880302393952121
0.3527529449411012,0.18697626047479052
0.29583408331833366,0.34845303093938124
0.4920301593968121,0.5321293574128517
0.8998220035599288,0.885842283154337
0.378852422951541,0.3261734765304694
0.40873182536349273,0.3209135817283654
0.05233895322093558,0.0369992600147997
0.014219715605687886,0.013719725605487891
0.7077658446831063,0.6654666906661867
0.9824003519929602,0.9130017399652007
0.005839883202335953,0.007139857202855943
0.624787504249915,0.3479130417391652
0.33643327133457335,0.44279114417711646
0.9713005739885202,0.9520809583808324
0.09239815203695927,0.08089838203235936
0.2713545729085418,0.2722545549089018
0.7059858802823944,0.6118477630447391
0.9913001739965202,0.9909201815963681
0.753704925901482,0.7187456250874983
0.7227655446891063,0.7101057978840424
0.8518429631407373,0.8536229275414492
0.622707545849083,0.6711265774684506
0.8168836623267535,0.7645247095058099
0.9057018859622807,0.8569628607427852
0.029319413611727768,0.03523929521409572
0.021919561608767825,0.02035959280814384
0.30801383972320556,0.2718545629087418
0.5644087118257635,0.5478690426191476
0.6838863222735545,0.754944901101978
0.3287734245315094,0.2769944601107978
0.9326413471730566,0.9672606547869043
0.22021559568808624,0.20155596888062238
0.04641907161856763,0.04163916721665567
0.7069258614827704,0.5605487890242196
0.5237695246095079,0.632247355052899
0.5266894662106758,0.6443871122577549
0.8436631267374652,0.8281034379312414
0.7022459550808984,0.6858062838743225
0.04511909761804764,0.06319873602527949
0.7676846463070739,0.8140237195256095
0.32071358572828546,0.3647327053458931
0.9880202395952081,0.9951000979980401
0.49939001219975604,0.45713085738285236
0.25393492130157397,0.2760144797104058
0.11469770604587909,0.1493170136597268
0.8829623407531849,0.7987840243195137
0.7360652786944262,0.619987600247995
0.20015599688006241,0.6666666666666667
0.7200855982880343,0.7092858142837144
0.16221675566488672,0.18419631607367853
0.7708645827083459,0.7606847863042739
0.7697446051078979,0.7393452130957381
0.6508869822603548,0.6494670106597868
0.3381332373352533,0.4138117237655247
0.32239355212895743,0.31105377892442154
0.630987380252395,0.3914721705565889
0.999980000399992,0.9891202175956482
0.3032939341213176,0.12215755684886302
0.01383972320553589,0.031919361612767747
0.5461490770184596,0.6945061098778025
0.8292034159316813,0.7162256754864903
0.011819763604727905,0.005999880002399953
0.1649767004659907,0.13277734445311093
0.33157336853262936,0.3518729625407492
0.8574628507429851,0.9132817343653127
0.4691106177876443,0.5122097558048839
0.41163176736465273,0.3270334593308134
0.9638007239855203,0.631447371052579
0.021039579208415832,0.020319593608127837
0.010559788804223915,0.1745765084698306
0.4858702825943481,0.39567208655826885
0.8577428451430972,0.7815843683126338
0.6514869702605948,0.6523069538609229
0.5607087858242835,0.6788664226715466
0.5971880562388753,0.6502469950600989
0.37059258814823703,0.2794144117117658
0.48197036059278814,0.23593528129437413
0.9017219655606888,0.8427431451370972
0.755264894702106,0.9017819643607128
0.8223035539289214,0.8129037419251616
0.3133737325253495,0.34677306453870926
0.34663306733865323,0.376312473750525
0.7315453690926181,0.7290854182916342
0.5233695326093478,0.42031159376812466
0.5540489190216196,0.44677106457870847
0.23445531089378213,0.6377672446551069
0.3103337933241335,0.25879482410351795
0.6839063218735626,0.8527429451410972
0.9271414571708566,0.9174216515669686
0.1605767884642307,0.5342293154136918
0.746785064298714,0.7111657766844663
0.6898462030759385,0.7460450790984181
0.02237955240895182,0.04245915081698366
0.22105557888842223,0.2113757724845503
0.6936461270774584,0.7213655726885463
0.024419511609767807,0.05733885322293554
0.9961600767984641,0.9933601327973441
0.09215815683686326,0.07183856322873543
0.44515109697806043,0.19371612567748644
0.9030619387612248,0.9245815083698327
0.10643787124257516,0.14761704765904682
0.02629947401051979,0.030839383212335755
0.17993640127197458,0.2830743385132298
0.02669946601067979,0.008479830403391932
0.7201455970880583,0.7653646927061459
0.29523409531809364,0.5139697206055879
0.9116217675646487,0.7336253274934501
0.4756904861902762,0.3883322333553329
0.378152436951261,0.48069038619227616
0.3239335213295734,0.08359832803343933
0.15501689966200677,0.13027739445211095
0.2904541909161817,0.23313533729325414
0.5560688786224276,0.5037699246015079
0.5585888282234356,0.5313693726125478
0.03871922561548769,0.06921861562768745
0.512869742605148,0.6435271294574109
0.2876342473150537,0.2625547489050219
0.628267434651307,0.5870082598348033
0.2659946801063979,0.2001159976800464
0.2147157056858863,0.2128357432851343
0.2700945981080379,0.2251554968900622
0.6669866602667947,0.6731665366692666
0.9174016519669607,0.6959260814783704
0.2124357512849743,0.24485510289794205
0.756084878302434,0.8405231895362093
0.24611507769844604,0.4293914121717566
0.7794844103117938,0.5307893842123158
0.0052398952020959585,0.004239915201695966
0.15469690606187878,0.07711845763084739
0.5566288674226516,0.5531889362212756
0.620927581448371,0.7050858982820344
0.3610127797444051,0.2843343133137337
0.8327633447331053,0.7901841963160737
0.0016999660006799865,0.0015599688006239876
0.04053918921621568,0.0372792544149117
0.47915041699166017,0.7294654106917862
0.745685086298274,0.6975460490790184
0.5441691166176676,0.5812683746325074
0.17619647607047859,0.19433611327773445
0.6650266994660107,0.7842843143137137
0.5418091638167237,0.24317513649727007
0.4479710405791884,0.3995520089598208
0.23077538449231016,0.12081758364832704
0.6018079638407232,0.5408291834163317
0.30923381532369354,0.33535329293414134
0.6590868182636348,0.5167496650066998
0.7333453330933382,0.746245075098498
0.878862422751545,0.8649227015459691
0.04389912201755965,0.04375912481750365
0.12387752244955101,0.14389712205755886
0.7314653706925862,0.7239855202895943
0.9699406011879763,0.9680206395872083
0.23415531689366215,0.2917141657166857
0.9029219415611688,0.750104997900042
0.877242455150897,0.7644647107057859
0.30323393532129356,0.2657346853062939
0.07681846363072739,0.10217795644087119
0.14161716765664686,0.13463730725385492
0.9360212795744085,0.9245015099698006
0.4648307033859323,0.11145777084458311
0.5568688626227476,0.4205715885682286
0.8284234315313694,0.7358252834943302
0.39703205935881286,0.7251454970900583
0.24487510249795005,0.22711545769084618
0.05977880442391152,0.05691886162276755
0.3419131617367653,0.3892522149557009
0.7155656886862263,0.7361852762944742
0.9647207055858883,0.9157816843663127
0.374912501749965,0.9199216015679686
0.3620127597448051,0.3852322953540929
0.6990460190796184,0.6453070938581229
0.4649107017859643,0.2020559588808224
0.10269794604107918,0.1137377252454951
0.2265554688906222,0.1880562388752225
0.7211255774884503,0.9066018679626408
0.49807003859922805,0.6695466090678187
0.8211235775284494,0.7781644367112658
0.622027559448811,0.625747485050299
0.22819543609127818,0.3427531449371013
0.6052078958420832,0.45623087538249235
0.6807663846723065,0.7216655666886662
0.33267334653306935,0.35491290174196516
0.882002359952801,0.7643447131057379
0.3361732765344693,0.32073358532829344
0.060738785224295516,0.07159856802863943
0.16785664286714266,0.22877542449151017
0.5620887582248355,0.869982600347993
0.503809923801524,0.4244515109697806
0.36989260214795705,0.33027339453210935
0.9860002799944001,0.9636807263854723
0.5913681726365473,0.5456890862182756
0.4549309013819724,0.4522909541809164
0.7378252434951301,0.7407851842963141
0.3881722365552689,0.5706885862282755
0.24883502329953402,0.48151036979260414
0.8316433671326574,0.8314233715325694
0.633747325053499,0.5497690046199076
0.4664106717865643,0.376072478550429
0.45457090858182836,0.6134677306453871
0.24607507849843005,0.2393952120957581
0.9139217215655687,0.9529809403811924
0.3933521329573409,0.4172116557668847
0.16633667326653467,0.9414411711765766
0.9783204335913283,0.9722005559888802
0.3168736625267495,0.5275894482110358
0.7244655106897863,0.7010459790804184
0.51434971300574,0.43491130177396453
0.0885182296354073,0.10225795484090319
0.9900801983960321,0.9082418351632968
0.6645867082658347,0.6891062178756425
0.29697406051878966,0.3198336033279335
0.5554288914221716,0.624727505449891
0.7476850462990741,0.7826043479130418
0.09363812723745525,0.08901821963560728
0.36897262054758906,0.4180516389672207
0.9815403691926162,0.9821403571928562
0.5915281694366112,0.6661266774664507
0.5173496530069399,0.6028479430411392
0.06855862882742346,0.08695826083478331
0.18529629407411852,0.123997520049599
0.31987360252794944,0.20181596368072638
0.9505209895802085,0.9253014939701206
0.24361512769744606,0.18025639487210257
0.8131637367252655,0.8525429491410172
0.6118077638447231,0.9898602027959441
0.8418231635367293,0.8558428831423371
0.6554668906621868,0.30521389572208557
0.10735785284294315,0.11091778164436712
0.9448411031779365,0.9435611287774245
0.09795804083918322,0.09001819963600728
0.6083278334433312,0.7726245475090499
0.12599748005039899,0.5474690506189877
0.31001379972400556,0.3497530049399012
0.23597528049439012,0.38357232855342893
0.3290334193316134,0.07107857842843143
0.31695366092678146,0.49779004419911604
0.43793124137517253,0.501569968600628
0.6598868022639548,0.6521669566608668
0.5318293634127318,0.876982460350793
0.5544489110217796,0.6085078298434031
0.9525609487810244,0.9462210755784884
0.3900921981560369,0.4393312133757325
0.3614127717445651,0.3380332393352133
0.21633567328653427,0.24569508609827803
0.38299234015319694,0.27463450730985384
0.2696946061078779,0.22889542209155816
0.5289094218115638,0.42105157896842066
0.4764104717905642,0.2982140357192856
0.21887562248755027,0.19209615807683847
0.4473310533789324,0.504629907401852
0.0871782564348713,0.12679746405071898
0.6687066258674826,0.6821063578728426
0.24847503049939001,0.11841763164736706
0.7880642387152257,0.8568028639427212
0.4794104117917642,0.4847303053938921
0.4021119577608448,0.4773504529909402
0.37025259494810103,0.4050718985620288
0.747605047899042,0.7139857202855943
0.3160136797264055,0.25673486530269396
0.5368692626147478,0.5558488830223396
0.757904841903162,0.7649447011059779
0.6798864022719546,0.7028259434811304
0.020759584808303835,0.02367952640947181
0.4575708485830284,0.5728485430291395
0.27937441251174977,0.01627967440651187
0.7919441611167777,0.7798844023119538
0.2773144537109258,0.24275514489710207
0.23513529729405414,0.07375852482950342
0.9235415291694167,0.8085838283234336
0.9263414731705366,0.9619807603847923
0.5895082098358033,0.5524089518209636
0.4644707105857883,0.37801243975120496
0.995180096398072,0.9969800603987921
0.040859182816343674,0.04005919881602368
0.4557308853822924,0.45937081258374834
0.507229855402892,0.757604847903042
0.6529269414611708,0.5578488430231395
0.9751204975900483,0.9739605207895843
0.9655206895862083,0.9625007499850003
0.3158136837263255,0.19975600487990242
0.7834043319133618,0.6444071118577629
0.12833743325133498,0.11839763204735906
0.9856202875942481,0.9871202575948481
0.4266514669706606,0.45629087418251635
0.8887022259554809,0.8855822883542329
0.00883982320353593,0.006839863202735946
0.2874542509149817,0.3038939221215576
0.9214015719685607,0.9825603487930241
0.9064018719625608,0.9157216855662887
0.8088638227235455,0.7633447331053379
0.36229275414491713,0.37503249935001304
0.8308433831323374,0.9866202675946482
0.9052418951620967,0.9141417171656567
0.8274634507309854,0.874862502749945
0.1770964580708386,0.21407571848563028
0.9987600247995041,0.9977600447991041
0.8475630487390252,0.9246215075698486
0.39603207935841284,0.46725065498690027
0.8456830863382733,0.5680686386272275
0.7699646007079859,0.7231055378892423
0.09499810003799924,0.08549829003419931
0.6724065518689627,0.7130857382852344
0.9041619167616648,0.878882422351553
0.2841543169136617,0.33673326533469333
0.5558888822223556,0.7278654426911462
0.047339053218935626,0.039759204815903684
0.8585628287434252,0.876862462750745
0.890322193556129,0.8452230955380893
0.3884922301553969,0.49403011939761204
0.31557368852622947,0.31649367012659746
0.2592348153036939,0.2991940161196776
0.4168116637667247,0.4875702485950281
0.6496070078598428,0.2622747545049099
0.7244255114897702,0.6669666606667867
0.05155896882062359,0.062138757224855505
0.9825603487930241,0.9822203555928882
0.629847403051939,0.630727385452291
0.09207815843683127,0.05923881522369553
0.6512469750604988,0.6869862602747945
0.3327533449331013,0.3415531689366213
0.7718645627087458,0.7885642287154258
0.1384372312553749,0.1632567348653027
0.16863662726745465,0.12881742365152699
0.6899662006759865,0.7199656006879863
0.6864862702745945,0.6455670886582269
0.35279294414111717,0.19179616407671848
0.743485130297394,0.7025059498810025
0.22121557568848624,0.3403731925361493
0.5854282914341713,0.750044999100018
0.499490010199796,0.44897102057958843
0.7954440911181777,0.8219235615287694
0.8931421371572569,0.7976240475190497
0.3994720105597888,0.41163176736465273
0.8472830543389133,0.888482230355393
0.0868782624347513,0.13471730565388693
0.6642267154656907,0.635327293454131
0.5142097158056839,0.5403091938161237
0.23611527769444612,0.14789704205915882
0.2022759544809104,0.21965560688786226
0.6637467250654987,0.7066458670826584
0.6750664986700267,0.253514929701406
0.040879182416351675,0.04945901081978361
0.5209295814083719,0.4679306413871723
0.5485890282194357,0.5505489890202196
0.22081558368832624,0.1380972380552389
0.6590468190636187,0.763404731905362
0.044199116017679646,0.08607827843443132
0.4846703065938681,0.4234915301693966
0.8435431291374172,0.8592428151436972
0.5721085578288434,0.5607287854242915
0.9626007479850404,0.503689926201476
0.5733685326293474,0.5600487990240195
0.21779564408711827,0.12059758804823904
0.6414671706565869,0.756744865102698
0.6097878042439151,0.9595608087838243
0.3091938161236775,0.2979340413191736
0.24449511009779806,0.2148557028859423
0.1393372132557349,0.09731805363892722
0.4878702425951481,0.5127697446051079
0.34401311973760523,0.3518929621407572
0.7632447351052979,0.7266654666906662
0.0370992580148397,0.02765944681106378
0.865842683146337,0.8977420451590968
0.8049439011219776,0.8091038179236416
0.10133797324053519,0.14533709325813485
0.6852062958740825,0.48225035499290014
0.376532469350613,0.4106317873642527
0.2887342253154937,0.07269854602907942
0.4759104817903642,0.4378312433751325
0.887222255554889,0.9003219935601289
0.9491210175796484,0.9645607087858243
0.031879362412751744,0.029339413211735766
0.26297474050518993,0.2883542329153417
0.9013019739605208,0.9266214675706487
0.5583088338233235,0.5294094118117638
0.1738965220695586,0.14549709005819883
0.6743865122697547,0.7088258234835304
0.4047519049619008,0.4777304453910922
0.6879462410751785,0.7620847583048339
0.6443071138577229,0.5975080498390032
0.24193516129677406,0.15773684526309475
0.23537529249415012,0.250534989300214
0.13219735605287894,0.3918121637567249
0.20369592608147838,0.1889162216755665
0.21043579128417433,0.3361932761344773
0.5942881142377152,0.44845103097938044
0.8894422111557769,0.8462430751384973
0.41919161616767664,0.4052518949621008
0.9560408791824164,0.9721405571888563
0.8623027539449212,0.7992840143197136
0.5425691486170277,0.49629007419851606
0.17153656926861463,0.4748505029899402
0.9801603967920642,0.9465410691786165
0.11727765444691107,0.03831923361532769
0.8577028459430812,0.8210435791284174
0.6447671046579069,0.6502669946601068
0.4232115357692846,0.4294514109717806
0.7292254154916902,0.6782064358712826
0.6658066838663227,0.6661666766664667
0.7337653246935062,0.7406451870962582
0.3665526689466211,0.4775704485910282
0.38395232095358095,0.4185716285674287
0.08523829523409532,0.09841803163936721
0.3986920261594768,0.2683146337073259
0.013579728405431892,0.012899742005159897
0.17031659366812665,0.20361592768144637
0.2638147237055259,0.23075538489230216
0.3503729925401492,0.2736945261094778
0.012339753204935902,0.03607927841443171
0.872342553148937,0.883442331153377
0.4810103797924042,0.5782084358312833
0.1391572168556629,0.34085318293634126
0.33357332853342936,0.5669886602267955
0.8020839583208336,0.8453830923381532
0.8490030199396013,0.8518229635407292
0.3512129757404852,0.27007459850802984
0.0048799024019519615,0.0059198816023679525
0.7331853362932742,0.7248655026899462
0.5583488330233396,0.6846063078738426
0.8341233175336493,0.8661626767464651
0.9078618427631447,0.9159416811663768
0.5504089918201636,0.4893102137957241
0.5865482690346193,0.6106277874442512
0.7571648567028659,0.7781244375112498
0.6088678226435471,0.1981360372792544
0.8610227795444091,0.8126237475250495
0.6682266354672907,0.6499270014599708
0.46989060218795625,0.44525109497810045
0.04493910121797564,0.03873922521549569
0.36703265934681306,0.5183896322073559
0.5416491670166597,0.6056678866422672
0.627047459050819,0.5727085458290835
0.42289154216915664,0.3548129037419252
0.252594948101038,0.3192136157276855
0.890782184356313,0.8964420711585769
0.3257334853302934,0.2761944761104778
0.8828223435531289,0.8385232295354094
0.6487670246595069,0.2787144257114858
0.10863782724345514,0.1385972280554389
0.9198816023679527,0.6418471630567388
0.6195876082478351,0.36841263174736505
0.04605907881842363,0.04641907161856763
0.46879062418751627,0.5663686726265474
0.8000639987200256,0.8300633987320254
0.7170456590868183,0.631807363852723
0.6389272214555709,0.49409011819763604
0.4546709065818684,0.255854882902342
0.8914621707565848,0.8940221195576089
0.8283234335313294,0.8197836043279134
0.25849483010339797,0.2252154956900862
0.3135137297254055,0.250954980900382
0.08257834843303134,0.1627967440651187
0.6564268714625707,0.5882482350352993
0.2604347913041739,0.3291134177316454
0.7295454090918182,0.6394672106557869
0.08233835323293534,0.08449831003379933
0.34177316453670925,0.6978860422791544
0.8059838803223935,0.874622507549849
0.7629847403051939,0.753264934701306
0.7900041999160017,0.7747045059098818
0.13985720285594289,0.1389572208555829
0.08083838323233536,0.08261834763304735
0.9707405851882963,0.9570608587828244
0.755984880302394,0.7247855042899142
0.1748165036699266,0.756684866302674
0.888602227955441,0.8665626687466251
0.3102937941241175,0.3105137897242055
0.7034259314813704,0.7399652006959861
0.632907341853163,0.27887442251154976
0.4506709865802684,0.44823103537929243
0.7285054298914022,0.7179656406871863
0.6646467070658587,0.7647247055058899
0.19209615807683847,0.1488770224595508
0.08659826803463931,0.1863562728745425
0.4549909001819964,0.7002859942801144
0.9489210215795685,0.9447811043779125
0.27281454370912583,0.38515229695406095
0.6574868502629948,0.6807463850722986
0.2990940181196376,0.23083538329233416
0.5733485330293394,0.5901881962360753
0.8945821083578329,0.5617087658246835
0.3021539569208616,0.31917361652766946
0.1121777564448711,0.20923581528369434
0.3667126657466851,0.377092458150837
0.747705045899082,0.6542069158616828
0.7154456910861783,0.7062258754824904
0.1504969900601988,0.16023679526409473
0.6639667206655867,0.5652886942261155
0.6440271194576108,0.7154456910861783
0.06335873282534349,0.06469870602587949
0.631867362652747,0.3168536629267415
0.5618287634247315,0.5357892842143157
0.5388292234155317,0.6435871282574349
0.6681866362672747,0.744985100297994
0.6179676406471871,0.5982080358392833
0.0503589928201436,0.05967880642387152
0.07253854922901543,0.1987360252794944
0.26805463890722186,0.253814923701526
0.19309613807723847,0.2379552408951821
0.5205495890082199,0.6082078358432832
0.7474450510989781,0.6883662326753465
0.6690666186676266,0.8199236015279695
0.6379872402551949,0.7990840183196336
0.8032639347213056,0.7227255454890903
0.4296114077718446,0.42091158176836463
0.2615347693046139,0.4357312853742925
0.888262234755305,0.9039219215615688
0.24805503889922204,0.36029279414411713
0.8541429171416572,0.9875802483950321
0.7112057758844823,0.621807563848723
0.878662426751465,0.8008639827203456
0.07883842323153538,0.1991960160796784
0.9674806503869923,0.9689406211875763
0.009559808803823924,0.006439871202575949
0.6484070318593629,0.9055618887622248
0.9561408771824564,0.9080018399632007
0.9857402851942961,0.9735405291894162
0.18053638927221458,0.4641507169856603
0.5122297554048919,0.4877502449951001
0.8929021419571609,0.6493670126597468
0.2802743945121098,0.30751384972300555
0.27179456410871783,0.1637967240655187
0.45977080458390834,0.4009119817603648
0.3025539489210216,0.31059378812423755
0.9314213715725685,0.9314813703725926
0.9322613547729046,0.9390412191756166
0.24597508049839004,0.3520729585408292
0.7150056998860023,0.6748465030699387
0.45045099098018043,0.6032679346413072
0.29905401891962163,0.2266354672906542
0.2778144437111258,0.2132157356852863
0.3010939781204376,0.14693706125877484
0.9033219335613288,0.8886422271554569
0.3152536949261015,0.1498770024599508
0.5546889062218756,0.5962680746385073
0.4423511529769405,0.7060058798824024
0.4813503729925402,0.5501889962200757
0.13637727245455092,0.18317633647327053
0.27099458010839783,0.3020539589208216
0.8278634427311454,0.8300033999320013
0.8475830483390332,0.8945221095578089
0.09567808643827123,0.11683766324673507
0.8489030219395612,0.7739245215095698
0.09583808323833523,0.22021559568808624
0.9273614527709446,0.9049019019619607
0.9464010719785605,0.9447611047779044
0.07321853562928742,0.09161816763664728
0.9189216215675687,0.9315013699726006
0.6380072398552029,0.5452690946181077
0.622267554648907,0.5418291634167317
0.761784764304714,0.3303533929321414
0.7360252794944101,0.50114997700046
0.30871382572348555,0.3505329893402132
0.5412491750164997,0.6374672506549869
0.10661786764264715,0.10869782604347913
0.882642347153057,0.9193216135677287
0.09907801843963121,0.10323793524129518
0.754504909901802,0.7412451750964981
0.16765664686706266,0.19897602047959043
0.09063818723625527,0.127497450050999
0.020499590008199838,0.7899242015159698
0.32391352172956545,0.28229435411291776
0.46921061578768425,0.46807063858722825
0.34255314893702127,0.3557528849423012
0.9896202075958481,0.9923401531969361
0.5981080378392433,0.6559468810623788
0.054578908421831565,0.07317853642927141
0.5480290394192117,0.4501909961800764
0.993340133197336,0.9928401431971361
0.6473470530589388,0.8924421511569769
0.14877702445951083,0.16697666046679066
0.08311833763324734,0.09139817203655927
0.007859842803143937,0.005579888402231956
0.16747665046699067,0.14031719365612688
0.27041459170816584,0.19431611367772644
0.14381712365752686,0.1750964980700386
0.5390292194156117,0.12371752564948701
0.6463870722585549,0.5852282954340914
0.7631247375052499,0.8017839643207136
0.9210015799684007,0.9459610807783845
0.49843003139937203,0.4772904541909162
0.35583288334233315,0.34479310413791725
0.7934441311173777,0.763864722705546
0.08143837123257536,0.08099838003239936
0.40861182776344473,0.31551368972620547
0.07349853002939942,0.08255834883302335
0.1354772904541909,0.11517769644607108
0.016059678806423873,0.014539709205815885
0.07993840123197536,0.41631167376652467
0.21711565768684626,0.21499570008599828
0.4535509289814204,0.34101317973640527
0.9885802283954321,0.9903601927961441
0.756064878702426,0.7400251994960101
0.5821283574328514,0.5477090458190836
0.3023339533209336,0.2125757484850303
0.1641167176656467,0.3042339153216936
0.8322433551328974,0.7978640427191457
0.5570488590228195,0.27893442131157375
0.48103037939241217,0.41477170456590867
0.11683766324673507,0.44565108697826045
0.8384632307353853,0.8854622907541849
0.378672426551469,0.4688306233875323
0.2788344233115338,0.30649387012259754
0.8239635207295855,0.8325033499330013
0.4041119177616448,0.4237315253694926
0.06393872122557549,0.09083818323633527
0.8462030759384812,0.8874022519549609
0.7243455130897383,0.7198656026879463
0.9121217575648487,0.9283414331713367
0.8213035739285215,0.9108617827643447
0.11543769124617508,0.10811783764324714
0.7740245195096098,0.6635667286654268
0.5859282814343714,0.46029079418411634
0.374532509349813,0.44549109017819644
0.20815583688326234,0.17137657246855065
0.635787284254315,0.15481690366192677
0.27853442931141376,0.3267734645307094
0.9364012719745606,0.9469810603787925
0.34371312573748525,0.3563128737425252
0.32027359452810944,0.49385012299754005
0.6897062058758825,0.5153096938061239
0.5200895982080359,0.5262294754104918
0.3857522849543009,0.29243415131697365
0.26691466170676587,0.3860522789544209
0.2625947481050379,0.5152696946061079
0.500889982200356,0.503429931401372
0.8635427291454171,0.43183136337273254
0.4264714705705886,0.6412871742565149
0.5242895142097158,0.6499470010599788
0.6537469250614988,0.36805263894722107
0.9020619587608248,0.8875022499550009
0.14325713485730285,0.18415631687366255
0.19805603887922243,0.15313693726125477
0.9614007719845603,0.9817803643927122
0.03119937601247975,0.06889862202755945
0.7297254054918901,0.876922461550769
0.12849743005139896,0.1760564788704226
0.752504949901002,0.6805663886722266
0.18317633647327053,0.18631627367452652
0.6476670466590668,0.7238655226895462
0.6876462470750585,0.6163676726465471
0.5587088258234836,0.5568488630227396
0.27073458530829386,0.22359552808943822
0.876382472350553,0.881322373552529
0.8428831423371533,0.874662506749865
0.6312673746525069,0.6548869022619548
0.8958220835583288,0.8984820303593929
0.4807703845923082,0.47395052098958024
0.124957500849983,0.1130377392452151
0.0875182496350073,0.0628787424251515
0.254094918101638,0.3398132037359253
0.6937261254774905,0.7219255614887703
0.39561208775824486,0.1612567748645027
0.10171796564068719,0.5739285214295714
0.6070678586428272,0.6054678906421872
0.0757184856302874,0.08425831483370333
0.049839003219935604,0.0505789884202316
0.5521689566208676,0.508289834203316
0.2264354712905742,0.07601847963040739
0.8623827523449531,0.8633227335453291
0.24609507809843803,0.1989360212795744
0.22843543129137417,0.378552428951421
0.34703305933881323,0.3516129677406452
0.03669926601467971,0.05581888362232756
0.754344913101738,0.7766044679106419
0.4340113197736045,0.4864902701945961
0.7080658386832264,0.6791464170716586
0.8471630567388653,0.8261434771304574
0.23403531929361412,0.20749585008299834
0.9063418731625368,0.7427451450970981
0.8570228595428092,0.8651426971460571
0.7162456750864983,0.8060438791224176
0.28407431851362974,0.21241575168496632
0.374272514549709,0.3677526449471011
0.3359532809343813,0.2857142857142857
0.11049779004419912,0.1380772384552309
0.29601407971840565,0.249255014899702
0.7837043259134817,0.6796064078718426
0.35761284774304514,0.4535709285814284
0.866302673946521,0.9434211315773685
0.9266414671706567,0.8167036659266815
0.7897042059158818,0.8172036559268815
0.9262014759704806,0.9224615507689846
0.9417811643767126,0.9324413511729766
0.5439891202175957,0.5754684906301875
0.9954800903981921,0.9960200795984081
0.5691086178276434,0.8081438371232575
0.6617267654646908,0.7089658206835864
0.4267714645707086,0.42133157336853266
0.7334853302933941,0.5809283814323714
0.8351632967340653,0.8351832963340734
0.7234655306893862,0.24539509209815805
0.3926321473570529,0.42161156776864467
0.35005299894002123,0.3639927201455971
0.6387872242555149,0.6722465550688986
0.5620687586248275,0.5260494790104198
0.5615087698246035,0.5547889042219156
0.7897442051158977,0.7166856662866743
0.05979880402391952,0.11817763644727106
0.004499910001799964,0.0029199416011679766
0.13447731045379094,0.1652966940661187
0.759744805103898,0.8639427211455771
0.8890422191556169,0.8350232995340093
0.10671786564268715,0.10765784684306315
0.8655426891462171,0.8885622287554249
0.16565668686626267,0.20879582408351835
0.28051438971220577,0.23297534049319013
0.38377232455350896,0.24737505249895003
0.7874642507149857,0.6123277534449312
0.3994920101597968,0.4140517189656207
0.16673666526669467,0.10589788204235916
0.7320053598928021,0.748065038699226
0.746685066298674,0.7660046799064019
0.869282614347713,0.8369632607347853
0.5343293134137318,0.497470050598988
0.3250934981300374,0.39435211295774086
0.7719045619087619,0.8009639807203857
0.5631487370252595,0.6002679946401073
0.03991920161596768,0.037839243215135696
0.9916001679966401,0.992660146797064
0.06423871522569549,0.10779784404311914
0.5431291374172517,0.6098278034439312
0.2976540469190616,0.07737845243095139
0.2650146997060059,0.24543509129817404
0.9568008639827204,0.9159016819663607
0.1015979680406392,0.23565528689426213
0.9632807343853124,0.9669406611867764
0.8428431431371373,0.8324233515329694
0.9307413851722965,0.9488210235795285
0.4418911621767565,0.4169716605667887
0.4891102177956441,0.4196116077678447
0.75502489950201,0.07829843403131938
0.8665626687466251,0.7491450170996581
0.6742465150696987,0.5708485830283394
0.8070438591228176,0.7290454190916182
0.8658826823463531,0.878282434351313
0.3886722265554689,0.3900321993560129
0.9060018799624008,0.9098818023639528
0.0046999060018799626,0.005639887202255955
0.9924401511969762,0.23447531049379014
0.2750144997100058,0.038359232815343695
0.4925101497970041,0.5892082158356833
0.19371612567748644,0.16739665206695867
0.7371852562948741,0.7129857402851943
0.0011999760004799903,0.0017199656006879863
0.632367352652947,0.7881242375152497
0.8878422431551369,0.9085618287634247
0.0869182616347673,0.04103917921641567
0.6035879282414351,0.6568668626627467
0.42381152376952463,0.4622507549849003
0.2409351812963741,0.2636347273054539
0.07817843643127138,0.05179896402071959
0.09463810723785525,0.021779564408711826
0.9910001799964001,0.993120137597248
0.44591108177836447,0.8839823203535929
0.9609407811843763,0.7722445551088979
0.31055378892422153,0.30675386492270157
0.7663646727065458,0.8040839183216336
0.6182276354472911,0.6605867882642348
0.16095678086438273,0.25845483090338195
0.8890222195556089,0.4362912741745165
0.8383632327353453,0.8631427371452571
0.5765884682306354,0.5441691166176676
0.6079478410431791,0.6944461110777784
0.3126137477250455,0.746485070298594
0.6419671606567869,0.5771484570308594
0.4796504069918602,0.36907261854762907
0.5595488090238195,0.5542089158216836
0.8357832843343134,0.8356232875342493
0.12413751724965501,0.10117797644047119
0.32495350092998143,0.35733285334293313
0.3268134637307254,0.5531089378212436
0.6082678346433071,0.20855582888342233
0.17095658086838264,0.17933641327173458
0.6610867782644347,0.6598268034639307
0.3882522349553009,0.3276734465310694
0.30471390572188556,0.3250934981300374
0.10479790404191916,0.16939661206775866
0.8100037999240015,0.8269634607307854
0.8645027099458011,0.6077078458430831
0.6480070398592028,0.6763064738705226
0.4682706345873083,0.3123937521249575
0.2806143877122458,0.28475430491390175
0.8550828983420332,0.8067638647227056
0.5807883842323154,0.3538529229415412
0.9456210875782485,0.9336013279734405
0.9700805983880323,0.5551888962220756
0.7439851202975941,0.16653666926661467
0.2867142657146857,0.2840943181136377
0.5899082018359633,0.6638667226655467
0.7235255294894103,0.747185056298874
0.057078858422831544,0.09383812323753525
0.3428131437371253,0.3642327153456931
0.8222835543289134,0.7275854482910342
0.7732245355092898,0.7356652866942661
0.3586528269434611,0.11649767004659907
0.5590688186236276,0.502089958200836
0.7885442291154178,0.7931041379172417
0.6059478810423792,0.747965040699186
0.3486330273394532,0.3345333093338133
0.5634887302253955,0.5782684346313074
0.4781304373912522,0.5362092758144837
0.3383132337353253,0.3936521269574609
0.0030599388012239755,0.005339893202135957
0.9494610107797844,0.9632807343853124
0.09153816923661527,0.07017859642807144
0.46091078178436434,0.3236135277294454
0.3545529089418212,0.2882142357152857
0.07047859042819143,0.18175636487270255
0.9267414651706967,0.8955420891582169
0.0031599368012639748,0.0036599268014639707
0.21945561088778226,0.2896942061158777
0.6799464010719786,0.6894862102757945
0.19507609847803045,0.19531609367812644
0.9068218635627288,0.9061218775624488
0.5989880202395952,0.4342913141737165
0.997780044399112,0.9983200335993281
0.3105737885242295,0.18217635647287056
0.9420611587768245,0.9185016299674007
0.16971660566788666,0.14831703365932683
0.9913601727965441,0.9933201335973281
0.5537089258214836,0.5529489410211796
0.33397332053358936,0.23307533849323014
0.633967320653587,0.7115857682846344
0.7458650826983461,0.8714825703485931
0.5350092998140037,0.6993460130797384
0.26999460010799786,0.20667586648267036
0.4669906601867963,0.634387312253755
0.4765704685906282,0.3531529369412612
0.18277634447311056,0.21941561168776624
0.249315013699726,0.22197556048879022
0.638067238655227,0.45987080258394836
0.376412471750565,0.4274514509709806
0.17843643127137457,0.11961760764784704
0.38435231295374095,0.38465230695386093
0.5942481150376993,0.6067678646427072
0.5141897162056759,0.4041119177616448
0.752784944301114,0.7841243175136497
0.4644307113857723,0.5159896802063959
0.41745165096698067,0.31139377212455754
0.630267394652107,0.42111157776844466
0.616107677846443,0.5789484210315794
0.3595728085438291,0.3624927501449971
0.8308033839323213,0.880282394352113
0.5978280434391312,0.44941101177976445
0.5930481390372193,0.5927081458370833
0.5169296614067719,0.5603287934241316
0.11549769004619909,0.15675686486270274
0.6403071938561229,0.7688246235075299
0.2991740165196696,0.29229415411691767
0.5313293734125317,0.5676086478270435
0.40723185536289275,0.4257114857702846
0.7035859282814344,0.756204875902482
0.7110057798844024,0.8055438891222176
0.38209235815283693,0.25655486890262197
0.9926401471970561,0.9924401511969762
0.5227495450090999,0.5178896422071558
0.3501529969400612,0.3644727105457891
0.5748085038299234,0.6151276974460511
0.11857762844743105,0.15453690926181476
0.05953880922381553,0.038039239215215695
0.5983880322393552,0.618987620247595
0.2130357392852143,0.29487410251794965
0.8953420931581368,0.8969020619587609
0.3380732385352293,0.33431331373372536
0.8473830523389533,0.8898222035559289
0.24769504609907803,0.3525729485410292
0.7303253934921302,0.8239035219295614
0.08479830403391933,0.07077858442831143
0.5836083278334433,0.6544469110617788
0.5483290334193316,0.5632087358252835
0.5306493870122597,0.5990280194396113
0.8473030539389212,0.8142037159256815
0.74832503349933,0.7805443891122178
0.5341893162136757,0.5198696026079479
0.32991340173196537,0.27159456810863786
0.3527329453410932,0.3916921661566769
0.08119837603247936,0.09297814043719126
0.9902601947961042,0.9879802403951922
0.7112457750844984,0.3876522469550609
0.019719605607887842,0.020419591608167836
0.8363632727345454,0.8064438711225775
0.2610547789044219,0.621487570248595
0.995740085198296,0.995540089198216
0.507009859802804,0.4627907441851163
0.6934461310773785,0.9537609247815044
0.01729965400691986,0.01887962240755185
0.6828063438731226,0.6325273494530109
0.5114297714045719,0.4609307813843723
0.29669406611867766,0.4140717185656287
0.28163436731265373,0.18503629927401452
0.7182856342873143,0.7318853622927541
0.252694946101078,0.2764544709105818
0.4278914421711566,0.5137497250054999
0.7596648067038659,0.3952520949581009
0.1868762624747505,0.16575668486630268
0.32815343693126137,0.34363312733745327
0.46771064578708427,0.5381492370152597
0.506489870202596,0.5960280794384113
0.7334453310933782,0.882082358352833
0.5406891862162757,0.4925501489970201
0.1493970120597588,0.23181536369272615
0.03665926681466371,0.05385892282154357
0.7065858682826344,0.6085278294434111
0.4509709805803884,0.41747165056698865
0.33525329493410133,0.2610747785044299
0.009399812003759925,0.01133977320453591
0.9930801383972321,0.992320153596928
0.626987460250795,0.505669886602268
0.9208415831683366,0.9915001699966001
0.7381652366952661,0.7225655486890262
0.8696826063478731,0.8479030419391612
0.7912041759164817,0.8247635047299055
0.6988460230795385,0.6850462990740186
0.28325433491330176,0.30785384292314155
0.08279834403311934,0.11957760844783105
0.13697726045479092,0.15853682926341472
0.5949481010379792,0.6801663966720666
0.7489450210995781,0.7820643587128258
0.8682026359472811,0.8661826763464731
0.5215295694086118,0.4648907021859563
0.29607407851842965,0.28453430931381374
0.8166236675266495,0.8562428751424972
0.42455150896982063,0.42033159336813264
0.6542269154616908,0.8328433431331373
0.9820403591928162,0.9844203115937682
0.03479930401391972,0.04875902481950361
0.9294214115717686,0.8816823663526729
0.24841503169936602,0.2895742085158297
0.3394332113357733,0.24437511249775004
0.9116817663646727,0.9221215575688486
0.5822083558328833,0.6644867102657948
0.7184856302873943,0.8341433171336573
0.11389772204555909,0.10327793444131118
0.14917701645967082,0.21927561448771024
0.6100477990440192,0.3369132617347653
0.6474470510589788,0.8443431131377372
0.31671366572668547,0.26377472450550987
0.5355292894142117,0.4731305373892522
0.3137337253254935,0.24335513289734206
0.15261694766104678,0.15765684686306275
0.4851902961940761,0.43719125617487653
0.05693886122277555,0.05883882322353553
0.8318433631327373,0.6943461130777385
0.0012199756004879904,0.0029399412011759767
0.7507649847003061,0.7349453010939782
0.5405291894162116,0.4509909801803964
0.4667106657866843,0.6734865302693946
0.7991640167196656,0.7879842403151938
0.15431691366172678,0.18717625647487052
0.14815703685926282,0.24827503449931002
0.38179236415271695,0.3927321453570929
0.13499730005399893,0.10875782484350313
0.6521069578608428,0.3011339773204536
0.31065378692426154,0.2777744445111098
0.4627507449851003,0.35915281694366114
0.4466510669786604,0.6212075758484831
0.9905601887962241,0.9900801983960321
0.21013579728405432,0.25783484330313394
0.8632627347453051,0.879482410351793
0.8257634847303055,0.4283714325713486
0.6511469770604588,0.7849643007139857
0.999280014399712,0.999180016399672
0.20529589408211837,0.2272954540909182
0.18075638487230256,0.18431631367372653
0.13717725645487092,0.12417751644967101
0.28395432091358175,0.3013939721205576
0.8706225875482491,0.878042439151217
0.8933621327573449,0.9239615207695846
0.9860802783944321,0.9892802143957121
0.375292494150117,0.5281894362112758
0.7389852202955941,0.6794464110717786
0.8090238195236096,0.8343233135337293
0.7029059418811624,0.6412471750564989
0.1500369992600148,0.19031619367612648
0.9789204215915682,0.9815803683926322
0.6941661166776665,0.627547449051019
0.9017619647607048,0.9242415151696967
0.009139817203655927,0.15993680126397472
0.1400771984560309,0.11209775804483911
0.31785364292714147,0.23219535609287814
0.5639287214255715,0.5670886582268355
0.32179356412871746,0.4004519909601808
0.8113837723245535,0.7678846423071539
0.6625667486650267,0.6876262474750505
0.9114217715645687,0.9139417211655767
0.0005999880002399952,0.0006199876002479951
0.502089958200836,0.4804903901921962
0.19091618167636648,0.17971640567188657
0.24303513929721407,0.23697526049479012
0.7688046239075219,0.617127657446851
0.26737465250694986,0.1401971960560789
0.0026999460010799785,0.0019199616007679848
0.18247635047299055,0.15839683206335875
0.4149117017659647,0.6025879482410352
0.5730485390292195,0.7247455050898982
0.7432051358972821,0.8100237995240096
0.6663466730665387,0.7736845263094738
0.3592328153436931,0.4053118937621248
0.04325913481730365,0.9863402731945361
0.6232675346493071,0.6519469610607788
0.06979860402791944,0.05281894362112758
0.25723485530289397,0.3137137257254855
0.9126617467650647,0.9249015019699607
0.5642287154256915,0.6057878842423152
0.6041879162416752,0.6675066498670027
0.36885262294754106,0.37259254814903703
0.7899042019159617,0.7214055718885622
0.6421471570568589,0.6131877362452751
0.503629927401452,0.4568908621827564
0.8538429231415372,0.8553028939421212
0.2266354672906542,0.1008179836403272
0.7288054238915221,0.7916841663166737
0.6528069438611228,0.6645467090658187
0.4118317633647327,0.40941181176376473
0.8996220075598488,0.8079238415231695
0.9125017499650008,0.8552828943421132
0.3604927901441971,0.2898142037159257
0.8908821823563529,0.8438831223375532
0.41849163016739666,0.3244535109297814
0.127037459250815,0.17099658006839863
0.3563728725425492,0.3977720445591088
0.2765744685106298,0.39259214815703686
0.6752264954700906,0.9239015219695607
0.44849103017939645,0.45641087178256434
0.7836243275134498,0.8656226875462492
0.18903621927561448,0.17959640807183858
0.33387332253354934,0.4535309293814124
0.9198616027679447,0.8884422311553769
0.31845363092738144,0.38133237335253295
0.5753084938301234,0.499490010199796
0.7923041539169217,0.501309973800524
0.7975440491190177,0.7826643467130657
0.7149057018859623,0.6053878922421552
0.6894862102757945,0.7836843263134737
0.6195676086478271,0.7474450510989781
0.7326453470930582,0.7337653246935062
0.33307333853322935,0.4006919861602768
0.39241215175696487,0.3534129317413652
0.5450690986180277,0.4128717425651487
0.5873682526349473,0.617247655046899
0.38319233615327697,0.33397332053358936
0.9853202935941282,0.9946601067978641
0.11433771324573509,0.12251754964900702
0.3854122917541649,0.15649687006259874
0.3696326073478531,0.375972480550389
0.6977260454790905,0.7182256354872902
0.376932461350773,0.5537289254214915
0.5448091038179237,0.38177236455270896
0.3037739245215096,0.1647567048659027
0.18385632287354253,0.375052498950021
0.060698786024279514,0.05263894722105558
0.8342433151336973,0.9128817423651527
0.9492810143797125,0.6786264274714506
0.6441671166576669,0.6524469510609788
0.053058938821223575,0.04425911481770365
0.16735665286694268,0.12889742205155896
0.49809003819923603,0.47451050978980425
0.500289994200116,0.5641087178256435
0.8039439211215776,0.7765444691106178
0.9118417631647368,0.6852062958740825
0.8185236295274095,0.7067658646827064
0.4263314733705326,0.40863182736345277
0.9887202255954881,0.9913001739965202
0.881442371152577,0.9280414391712166
0.7305053898922022,0.7380652386952261
0.10553788924221516,0.05919881602367953
0.5649887002259955,0.9408611827763445
0.3251734965300694,0.34603307933841326
0.6220075598488031,0.5535689286214276
0.2007759844803104,0.27207455850882983
0.40621187576248474,0.5442091158176837
0.08515829683406333,0.1525769484610308
0.5614887702245955,0.6730065398692027
0.13911721765564689,0.09163816723665527
0.047239055218895626,0.04807903841923162
0.9044219115617688,0.9169616607667846
0.7083658326833464,0.6084078318433631
0.7634447311053779,0.4556308873822524
0.012219755604887902,0.032899342013159735
0.18137637247255056,0.32919341613167735
0.36823263534729306,0.4402511949761005
0.9278614427711446,0.8673626527469451
0.6098078038439232,0.629147417051659
0.752144957100858,0.7070858582828343
0.7927641447171057,0.7676446471070579
0.7443251134977301,0.44555108897822043
0.6992260154796904,0.5989280214395712
0.5796284074318514,0.6634067318653627
0.5791084178316434,0.5691886162276755
0.0764984700305994,0.06497870042599148
0.6698666026679466,0.7792244155116897
0.636947261054779,0.6530669386612268
0.15617687646247075,0.1752364952700946
0.6697866042679147,0.04523909521809564
0.5719285614287715,0.5318293634127318
0.7055858882822343,0.4726505469890602
0.25555488890222194,0.2824943501129977
0.9928201435971281,0.9920601587968241
0.9360412791744166,0.9172016559668807
0.3511329773404532,0.632387352252955
0.5543489130217396,0.8150236995260095
0.628907421851563,0.6598868022639548
0.06827863442731145,0.11955760884782304
0.21721565568688628,0.2247755044899102
0.6371272574548509,0.7397052058958821
0.5905081898362033,0.6710865782684347
0.6812263754724905,0.7905841883162337
0.9390412191756166,0.9124017519649608
0.7686446271074578,0.8631627367452651
0.04025919481610368,0.04497910041799164
0.2620947581048379,0.2012959740805184
0.6495470090598189,0.6397072058558829
0.45669086618267635,0.4308713825723486
0.43061138777224456,0.4665306693866123
0.6922861542769145,0.7468650626987461
0.6181276374472511,0.3628927421451571
0.6778664426711466,0.6549069018619628
0.5943481130377393,0.5932681346373073
0.8660226795464091,0.7254654906901862
0.3959920801583968,0.4938701225975481
0.375012499750005,0.3011939761204776
0.6001479970400592,0.6093478130437392
0.5817883642327154,0.49537009259814807
0.9420011599768005,0.8347833043339133
0.4645907081858363,0.5522889542209156
0.47273054538909226,0.6624067518649627
0.13035739285214296,0.12991740165196697
0.9503609927801444,0.9424411511769765
0.5972080558388833,0.624587508249835
0.7988640227195456,0.5955480890382192
0.42861142777144456,0.48321033579328415
0.3057138857222856,0.14745705085898284
0.4909101817963641,0.5397292054158918
0.5564488710225796,0.21507569848603028
0.8329633407331853,0.8545029099418012
0.039459210815783685,0.03849923001539969
0.2390752184956301,0.27069458610827785
0.5866482670346593,0.5255094898102038
0.08045839083218335,0.17005659886802266
0.021999560008799823,0.02001959960800784
0.2651546969060619,0.2646947061058779
0.035939281214375715,0.07857842843143137
0.6729865402691947,0.7245055098898022
0.5660886782264355,0.8400631987360253
0.06471870562588748,0.27367452650946983
0.6461070778584429,0.6374072518549629
0.02917941641167177,0.04659906801863963
0.0507989840203196,0.12061758764824704
0.2995740085198296,0.34965300693986123
0.505209895802084,0.5362292754144917
0.746145077098458,0.5657086858262835
0.7271854562908742,0.6657666846663067
0.8685026299474011,0.8702425951480971
0.747365052698946,0.5732085358292834
0.3465330693386132,0.39589208215835686
0.18305633887322253,0.8517029659406812
0.41913161736765264,0.500589988200236
0.3495530089398212,0.4862102757944841
0.7064858702825944,0.8860622787544249
0.8643827123457531,0.8705625887482251
0.43223135537289253,0.6799064018719626
0.6911261774764504,0.7171256574868503
0.9141417171656567,0.9352812943741126
0.883682326353473,0.872142557148857
0.6655466890662187,0.511029779404412
0.06965860682786344,0.06155876882462351
0.5464690706185876,0.502869942601148
0.3138937221255575,0.3510929781404372
0.8011639767204656,0.7738645227095459
0.4619107617847643,0.16913661726765467
0.13309733805323895,0.11899762004759905
0.32357352852942944,0.37383252334953304
0.19219615607687848,0.19587608247835045
0.03237935241295174,0.08491830163396732
0.6732465350692987,0.6794664106717866
0.36875262494750105,0.3627727445451091
0.9163416731665367,0.9219215615687687
0.7252654946901063,0.7189056218875622
0.8034639307213856,0.8013839723205536
0.125477490450191,0.16695666086678268
0.7991240175196497,0.7244255114897702
0.16743665126697466,0.14397712045759084
0.8328833423331534,0.8340433191336174
0.4762304753904922,0.3654526909461811
0.9775404491910162,0.9781204375912482
0.21947561048779024,0.3166336673266535
0.8483230335393293,0.382272354552909
0.10251794964100719,0.10761784764304715
0.14395712085758286,0.23533529329413413
0.7207255854882902,0.5820683586328274
0.12281754364912702,0.06095878082438352
0.9842803143937121,0.9874602507949841
0.5304693906121878,0.5404291914161717
0.877122457550849,0.884142317153657
0.05623887522249555,0.08639827203455931
0.14469710605787886,0.11079778404431911
0.4396712065758685,0.4424111517769645
0.4723105537889242,0.5316293674126518
0.004519909601807964,0.003379932401351973
0.40877182456350875,0.42087158256834867
0.4768504629907402,0.4632907341853163
0.07029859402811944,0.1367372652546949
0.4085718285634287,0.5412691746165077
0.5700685986280275,0.6017679646407073
0.6076678466430672,0.5614887702245955
0.6649067018659627,0.5531689366212676
0.9411011779764406,0.9516209675806484
0.6717265654686907,0.6952860942781145
0.0503189936201276,0.12041759164816704
0.9215815683686327,0.9040019199616008
0.9222415551688966,0.9023619527609448
0.13401731965360694,0.16061678766424672
0.07055858882822344,0.05747885042299154
0.25291494170116596,0.15513689726205476
0.8866022679546409,0.9293414131717366
0.8142037159256815,0.7653846923061539
0.7811243775124498,0.5797684046319074
0.19293614127717446,0.20985580288394232
0.7206255874882502,0.7067458650826983
0.5093498130037399,0.4225715485690286
0.45809083818323637,0.3663926721465571
0.6113077738445232,0.5685286294274114
0.6929461410771784,0.7659246815063699
0.6033479330413392,0.627127457450851
0.7888842223155537,0.6481870362592749
0.3558528829423412,0.5233895322093558
0.4552708945821084,0.629267414651707
0.31997360052798945,0.3389132217355653
0.10785784284314313,0.09601807963840724
0.888622227555449,0.7755244895102098
0.2268754624907502,0.2660746785064299
0.15731685366292675,0.19487610247795045
0.6441071178576429,0.4592308153836923
0.9426211475770485,0.9433411331773365
0.13321733565328694,0.16021679566408673
0.9220415591688167,0.3226935461290774
0.5183896322073559,0.6344673106537869
0.4106717865642687,0.1365572688546229
0.48439031219375617,0.46045079098418035
0.5398892022159557,0.6136277274454511
0.7139057218855623,0.5865282694346113
0.11937761244775105,0.12109757804843904
0.6004279914401712,0.6166476670466591
0.10981780364392713,0.10571788564228715
0.5443091138177236,0.5907681846363073
0.44517109657806847,0.3172736545269095
0.3273734525309494,0.3894922101557969
0.9093618127637447,0.881142377152457
0.0042999140017199655,0.0037999240015199696
0.34907301853962924,0.49835003299934005
0.4909701805963881,0.5594688106237875
0.752944941101178,0.6505069898602028
0.5695486090278195,0.4687306253874923
0.3283534329313414,0.33701325973480534
0.8620027599448011,0.8679826403471931
0.048559028819423616,0.0765984680306394
0.16925661486770266,0.18297634047319053
0.9118617627647447,0.9014619707605849
0.6940861182776344,0.6618067638647227
0.5281694366112678,0.5460490790184197
0.14239715205695885,0.19377612447751047
0.3293134137317254,0.2867342653146937
0.5107097858042839,0.6143077138457231
0.10853782924341514,0.0634787304253915
0.22393552128957422,0.17145657086858263
0.09051818963620728,0.17125657486850263
0.3095938081238375,0.7411651766964661
0.10697786044279115,0.03113937721245575
0.08483830323393532,0.0749985000299994
0.31751364972700546,0.41517169656606867
0.876622467550649,0.8045639087218256
0.8409231815363692,0.8602227955440892
0.6541869162616748,0.6790664186716265
0.24633507329853405,0.14651706965860684
0.26851462970740586,0.19061618767624647
0.23459530809383813,0.23479530409391813
0.29419411611767765,0.1992760144797104
0.011679766404671907,0.013279734405311895
0.5732285354292914,0.6595468090638188
0.1367372652546949,0.19581608367832645
0.5897682046359073,0.3419531609367813
0.6917061658766825,0.5740885182296355
0.045299094018119636,0.031059378812423752
0.4444711105777885,0.4727105457890842
0.07975840483190337,0.09109817803643927
0.25389492210155795,0.2907741845163097
0.3154336913261735,0.4028919421611568
0.10937781244375112,0.13333733325333494
0.1500169996600068,0.14707705845883082
0.30933381332373355,0.2246355072898542
0.16037679246415074,0.2125157496850063
0.5917281654366913,0.36879262414751707
0.8884022319553609,0.884922301553969
0.8298034039319214,0.6891262174756505
0.41877162456750866,0.4367712645747085
0.7696246075078499,0.755164896702066
0.8661826763464731,0.8392232155356893
0.6003279934401312,0.43211135777284454
0.9146817063658728,0.9418011639767205
0.2856942861142777,0.2375952480950381
0.5310893782124357,0.4492910141797164
0.31855362892742145,0.3300733985320294
0.005739885202295954,0.5078898422031559
0.1745765084698306,0.018159636807263856
0.6189276214475711,0.5985280294394112
0.20429591408171838,0.16241675166496672
0.0498190036199276,0.04637907241855163
0.7148657026859463,0.74932501349973
0.6572468550628988,0.5267694646107078
0.006539869202615948,0.048419031619367614
0.9998000039999201,0.999560008799824
0.0038399232015359696,0.004019919601607968
0.5294694106117878,0.21057578848423034
0.4526509469810604,0.27013459730805384
0.12445751084978302,0.11345773084538309
0.5759884802303954,0.8182036359272815
0.6762864742705146,0.7238855222895543
0.30653386932261356,0.3177136457270855
0.4845503089938201,0.34421311573768526
0.3674726505469891,0.38017239655206897
0.28035439291214176,0.2257354852902942
0.7098858022839544,0.7176256474870503
0.8499230015399692,0.7011059778804424
0.5286494270114598,0.48401031979360415
0.2819343613127738,0.19381612367752646
0.9299214015719686,0.9623807523849524
0.34481310373792523,0.5316693666126677
0.2150556988860223,0.22079558408831823
0.9451610967780645,0.9270014599708006
0.3135337293254135,0.27971440571188577
0.880042399152017,0.8954220915581689
0.03937921241575169,0.04151916961660767
0.2657546849063019,0.1508769824603508
0.7274654506909862,0.7818843623127538
0.9183816323673527,0.8379632407351854
0.34649307013859726,0.4145517089658207
0.5299694006119878,0.5656286874262515
0.5800283994320113,0.4111317773644527
0.9296814063718726,0.882122357552849
0.7108257834843303,0.3294934101317974
0.9458010839783204,0.7271454570908582
0.8603827923441532,0.8509229815403693
0.5907681846363073,0.6008879822403552
0.04179916401671967,0.05649887002259955
0.29155416891662167,0.27945441091178175
0.6686266274674507,0.6534269314613708
0.503729925401492,0.41837163256734866
0.8208435831283375,0.7880842383152338
0.10985780284394313,0.12255754884902302
0.9432011359772805,0.9415811683766325
0.5463090738185237,0.5521089578208436
0.6102077958440831,0.6077278454430911
0.375992480150397,0.30997380052398954
0.7602447951040979,0.8918821623567529
0.07383852322953541,0.18723625527489451
0.6957260854782905,0.754544909101818
0.40881182376352476,0.6801263974720506
0.12141757164856704,0.21035579288414233
0.750384992300154,0.7801443971120577
0.19837603247935043,0.11827763444731106
0.745205095898082,0.44683106337873246
0.6874262514749705,0.7935441291174177
0.5357692846143077,0.500289994200116
0.8384232315353694,0.6848663026739465
0.6157076858462831,0.4556908861822764
0.4019319613607728,0.44605107897842045
0.7944841103177936,0.6637667246655067
0.1014579708405832,0.45423091538169236
0.6605067898642027,0.512389752204956
0.41931161376772463,0.5131097378052439
0.8417031659366813,0.756464870702586
0.890902181956361,0.8762024759504811
0.8204035919281615,0.8439231215375693
0.381532369352613,0.3401131977360453
0.4947901041979161,0.44473110537789245
0.511729765404692,0.4758104837903242
0.46331073378532434,0.2588348233035339
0.6745665086698266,0.7300053998920022
0.41643167136657266,0.39499210015799685
0.5485090298194036,0.3384932301353973
0.2150356992860143,0.22351552968940622
0.9563608727825443,0.9174616507669847
0.9336013279734405,0.9281014379712406
0.76052478950421,0.881522369552609
0.5247895042099158,0.5679886402271955
0.34953300933981324,0.4639907201855963
0.9798604027919442,0.9852002959940801
0.7308053838923222,0.500129997400052
0.252214955700886,0.2276354472910542
0.3951320973580528,0.3890322193556129
0.4245315093698126,0.4656506869862603
0.8202635947281055,0.8156836863262735
0.5783684326313474,0.5776884462310754
0.3411531769364613,0.2762344753104938
0.9843603127937441,0.9840603187936242
0.21829563408731825,0.25781484370312596
0.25077498450031,0.16093678126437472
0.2115957680846383,0.11537769244615108
0.4416111677766445,0.4512109757804844
0.9850802983940321,0.9807403851922962
0.1888962220755585,0.27269454610907784
0.2162356752864943,0.1753364932701346
0.5996680066398672,0.5931681366372673
0.6510069798604028,0.7228055438891222
0.30779384412311755,0.20731585368292635
0.29195416091678167,0.43627127457450854
0.22937541249175017,0.23445531089378213
0.08323833523329534,0.08499830003399932
0.6828863422731546,0.40807183856322876
0.878082438351233,0.9062618747625047
0.9453410931781364,0.9445811083778325
0.9031419371612568,0.9419211615767685
0.7431851362972741,0.7369652606947862
0.06707865842683147,0.055378892422151556
0.2264754704905902,0.20393592128157437
0.7233655326893462,0.624887502249955
0.6964460710785785,0.6100077998440031
0.5878282434351313,0.07747845043099139
0.04073918521629567,0.41569168616627666
0.9037019259614808,0.8371232575348493
0.632667346653067,0.7124057518849624
0.9593208135837283,0.9305213895722085
0.9175016499670007,0.6129077418451632
0.9873002539949202,0.9773004539909202
0.6692666146677066,0.8206035879282415
0.5916281674366513,0.634307313853723
0.6649467010659788,0.6833863322733545
0.3264534709305814,0.2897542049159017
0.9733805323893523,0.9716405671886562
0.6967060658786824,0.6434071318573629
0.5469490610187796,0.5565288694226116
0.13529729405411892,0.18383632327353452
0.4065718685626288,0.5741485170296594
0.4944501109977801,0.5456290874182517
0.7930441391172177,0.7322453550928981
0.18333633327333454,0.16821663566728667
0.9467610647787045,0.9426611467770645
0.5795884082318353,0.6942261154776904
0.20393592128157437,0.15951680966380674
0.50884982300354,0.6214275714485711
0.05643887122257555,0.043799124017519654
0.11461770764584708,0.09265814683706326
0.8484630307393852,0.877062458750825
0.5724885502289955,0.502609947801044
0.13359732805343894,0.5234695306093878
0.5165096698066038,0.35525289494210116
0.35389292214155715,0.4174316513669727
0.018399632007359855,0.017899642007159856
0.623647527049459,0.5545289094218115
0.7992440151196977,0.749005019899602
0.041859162816743664,0.04625907481850363
0.8563228735425292,0.8575628487430251
0.034439311213775727,0.251454970900582
0.8626827463450731,0.873402531949361
0.5800883982320354,0.3955920881582369
0.874402511949761,0.8483630327393452
0.758144837103258,0.5884082318353633
0.014739705205895882,0.059638807223855526
0.13645727085458292,0.16819663606727867
0.23471530569388613,0.44701105977880445
0.8414831703365933,0.8294634107317854
0.2026559468810624,0.24997500049999
0.23101537969240615,0.2971340573188536
0.9969200615987681,0.9948601027979441
0.09029819403611929,0.12977740445191097
0.40647187056258877,0.628267434651307
0.25553488930221396,0.36959260814783707
0.22459550808983822,0.2243555128897422
0.6767864642707146,0.42227155456890864
0.2651946961060779,0.3243535129297414
0.002019959600807984,0.002279954400911982
0.12487750244995101,0.06747865042699146
0.7391052178956421,0.751944961100778
0.4174916501669967,0.5265694686106278
0.6893862122757545,0.7099458010839783
0.8647027059458812,0.8000639987200256
0.9523809523809524,0.9665806683866323
0.4785304293914122,0.747745045099098
0.6971460570788585,0.9327613447731046
0.11569768604627907,0.10529789404211916
0.4031319373612528,0.45927081458370833
0.8522029559408812,0.504609907801844
0.19733605327893441,0.23553528929421413
0.38429231415371695,0.4756304873902522
0.4149517009659807,0.3612127757444851
0.126897462050759,0.024379512409751804
0.9048219035619288,0.9284214315713686
0.40471190576188476,0.6682466350672986
0.4731105377892442,0.42293154136917266
0.9900001999960001,0.9800803983920322
0.01611967760644787,0.09169816603667927
0.13373732525349494,0.11589768204635907
0.8426431471370572,0.8742425151496971
0.20749585008299834,0.24761504769904602
0.9630807383852323,0.9557808843823123
0.5363692726145477,0.5561088778224436
0.5529489410211796,0.8085438291234176
0.5591288174236515,0.635687286254275
0.16807663846723067,0.15579688406231876
0.17897642047159057,0.12273754524909503
0.1133177336453271,0.13313733725325494
0.4147317053658927,0.4763304733905322
0.5676286474270514,0.5939281214375712
0.5413291734165316,0.6191076178476431
0.7049859002819944,0.6242875142497151
0.07425851482970341,0.07891842163156737
0.4763104737905242,0.49813003739925205
0.26085478290434194,0.254194916101678
0.038559228815423695,0.026959460810783785
0.623987520249595,0.6599068018639628
0.4499110017799644,0.4153916921661567
0.03489930201395972,0.06555868882622348
0.2753144937101258,0.23663526729465412
0.16885662286754266,0.3416131677366453
0.632447351052979,0.6783064338713226
0.0752784944301114,0.13421731565368694
0.4947301053978921,0.505889882202356
0.010439791204175916,0.0126197476050479
0.5695686086278274,0.38497230055398896
0.21717565648687026,0.10965780684386313
0.5282694346113078,0.47299054018919623
0.5322893542129158,0.5375492490150198
0.8614027719445612,0.8465430691386172
0.2642147157056859,0.29527409451810965
0.5898282034359313,0.7794244115117698
0.19693606127877444,0.19301613967720646
0.4921101577968441,0.3249735005299894
0.7854042919141617,0.8642227155456891
0.6406471870562589,0.48149037019259616
0.10651786964260715,0.16961660766784664
0.8095838083238336,0.7879442411151777
0.5978880422391553,0.5798484030319394
0.7241655166896662,0.76282474350513
0.6140477190456191,0.754484910301794
0.036839263214735705,0.04891902161956761
0.39853202935941284,0.40505189896202076
0.75122497550049,0.3890122197556049
0.9061218775624488,0.9348613027739445
0.5653286934261315,0.5794884102317954
0.8932221355572889,0.9130617387652247
0.7929041419171616,0.6751864962700747
0.883262334753305,0.876242475150497
0.13151736965260696,0.10331793364132717
0.2643347133057339,0.14415711685766286
0.4567108657826844,0.2870342593148137
0.5923481530369393,0.44295114097718047
0.125737485250295,0.0504189916201676
0.7893042139157217,0.6686066278674426
0.6428871422571549,0.616327673446531
0.0745985080298394,0.11725765484690306
0.4340713185736285,0.46991060178796423
0.5154096918061639,0.5324293514129718
0.2742545149097018,0.2249555008899822
0.23691526169476612,0.3262134757304854
0.9160616787664247,0.8981220375592488
0.8687626247475051,0.1887162256754865
0.12953740925181498,0.2748345033099338
0.4164716705665887,0.42083158336833265
0.9084418311633767,0.9253814923701527
0.35971280574388514,0.4029519409611808
0.7894042119157617,0.7674846503069939
0.07111857762844744,0.46955060898782025
0.510929781404372,0.4881702365952681
0.42227155456890864,0.5811283774324514
0.033099338013239735,0.017079658406831864
0.26079478410431794,0.378392432151357
0.754744905101898,0.8341833163336734
0.9156016879662408,0.8528629427411452
0.5416091678166437,0.6732465350692987
0.2268954620907582,0.376992460150797
0.126437471250575,0.06491870162596748
0.016539669206615867,0.015939681206375872
0.5384092318153637,0.48447031059378814
0.1501169976600468,0.15711685766284675
0.5155296894062119,0.4243315133697326
0.9216415671686566,0.9008019839603209
0.08427831443371132,0.2851342973140537
0.042479150416991664,0.03215935681286374
0.6010679786404272,0.4895502089958201
0.05775884482310354,0.08129837403251935
0.22405551888962222,0.19131617367652648
0.8999020019599608,0.8870422591548169
0.03707925841483171,0.03175936481270375
0.5119697606047879,0.38185236295274094
0.9107017859642808,0.9092818143637128
0.7013659726805465,0.038059238815223696
0.7838643227135458,0.8660226795464091
0.125337493250135,0.07801843963120737
0.5151096978060439,0.5728885422291554
0.45555088898222035,0.4522309553808924
0.7642847143057139,0.7884442311153778
0.39659206815863685,0.36777264454710906
0.2886942261154777,0.125817483650327
0.1382172356552869,0.1660366792664147
0.9599208015839683,0.9589008219835604
0.9353012939741205,0.9042019159616808
0.19415611687766246,0.19481610367792646
0.7014059718805624,0.6156276874462511
0.024219515609687808,0.12639747205055898
0.3474530509389812,0.43237135257294856
0.05805883882322354,0.0500589988200236
0.6865662686746266,0.4412911741765165
0.5902081958360833,0.46057078858422834
0.31969360612787745,0.4377112457750845
0.5565288694226116,0.45605087898242036
0.18373632527349454,0.23505529889402213
0.0759384812303754,0.11987760244795105
0.45965080698386035,0.4070918581628368
0.8271434571308575,0.8676626467470651
0.6963460730785385,0.7666246675066499
0.8528429431411372,0.8630827383452331
0.26733465330693384,0.19399612007759845
0.29933401331973364,0.3626727465450691
0.8098238035239296,0.8157836843263135
0.2270754584908302,0.21347573048539029
0.9698206035879283,0.9484810303793925
0.09327813443731126,0.09665806683866324
0.7216855662886742,0.8100437991240176
0.6923061538769225,0.7263654726905462
0.4173916521669567,0.6951860962780745
0.09377812443751125,0.11157776844463112
0.8838623227535449,0.8585828283434331
0.37503249935001304,0.44433111337773246
0.4021319573608528,0.4762704745905082
0.3372932541349173,0.36873262534749307
0.9680606387872243,0.9653206935861283
0.005539889202215956,0.007019859602807944
0.9442411151776965,0.9467410651786965
0.25327493450131,0.1998760024799504
0.8382632347353053,0.7962240755184896
0.04543909121817564,0.03661926761464771
0.5701085978280435,0.621027579448411
0.6491870162596748,0.6515469690606188
0.09677806443871123,0.09845803083938322
0.4248115037699246,0.41797164056718866
0.4623707525849483,0.24223515529689407
0.9036219275614488,0.9562208755824884
0.6978860422791544,0.6640267194656108
0.49905001899962004,0.36165276694466114
0.3540329193416132,0.501409971800564
0.6368872622547549,0.5903481930361393
0.994380112397752,0.9932201355972881
0.1642967140657187,0.08393832123357534
0.7432851342973141,0.758004839903202
0.14531709365812684,0.13529729405411892
0.4663106737865243,0.45981080378392436
0.03417931641367173,0.003539929201415972
0.5512689746205076,0.6721665566688666
0.763384732305354,0.75102497950041
0.1528569428611428,0.06693866122677547
0.9975400491990161,0.9822803543929122
0.4700305993880123,0.628607427851443
0.5047899042019159,0.5337493250134997
0.6723865522689546,0.46081078378432433
0.999060018799624,0.9748805023899523
0.9297614047719046,0.9182816343673127
0.7654046919061619,0.8013039739205217
0.2270354592908142,0.21821563568728627
0.6032679346413072,0.5255894882102358
0.9757604847903042,0.9608007839843203
0.8548029039419212,0.8856822863542729
0.8481430371392572,0.8385032299354013
0.34513309733805325,0.3503129937401252
0.07929841403171937,0.09465810683786324
0.22151556968860622,0.22097558048839025
0.3409731805363893,0.380852382952341
0.37185256294874103,0.3899122017559649
0.4767904641907162,0.4008919821603568
0.6088478230435391,0.37973240535189295
0.40991180176396474,0.74622507549849
0.6758264834703306,0.756344873102538
0.8297034059318814,0.7936041279174417
0.7127857442851143,0.8229635407291854
0.8608227835443292,0.9140217195656087
0.8332233355332893,0.7626847463050739
0.9760004799904002,0.9562008759824804
0.5292494150116998,0.49407011859762806
0.3176136477270455,0.4073718525629488
0.23307533849323014,0.31701365972680545
0.6559668806623867,0.6820663586728266
0.3640127197456051,0.5397892042159157
0.34743305133897323,0.27291454170916585
0.10885782284354313,0.12839743205135898
0.5290894182116358,0.5872482550348993
0.2395352092958141,0.3176136477270455
0.9555408891822164,0.9597008059838803
0.38305233895322094,0.7102457950840984
0.751704965900682,0.8208235835283295
0.9186416271674567,0.877502449951001
0.7173656526869463,0.6894462110757785
0.21659566808663827,0.18963620727585448
0.43191136177276457,0.4445911081778365
0.5498690026199476,0.6337873242535149
0.7164856702865943,0.25587488250234997
0.03313933721325574,0.04079918401631968
0.9416411671766565,0.9410411791764165
0.6812863742725146,0.7458450830983381
0.34987300253994924,0.23539529209415813
0.9221615567688647,0.9509409811803764
0.5987480250394992,0.4785904281914362
0.507629847403052,0.8522829543409132
0.9312013759724805,0.9067818643627128
0.8304233915321694,0.8207835843283134
0.7942641147177056,0.8579228415431691
0.5654486910261795,0.5997480050398992
0.42123157536849265,0.35863282734345314
0.2136957260854783,0.2143157136857263
0.8507429851402972,0.879762404751905
0.9876802463950721,0.9887802243955122
0.884502309953801,0.888142237155257
0.7806843863122738,0.8564428711425772
0.7884642307153857,0.7810643787124257
0.5730285394292114,0.36835263294734105
0.4176516469670607,0.18535629287414251
0.09667806643867123,0.13651726965460692
0.1867562648747025,0.19333613327733445
0.9386412271754565,0.9708805823883523
0.15243695126097478,0.13441731165376694
0.5943281134377313,0.5950880982380352
0.6525469490610188,0.7131257374852503
0.8307633847323054,0.7232255354892902
0.8977620447591048,0.8967220655586888
0.8957820843583129,0.8446431071378573
0.6110877782444352,0.7440251194976101
0.44671106577868447,0.30915381692366156
0.2135757284854303,0.21841563168736627
0.7147057058858823,0.6994060118797625
0.9176416471670567,0.9183216335673287
0.08663826723465531,0.14483710325793483
0.5103697926041479,0.5164096718065639
0.11525769484610308,0.18511629767404653
0.8940621187576249,0.872502549949001
0.8519829603407932,0.877322453550929
0.17013659726805463,0.21247575048499032
0.9134017319653607,0.8918421631567369
0.6196276074478511,0.6851062978740425
0.8613227735445291,0.8442431151376972
0.6871462570748585,0.5424291514169717
0.30893382132357355,0.2994140117197656
0.12349753004939902,0.13403731925361492
0.0021999560008799826,0.0031999360012799744
0.9457010859782805,0.9489210215795685
0.16989660206795865,0.3024739505209896
0.04697906041879162,0.052178956420871586
0.6101077978440431,0.5886282274354513
0.0001999960000799984,0.00003999920001599968
0.0619987600247995,0.05911881762364753
0.380372392552149,0.45439091218175637
0.43079138417231655,0.6481070378592428
0.5571688566228675,0.41249175016499673
0.018159636807263856,0.016659666806663868
0.4365912681746365,0.379252414951701
0.0639787204255915,0.12301753964920702
0.39571208575828487,0.41843163136737266
0.745565088698226,0.6739265214695707
0.15947681046379072,0.13221735565288695
0.5548289034219316,0.5043299134017319
0.8698226035479291,0.876022479550409
0.8417231655366892,0.8516029679406412
0.3871922561548769,0.23677526449471012
0.5699486010279795,0.8636627267454651
0.6984060318793625,0.6154676906461871
0.9646407071858563,0.9632007359852803
0.9085218295634088,0.8629827403451932
0.32227355452890943,0.32387352252954943
0.9452610947781045,0.9328013439731205
0.25475490490190195,0.2741345173096538
0.5450090998180036,0.48413031739365214
0.3294334113317734,0.23193536129277414
0.12751744965100698,0.30853382932341356
0.14949701005979882,0.13459730805383893
0.14241715165696686,0.11933761324773505
0.9591408171836564,0.9460810783784325
0.8127037459250815,0.8056238875222496
0.15587688246235076,0.1737565248695026
0.9039819203615928,0.9128017439651207
0.40351192976140476,0.5178296434071319
0.4669306613867723,0.40749185016299677
0.6032879342413152,0.6083878322433551
0.3499130017399652,0.2027759444811104
0.9114817703645928,0.8961620767584648
0.9047419051618968,0.9088618227635448
0.0746385072298554,0.09439811203775925
0.10207795844083119,0.15353692926141477
0.7012459750804985,0.500689986200276
0.1132777344453111,0.04663906721865563
0.38767224655506893,0.35967280654386913
0.2386752264954701,0.23097538049239016
0.876482470350593,0.8952220955580888
0.14233715325693486,0.19675606487870242
0.37233255334893306,0.18271634567308653
0.7858842823143537,0.38561228775424494
0.13423731525369492,0.17107657846843063
0.3525929481410372,0.3356732865342693
0.01603967920641587,0.023399532009359812
0.500569988600228,0.21109577808443833
0.9308013839723206,0.9184616307673846
0.9899402011959761,0.9916001679966401
0.28497430051398975,0.31077378452430954
0.879682406351873,0.8603227935441291
0.20633587328253436,0.1119777604447911
0.9606607867842644,0.9748205035899282
0.7174056518869623,0.7232655346893062
0.756844863102738,0.7197056058878822
0.9649007019859603,0.9728405431891363
0.2612947741045179,0.27105457890842183
0.23453530929381414,0.24573508529829405
0.09473810523789525,0.05693886122277555
0.11849763004739905,0.1391972160556789
0.9192416151676966,0.9140617187656247
0.45949081018379634,0.42043159136817265
0.9222215555688886,0.8626027479450411
0.8584228315433692,0.8419431611367773
0.7824843503129938,0.7193856122877542
0.7736845263094738,0.30695386092278154
0.15523689526209478,0.1526569468610628
0.378892422151557,0.3023339533209336
0.9108817823643528,0.8701625967480651
0.7625247495050099,0.6625267494650108
0.01645967080658387,0.01509969800603988
0.16035679286414273,0.27053458930821384
0.6158276834463311,0.5955880882382353
0.6712465750684986,0.5488890222195556
0.04135917281654367,0.020559588808223835
0.03811923761524769,0.038479230415391696
0.9867202655946882,0.9887602247955041
0.10761784764304715,0.15425691486170276
0.9539809203815924,0.9521609567808644
0.9894602107957842,0.9881802363952721
0.4501709965800684,0.5613487730245396
0.48097038059238817,0.4812303753924922
0.2876542469150617,0.27989440211195776
0.46663066738665226,0.5246895062098759
0.17779644407111858,0.23377532449351013
0.5601287974240515,0.6655666886662267
0.050438991220175595,0.046039079218415636
0.6932861342773144,0.5271894562108758
0.6176876462470751,0.5150896982060359
0.626607467850643,0.4802103957920842
0.11843763124737505,0.620807583848323
0.7119257614847704,0.7334653306933862
0.8901421971560569,0.8716225675486491
0.8480430391392172,0.8930221395572089
0.2795144097118058,0.2392752144957101
0.871822563548729,0.9614207715845683
0.9666406671866563,0.9572408551828964
0.05239895202095958,0.06839863202735945
0.6880262394752105,0.6975260494790104
0.11931761364772706,0.06519869602607949
0.5930681386372273,0.6469670606587868
0.5507889842203156,0.7216855662886742
0.3143937121257575,0.36263274734505313
0.9320413591728166,0.8773424531509371
0.7735845283094338,0.7616447671046579
0.21005579888402232,0.3428131437371253
0.15479690406191876,0.21625567488650227
0.889302213955721,0.5973680526389472
0.869982600347993,0.8512029759404812
0.1875562488750225,0.24475510489790206
0.3265734685306294,0.28389432211355775
0.015859682806343874,0.08201835963280735
0.19255614887702246,0.29121417571648567
0.4904501909961801,0.6590468190636187
0.614507709845803,0.40921181576368476
0.5595888082238355,0.7960640787184257
0.2390952180956381,0.2587748245035099
0.9816603667926642,0.9450810983780324
0.5143897122057559,0.5778684426311474
0.058638827223455536,0.05491890162196756
0.45773084538309233,0.4860502789944201
0.47441051178976423,0.7149457010859783
0.05865882682346353,0.09013819723605528
0.7048059038819224,0.6450270994580108
0.8481030379392412,0.7854042919141617
0.9251614967700647,0.9564008719825604
0.76362472750545,0.7428651426971461
0.6738265234695306,0.7027459450810984
0.5665486690266195,0.6594268114637708
0.32073358532829344,0.4103517929641407
0.006899862002759945,0.057218855622887546
0.1631767364652707,0.21201575968480632
0.006919861602767945,0.006159876802463951
0.7315053698926022,0.7956440871182576
0.8585028299434012,0.9535009299814005
0.03907921841563169,0.04289914201715966
0.6137477250454991,0.37063258734825305
0.4920501589968201,0.6066478670426592
0.625687486250275,0.5956480870382592
0.9335213295734086,0.9331213375732486
0.11089778204435911,0.1121777564448711
0.5190096198076039,0.5554488910221795
0.8175836483270335,0.7107657846843063
0.15901681966360673,0.28265434691306174
0.21795564088718225,0.21015579688406233
0.24319513609727805,0.31031379372412554
0.7655846883062339,0.7459450810983781
0.5852882942341153,0.50534989300214
0.4812503749925002,0.3445931081378373
0.2270154596908062,0.2621547569048619
0.9718205635887283,0.6887462250754985
0.2671746565068699,0.23409531809363812
0.750264994700106,0.34131317373652525
0.5502089958200836,0.5533089338213236
0.4294314113717726,0.19903601927961442
0.2740945181096378,0.29329413411731764
0.3878122437551249,0.5126497470050599
0.7023859522809544,0.7182856342873143
0.381812363752725,0.7111057778844423
0.6703065938681226,0.502289954200916
0.060718785624287515,0.06669866602667947
0.2663946721065579,0.38093238135237295
0.47589048219035623,0.5263694726105478
0.5583888322233556,0.5377092458150837
0.5219495610087799,0.5628287434251316
0.8696626067478651,0.873182536349273
0.19937601247975043,0.21667566648667028
0.1857562848743025,0.18249635007299855
0.25889482210355796,0.28499430011399773
0.5628487430251395,0.43055138897222056
0.8456630867382653,0.7774844503109938
0.2121157576848463,0.3652126957460851
0.7975240495190097,0.8347633047339054
0.7031659366812664,0.6431071378572428
0.9497610047799044,0.879582408351833
0.8829423411531769,0.8963220735585289
0.3993720125597488,0.9464810703785924
0.4265914681706366,0.4542509149817004
0.5169496610067799,0.4022919541609168
0.8559628807423851,0.7971040579188416
0.7406251874962501,0.8861822763544729
0.6818263634727306,0.7250854982900342
0.39721205575888485,0.374552508949821
0.7869642607147858,0.8470030599388012
0.4457910841783165,0.5565088698226036
0.6324273514529709,0.6073078538429232
0.7112257754844903,0.7580848383032339
0.19941601167976641,0.28167436651266975
0.8897422051558969,0.9059818803623928
0.875942481150377,0.8455230895382093
0.8460230795384093,0.7872642547149057
0.9717005659886803,0.9669006619867603
0.7375852482950341,0.7387052258954822
0.15971680566388674,0.1750164996700066
0.8315633687326254,0.878642427151457
0.4667906641867163,0.44783104337913243
0.03303933921321574,0.03859922801543969
0.9476810463790725,0.9246415071698566
0.0377592448151037,0.014939701205975882
0.48373032539349214,0.5721885562288754
0.253554928901422,0.24607507849843005
0.8237035259294815,0.876762464750705
0.6699866002679946,0.6783664326713466
0.7108857822843543,0.753084938301234
0.33169336613267736,0.37257254854902905
0.5352492950140998,0.4920301593968121
0.8744825103497931,0.9139017219655607
0.31145377092458154,0.3275934481310374
0.019279614407711847,0.015959680806383873
0.5995880082398353,0.7018859622807544
0.757764844703106,0.6843863122737546
0.38425231495370094,0.34729305413891726
0.15517689646207075,0.16809663806723865
0.4907501849963001,0.4644307113857723
0.7903641927161457,0.8340833183336334
0.1400171996560069,0.10991780164396713
0.6133077338453231,0.5158496830063399
0.8420431591368173,0.8933221335573289
0.1615767684646307,0.25553488930221396
0.1891562168756625,0.25357492850143
0.12023759524809505,0.11545769084618308
0.3627127457450851,0.6415271694566109
0.3643927121457571,0.3241335173296534
0.7969840603187937,0.8529829403411932
0.8217635647287055,0.8646227075458491
0.9458210835783285,0.9560208795824083
0.22135557288854224,0.30745385092298155
0.5286894262114757,0.46177076458470834
0.11091778164436712,0.11223775524489511
0.5546489070218595,0.5960680786384273
0.33203335933281336,0.5795884082318353
0.3546129077418452,0.7818243635127298
0.05483890322193556,0.04545909081818364
0.7179456410871783,0.7457450850982981
0.5728285434291315,0.6091078178436431
0.0500189996200076,0.02921941561168777
0.8303433931321373,0.8096238075238495
0.7025659486810264,0.8460630787384252
0.015639687206255876,0.010559788804223915
0.5421291574168516,0.498570028599428
0.11021779564408712,0.23261534769304615
0.6468870622587548,0.7321453570928582
0.635227295454091,0.5757284854302914
0.22125557488850223,0.2750144997100058
0.2261954760904782,0.062018759624807504
0.6940061198776025,0.6580468390632188
0.9407811843763125,0.8696626067478651
0.9844003119937602,0.9865002699946002
0.43423131537369253,0.49661006779864403
0.377932441351173,0.47447051058978823
0.8520829583408333,0.8491030179396413
0.6731065378692427,0.6974060518789624
0.9098818023639528,0.8711625767484651
0.6404871902561949,0.627867442651147
0.43375132497350055,0.7620047599048019
0.11621767564648708,0.09211815763684726
0.20929581408371833,0.5045699086018279
0.4911501769964601,0.04687906241875163
0.7918841623167537,0.746705065898682
0.765344693106138,0.7018459630807384
0.37101257974840507,0.4807703845923082
0.4276514469710606,0.33451330973380533
0.23465530689386213,0.33449331013379735
0.5124897502049959,0.5448091038179237
0.28475430491390175,0.13857722845543088
0.9444811103777925,0.9517009659806804
0.6003079938401232,0.501629967400652
0.754484910301794,0.7031059378812424
0.8941021179576408,0.9922401551968961
0.7890842183156337,0.8020839583208336
0.19517609647807044,0.1867962640747185
0.9728805423891522,0.9681406371872563
0.5237095258094838,0.6116277674446511
0.42193156136877263,0.3926721465570689
0.14545709085818284,0.06159876802463951
0.6601867962640747,0.5116297674046519
0.15881682366352673,0.2665546689066219
0.2630747385052299,0.2944541109177817
0.2729945401091978,0.12811743765124697
0.23553528929421413,0.254034919301614
0.037239255214895704,0.05675886482270355
0.885182296354073,0.8415631687366253
0.2631547369052619,0.6451270974580509
0.041999160016799666,0.14373712525749485
0.9053218935621288,0.8159836803263935
0.14085718285634288,0.036639267214655706
0.22453550928981422,0.1738365232695346
0.23517529649407012,0.30659386812263756
0.9752004959900802,0.9749205015899682
0.7297054058918822,0.7919241615167697
0.5982480350392992,0.6348273034539309
0.34701305973880525,0.3631727365452691
0.8478630427391453,0.7959040819183617
0.9413411731765365,0.9245215095698086
0.3265934681306374,0.21923561528769425
0.8376632467350653,0.6953060938781225
0.38457230855382896,0.37927241455170896
0.7349853002939941,0.7786844263114738
0.502329953400932,0.47263054738905225
0.08613827723445532,0.08477830443391132
0.5781484370312594,0.626587468250635
0.7681046379072419,0.6837063258734826
0.126037479250415,0.10623787524249516
0.8900621987560249,0.8588428231435371
0.06697866042679147,0.06817863642727146
0.7869242615147697,0.8174836503269934
0.7062658746825063,0.7048459030819384
0.46297074058518833,0.12311753764924702
0.6455070898582028,0.7260854782904342
0.31209375812483753,0.499870002599948
0.22149557008859824,0.21187576248475032
0.35733285334293313,0.43753124937501253
0.755404891902162,0.8237235255294895
0.11819763604727906,0.21453570928581428
0.7800443991120178,0.8620427591448171
0.39651206975860487,0.4419711605767885
0.8663826723465531,0.8731225375492491
0.014819703605927883,0.008439831203375932
0.21959560808783826,0.23197536049279016
0.31655366892662146,0.39081218375632487
0.13551728965420692,0.250634987300254
0.12519749605007902,0.13977720445591088
0.4611107777844443,0.49539009219815605
0.10427791444171117,0.14709705805883883
0.11967760644787105,0.6125077498450031
0.08609827803443931,0.10215795684086319
0.5669086618267635,0.500529989400212
0.010299794004119917,0.013379732405351893
0.6642667146657067,0.6105677886442271
0.12819743605127898,0.14055718885622287
0.7367252654946901,0.6700665986680266
0.37927241455170896,0.25741485170296596
0.7396652066958661,0.5921481570368593
0.8409831803363933,0.8110637787244256
0.9857202855942881,0.9796004079918402
0.6515269694606108,0.5445691086178277
0.1118177636447271,0.10207795844083119
0.250914981700366,0.2798744025119498
0.7821643567128658,0.0877982440351193
0.3514529709405812,0.19661606767864642
0.9376212475750485,0.9212415751684967
0.9708205835883282,0.9635207295854084
0.19849603007939842,0.24179516409671808
0.6126877462450752,0.8201235975280494
0.37509249815003703,0.2927941441171177
0.21141577168456632,0.23343533129337415
0.5352692946141078,0.5693486130277394
0.5088098238035239,0.5587688246235075
0.5485490290194196,0.6643467130657387
0.9833803323933522,0.9520209595808085
0.08443831123377532,0.1000979980400392
0.5600287994240115,0.6077478450430992
0.7059658806823864,0.6852462950740985
0.2760544789104218,0.35645287094258116
0.9451810963780725,0.9521409571808565
0.4878302433951321,0.4413511729765405
0.7226055478890423,0.8094038119237615
0.6392872142557149,0.44937101257974843
0.23329533409331815,0.37057258854822905
0.4886902261954761,0.5243695126097478
0.13109737805243896,0.12773744525109498
0.7295854082918342,0.33049339013219736
0.29837403251934963,0.2661346773064539
0.39779204415911684,0.4172716545669087
0.6332273354532909,0.6033279334413312
0.7698046039079218,0.6605667886642267
0.4142917141657167,0.33249335013299736
0.34631307373852527,0.3542129157416852
0.9864202715945681,0.9765604687906242
0.6399472010559789,0.6665066698666027
0.4652906941861163,0.4864302713945721
0.32259354812903746,0.33603327933441335
0.8712625747485051,0.8940421191576169
0.02281954360912782,0.02353952920941581
0.9697606047879043,0.9642207155856883
0.06901861962760746,0.07329853402931942
0.14775704485910282,0.11131777364452711
0.7782644347113058,0.8624427511449771
0.17005659886802266,0.21819563608727827
0.6498470030599388,0.6869662606747865
0.637947241055179,0.6627867442651147
0.6900861982760345,0.625307493850123
0.9045219095618088,0.8869222615547689
0.06615867682646347,0.057998840023199535
0.25427491450170997,0.2809543809123818
0.50134997300054,0.5120297594048119
0.011519769604607908,0.013259734805303895
0.08835823283534329,0.09675806483870322
0.3677526449471011,0.3993120137597248
0.24203515929681407,0.23019539609207817
0.05525889482210356,0.10837783244335114
0.05429891402171957,0.0377192456150877
0.8991420171596568,0.882982340353193
0.005439891202175957,0.013639727205455891
0.3413931721365573,0.4250314993700126
0.757884842303154,0.5625487490250195
0.36537269254614907,0.3069138617227656
0.6432671346573069,0.5917081658366833
0.5513689726205476,0.753004939901202
0.5760684786304274,0.7033859322813544
0.3033139337213256,0.33433331333373334
0.9287614247715046,0.629407411851763
0.6394672106557869,0.5851482970340594
0.18691626167476652,0.0872582548349033
0.024339513209735805,0.04249915001699966
0.8987420251594969,0.9325813483730325
0.3042739145217096,0.3289334213315734
0.044479110417791644,0.1002779944401112
0.39801203975920485,0.4137317253654927
0.7092458150836983,0.5636687266254675
0.628387432251355,0.6612267754644907
0.14183716325673487,0.125497490050199
0.14715705685886282,0.1388972220555589
0.29617407651846966,0.19341613167736646
0.879082418351633,0.9322613547729046
0.39435211295774086,0.3867722645547089
0.5374892502149957,0.3383332333353333
0.26503469930601387,0.2249755004899902
0.6853462930741385,0.5558888822223556
0.6881062378752425,0.5566088678226435
0.7627647447051059,0.7029659406811865
0.27463450730985384,0.4495710085798284
0.5834483310333793,0.6144277114457711
0.24661506769864602,0.2369552608947821
0.3938121237575249,0.4516909661806764
0.04785904281914362,0.031179376412471753
0.251634967300654,0.34211315773684525
0.8561628767424652,0.879042419151617
0.7120057598848023,0.749065018699626
0.6932461350772985,0.7269654606907862
0.03317933641327173,0.022199556008879823
0.9475210495790084,0.9508809823803525
0.9769004619907602,0.9785204295914082
0.07035859282814344,0.06403871922561549
0.2743345133097338,0.25765484690306195
0.9348813023739525,0.9199616007679847
0.9711205775884483,0.9413811723765525
0.762704745905082,0.6865862682746345
0.5211895762084758,0.6520469590608188
0.6004079918401632,0.8103637927241455
0.7130057398852023,0.6487070258594828
0.03999920001599968,0.07067858642827143
0.7370052598948021,0.751864962700746
0.8530829383412332,0.8829423411531769
0.880222395552089,0.8521629567408652
0.7308453830923382,0.4239915201695966
0.058498830023399534,0.0379992400151997
0.5332293354132918,0.4939301213975721
0.5377092458150837,0.4741505169896602
0.4244515109697806,0.3252134957300854
0.17057658846823065,0.15841683166336673
0.12739745205095898,0.19601607967840645
0.5437091258174837,0.6014879702405952
0.2259754804903902,0.2021359572808544
0.2388952220955581,0.24333513329733406
0.27893442131157375,0.26941461170776587
0.622187556248875,0.6776264474710506
0.14057718845623088,0.29535409291814163
0.05641887162256755,0.06949861002779945
0.8369232615347694,0.8940821183576328
0.9006419871602568,0.9031819363612728
0.03867922641547169,0.05361892762144757
0.7805443891122178,0.995620087598248
0.03851922961540769,0.048639027219455615
0.007699846003079939,0.00883982320353593
0.09619807603847923,0.08049839003219936
0.7168656626867463,0.6871062578748425
0.40551188976220476,0.39449211015779684
0.5978080438391232,0.3628727425451491
0.627207455850883,0.5842483150336993
0.2762544749105018,0.625907481850363
0.20951580968380634,0.16875662486750265
0.7388852222955541,0.8192436151276975
0.4758104837903242,0.5161496770064599
0.886902261954761,0.8625427491450172
0.7911241775164497,0.8113237735245296
0.9339613207735845,0.9852602947941042
0.9931601367972641,0.99530009399812
0.747285054298914,0.8662626747465051
0.08583828323433532,0.251754964900702
0.373052538949221,0.3478930421391572
0.35525289494210116,0.2744345113097738
0.43091138177236454,0.30225395492090157
0.8963620727585448,0.9086218275634488
0.23165536689266217,0.18391632167356653
0.2687746245075099,0.28075438491230176
0.8489430211395772,0.8226635467290655
0.07983840323193536,0.0754984900301994
0.15537689246215075,0.058498830023399534
0.30747385052298953,0.20343593128137438
0.5561488770224595,0.5588088238235236
0.5290494190116198,0.628167436651267
0.0500589988200236,0.06853862922741545
0.5147097058058839,0.4791704165916682
0.30655386892262154,0.4909501809963801
0.9308813823723526,0.9410811783764325
0.8479230415391692,0.6549869002619948
0.46149077018459633,0.3666726665466691
0.3202335953280934,0.26297474050518993
0.1880562388752225,0.17319653606927862
0.34289314213715727,0.3140137197256055
0.0002599948001039979,0.00017999640007199856
0.062358752824943506,0.03457930841383172
0.5259494810103799,0.43667126657466854
0.16135677286454272,0.12039759204815904
0.4737905241895162,0.4377912441751165
0.6959060818783624,0.3868922621547569
0.22411551768964622,0.2417351652966941
0.08513829723405532,0.09503809923801525
0.1388572228555429,0.1759764804703906
0.8968420631587368,0.8643827123457531
0.057398852022959544,0.08493830123397532
0.12381752364952701,0.126757464850703
0.5269294614107718,0.630167396652067
0.871882562348753,0.8684026319473611
0.9983400331993361,0.9981200375992481
0.499470010599788,0.4868302633947321
0.16981660366792664,0.15627687446251076
0.12347753044939101,0.12291754164916702
0.3353932921341573,0.7256454870902582
0.9557408851822964,0.9171816563668727
0.31753364932701345,0.2686146277074459
0.1632767344653107,0.1604567908641827
0.4013519729605408,0.20727585448291036
0.873042539149217,0.8846623067538649
0.8944821103577929,0.9058018839623208
0.627487450250995,0.6712665746685067
0.3297734045319094,0.6765664686706266
0.19075618487630247,0.30585388292234156
0.8472230555388892,0.8456430871382573
0.7569248615027699,0.5458890822183556
0.6709665806683867,0.6378872422551549
0.28453430931381374,0.3494130117397652
0.37035259294814105,0.2923941521169577
0.8612027759444811,0.6760264794704106
0.8122637547249055,0.8069438611227776
0.3028939421211576,0.29477410451790964
0.6514469710605788,0.6886062278754426
0.09789804203915922,0.9032619347613048
0.9225815483690326,0.9414611707765845
0.4769704605907882,0.43437131257374856
0.8277034459310814,0.8469030619387613
0.6453670926581468,0.42123157536849265
0.9596008079838404,0.9610407791844163
0.3415131697366053,0.30941381172376553
0.3125937481250375,0.20909581808363834
0.38065238695226095,0.4502909941801164
0.3640327193456131,0.24301513969720606
0.8094838103237936,0.6837863242735146
0.2605947881042379,0.14431711365772684
0.08507829843403132,0.06883862322753545
0.6622267554648907,0.47199056018879626
0.26859462810743784,0.35983280334393314
0.6522469550608988,0.7011659766804664
0.5849683006339873,0.6048879022419552
0.17949641007179856,0.1782964340713186
0.7788244235115298,0.8444831103377932
0.017799644007119857,0.01885962280754385
0.5739885202295955,0.8028039439211216
0.12319753604927902,0.20913581728365432
0.06309873802523949,0.07071858562828744
0.6724465510689787,0.6586868262634747
0.8646627067458651,0.3510129797404052
0.5819883602327953,0.7288054238915221
0.7457050858982821,0.8262034759304814
0.06995860082798344,0.11609767804643907
0.2240355192896142,0.21681566368672628
0.2745345093098138,0.29733405331893364
0.6318473630527389,0.6430271394572109
0.4751704965900682,0.4396512069758605
0.6546669066618668,0.7879042419151617
0.631087378252435,0.6969260614787705
0.37229255414891704,0.4366512669746605
0.9220015599688006,0.7321853562928742
0.9959200815983681,0.9914401711965761
0.02399952000959981,0.03043939121217576
0.03213935721285575,0.03677926441471171
0.2883942321153577,0.5616487670246595
0.45835083298334034,0.9388612227755445
0.19411611767764644,0.1489170216595668
0.5904881902361953,0.5385492290154197
0.1634567308653827,0.16737665246695066
0.498570028599428,0.5254494910101798
0.5823883522329554,0.6149277014459711
0.4291514169716606,0.5425691486170277
0.41133177336453275,0.45977080458390834
0.22049559008819825,0.2623947521049579
0.48525029499410016,0.497070058598828
0.1005379892402152,0.23217535649287016
0.4791304173916522,0.4657506849863003
0.748765024699506,0.7637047259054819
0.6560468790624188,0.7158656826863463
0.3328133437331253,0.34067318653626927
0.6393872122557549,0.5232695346093078
0.2891342173156537,0.3024139517209656
0.7988840223195537,0.5864282714345713
0.06591868162636748,0.06639867202655947
0.5613887722245555,0.1393572128557429
0.6247475050498991,0.626407471850563
0.3267334653306934,0.39865202695946084
0.7614847703045939,0.7685646287074259
0.053158936821263575,0.04649907001859963
0.6152876942461151,0.5315093698126038
0.29537409251814967,0.21679566408671827
0.15685686286274275,0.16561668766624668
0.15659686806263876,0.13097738045239096
0.7998240035199297,0.8381432371352573
0.7420251594968101,0.7031259374812504
0.5462690746185076,0.6520869582608348
0.6726665466690667,0.7821443571128578
0.4152716945661087,0.4476110477790444
0.18313633727325454,0.2268954620907582
0.16033679326413472,0.12023759524809505
0.6034479310413792,0.5800883982320354
0.9669806603867923,0.9753004939901202
0.7079658406831864,0.8332433351332974
0.8974420511589769,0.875202495950081
0.6607867842643147,0.6435671286574268
0.7942241155176897,0.5950280994380113
0.030859382812343752,0.03257934841303174
0.8267634647307054,0.8372832543349134
0.02149957000859983,0.018619627607447852
0.023579528409431814,0.02265954680906382
0.512629747405052,0.5662886742265155
0.9856802863942722,0.9843403131937362
0.6133277334453311,0.5855082898342033
0.885042299154017,0.8584028319433612
0.40363192736145276,0.4245315093698126
0.19943601127977442,0.26577468450630987
0.9329613407731846,0.9390012199756005
0.27033459330813386,0.41735165296694066
0.9885402291954162,0.9074018519629607
0.24345513089738205,0.372772544549109
0.28237435251294973,0.2619747605047899
0.42295154096918064,0.45457090858182836
0.41901161976760465,0.3008139837203256
0.0744985100297994,0.17843643127137457
0.6526669466610668,0.6561268774624508
0.34559308813823725,0.36913261734765307
0.7344853102937942,0.7664046719065619
0.8105837883242335,0.75792484150317
0.41779164416711667,0.504929901401972
0.1863362732745345,0.22839543209135818
0.07347853042939141,0.04655906881862363
0.7038459230815384,0.7729245415091699
0.39749205015899686,0.33331333373332533
0.7468650626987461,0.7350252994940102
0.46817063658726826,0.5478490430191396
0.058318833623327536,0.052358952820943584
0.4571708565828684,0.5668686626267475
0.7574048519029619,0.7741245175096498
0.501469970600588,0.48359032819343617
0.9347413051738965,0.892042159156817
0.19289614207715847,0.1354772904541909
0.14935701285974282,0.10353792924141518
0.24517509649807004,0.3190336193276135
0.7102057958840824,0.7689446211075779
0.20943581128377434,0.48585028299434013
0.44301113977720447,0.5452890942181157
0.7552248955020899,0.757684846303074
0.09359812803743925,0.09255814883702326
0.3517929641407172,0.3630527389452211
0.7040859182816344,0.6487470250594989
0.2029759404811904,0.19505609887802244
0.7077058458830824,0.10561788764224715
0.6476870462590748,0.6477670446591068
0.03243935121297574,0.040679186416271676
0.48185036299274014,0.3886322273554529
0.6866462670746585,0.6941061178776424
0.755164896702066,0.754504909901802
0.058918821623567534,0.08855822883542329
0.049859002819943606,0.04145917081658367
0.3493330133397332,0.41895162096758065
0.8569828603427931,0.7575048499030019
0.3398932021359573,0.4778704425911482
0.5131297374052519,0.10291794164116717
0.7907441851162977,0.5875882482350353
0.6143477130457391,0.5607887842243156
0.13353732925341494,0.15985680286394272
0.16009679806403873,0.16119677606447871
0.22071558568828625,0.2389952200955981
0.9830003399932001,0.9566008679826404
0.8170436591268175,0.7903841923161538
0.36835263294734105,0.32873342533149336
0.743165136697266,0.9057418851622968
0.5318693626127478,0.743845123097538
0.013679726405471892,0.00755984880302394
0.06037879242415152,0.04719905601887962
0.9564808703825923,0.9538009239815204
0.2712945741085178,0.24787504249915002
0.22731545369092618,0.3355132897342053
0.2865742685146297,0.2648547029059419
0.13421731565368694,0.16539669206615867
0.6965460690786185,0.6627667446651068
0.09381812363752726,0.09801803963920722
0.625007499850003,0.7108457830843383
0.08023839523209536,0.07981840363192737
0.7689446211075779,0.7760644787104258
0.8481630367392653,0.6575868482630347
0.1135377292454151,0.0502389952200956
0.10857782844343114,0.1135377292454151
0.6521669566608668,0.5899682006359873
0.623747525049499,0.6362672746545069
0.9819003619927602,0.9862002759944801
0.6901261974760505,0.6477870442591148
0.9707605847883043,0.9710205795884083
0.29351412971740565,0.3637127257454851
0.6448671026579469,0.7390052198956021
0.01135977280454391,0.01121977560448791
0.15369692606147878,0.20527589448211037
0.09663806723865523,0.09057818843623128
0.6353672926541469,0.5849083018339634
0.7672646547069059,0.2793544129117418
0.7400851982960341,0.6804263914721705
0.8821623567528649,0.879262414751705
0.9748605027899442,0.9763804723905523
0.5729885402291954,0.24489510209795806
0.022179556408871825,0.02111957760844783
0.09009819803603929,0.1625567488650227
0.5759684806303874,0.6474470510589788
0.08151836963260735,0.05647887042259155
0.7311453770924582,0.6565468690626187
0.5997680046399072,0.4782504349913002
0.5951480970380593,0.6111877762444752
0.3902321953560929,0.22745545089098218
0.8660626787464251,0.7910641787164256
0.24405511889762205,0.4484710305793884
0.25313493730125397,0.30863382732345357
0.19199616007679848,0.3282934341313174
0.05703885922281555,0.06163876722465551
0.7575248495030099,0.8024639507209856
0.3642327153456931,0.43645127097458053
0.9264614707705846,0.20881582368352633
0.7169656606867862,0.7056658866822664
0.9434011319773605,0.9384412311753765
0.616567668646627,0.4460710785784284
0.29991400171996563,0.5732485350292994
0.6016679666406672,0.7680646387072259
0.9379212415751685,0.9391812163756725
0.630147397052059,0.5928881422371552
0.7817443651126977,0.5414691706165877
0.058618827623447535,0.09605807883842324
0.751664966700666,0.7671446571068579
0.3104537909241815,0.16863662726745465
0.992660146797064,0.9927201455970881
0.11693766124677507,0.13295734085318295
0.3041139177216456,0.3654126917461651
0.994140117197656,0.9941001179976401
0.7861242775144497,0.6883462330753385
0.3147137057258855,0.38077238455230894
0.5808883822323554,0.5991280174396513
0.11793764124717505,0.09193816123677527
0.6166276674466511,0.3874922501549969
0.6433871322573549,0.5992680146397072
0.5856482870342593,0.7113457730845383
0.30955380892382156,0.4677506449871003
0.3176736465270695,0.252334953300934
0.125017499650007,0.08353832923341534
0.33597328053438935,0.14435711285774286
0.886882262354753,0.38477230455390893
0.31095378092438153,0.1867362652746945
0.24541509169816605,0.21735565288694228
0.44561108777824443,0.46023079538409234
0.8250034999300014,0.8595228095438091
0.46177076458470834,0.3917721645567089
0.26377472450550987,0.3356132877342453
0.6046279074418511,0.632727345453091
0.1359572808543829,0.09019819603607929
0.373912521749565,0.48391032179356414
0.06507869842603148,0.05661886762264755
0.254534909301814,0.21949561008779825
0.39619207615847685,0.34187316253674926
0.7917841643167137,0.374132517349653
0.18167636647267055,0.10969780604387913
0.5484090318193636,0.7030859382812344
0.9172416551668967,0.9053418931621368
0.7680446391072179,0.8201035979280414
0.7309853802923941,0.7442651146977061
0.873302533949321,0.884502309953801
0.012659746805063899,0.0125997480050399
0.8249435011299774,0.9678406431871363
0.4267514649707006,0.46589068218635626
0.14265714685706288,0.0872382552348953
0.6775464490710186,0.7182656346873063
0.5457690846183076,0.5573088538229236
0.39281214375712487,0.3912521749565009
0.7655446891062179,0.7711845763084738
0.0998580028399432,0.3272334553308934
0.6933461330773385,0.7345453090938181
0.1759764804703906,0.19253614927701446
0.8236435271294574,0.8068438631227376
0.5801883962320754,0.5404491910161797
0.6880062398752025,0.5911081778364433
0.35765284694306115,0.20645587088258235
0.9078218435631288,0.7100457990840183
0.4855302893942121,0.49437011259774805
0.883822323553529,0.8959820803583929
0.6185676286474271,0.7156256874862503
0.6565468690626187,0.7022659546809064
0.2869142617147657,0.008879822403551929
0.04345913081738365,0.09925801483970322
0.36833263334733307,0.5232295354092918
0.9716205675886482,0.9792804143917122
0.8363432731345374,0.7908241835163297
0.4574508509829804,0.45975080498390036
0.4870102597948041,0.4498510029799404
0.5372892542149157,0.3258934821303574
0.4234915301693966,0.41763164736705266
0.4389312213755725,0.4500309993800124
0.28155436891262176,0.33187336253274935
0.21169576608467833,0.5983080338393232
0.9127817443651127,0.8811223775524489
0.6943061138777225,0.4918301633967321
0.3941121177576449,0.38013239735205295
0.5221095578088438,0.5442291154176917
0.2884342313153737,0.04761904761904762
0.0505189896202076,0.5427691446171077
0.5399692006159877,0.07831843363132737
0.5588288234235316,0.5584488310233795
0.04761904761904762,0.03281934361312774
0.19241615167696646,0.15383692326153478
0.9103617927641448,0.8199836003279934
0.00375992480150397,0.003239935201295974
0.006959860802783944,0.00635987280254395
0.06987860242795145,0.08219835603287934
0.33033339333213335,0.26721465570688585
0.5908681826363473,0.5750884982300354
0.0381792364152717,0.031899362012759745
0.07405851882962342,0.08065838683226335
0.623627527449451,0.753184936301274
0.6190276194476111,0.7675846483070339
0.4141517169656607,0.4186316273674527
0.9440011199776005,0.9567408651826964
0.3833523329533409,0.42277154456910865
0.9311213775724486,0.9333613327733445
0.03839923201535969,0.054898902021959566
0.8540829183416332,0.9680006399872003
0.7362852742945142,0.6645867082658347
0.9363012739745206,0.9403211935761285
0.20711585768284635,0.19555608887822246
0.1862762744745105,0.2245755084898302
0.126817463650727,0.14705705885882284
0.6516469670606588,0.6588268234635307
0.38081238375232496,0.379072418551629
0.26033479330413395,0.2734145317093658
0.3400131997360053,0.2977540449191016
0.5112297754044919,0.8144237115257695
0.752544949101018,0.749445011099778
0.6475670486590268,0.6859462810743785
0.377332453350933,0.36205275894482114
0.8252634947301054,0.884182316353673
0.499190016199676,0.7126457470850583
0.5477490450190996,0.34073318533629326
0.6808063838723226,0.6438871222575548
0.6521869562608748,0.8244635107297854
0.08719825603487931,0.08431831363372733
0.6730865382692346,0.7271254574908502
0.40443191136177276,0.4897302053958921
0.6140277194456111,0.6956260874782505
0.3863122737545249,0.4284714305713886
0.8192036159276814,0.878662426751465
0.8150236995260095,0.7654246915061699
0.6691066178676427,0.6387472250554989
0.16007679846403072,0.4800503989920202
0.6752864942701147,0.6964060718785624
0.40683186336273275,0.8400231995360093
0.029799404011919762,0.033539329213415736
0.8345033099338014,0.8936021279574409
0.9108617827643447,0.8567228655426892
0.8107237855242896,0.8177236455270895
0.37053258934821304,0.4278714425711486
0.009179816403671926,0.06021879562408752
0.2590548189036219,0.17949641007179856
0.20933581328373432,0.3165736685266295
0.3494930101397972,0.6677466450670987
0.8340833183336334,0.8278834423311534
0.37995240095198096,0.4902101957960841
0.884482310353793,0.9959000819983601
0.14305713885722285,0.09227815443691126
0.6564868702625948,0.5331693366132677
0.9852202955940882,0.9916601667966641
0.13157736845263096,0.251134977300454
0.7999240015199697,0.8149437011259775
0.7413451730965381,0.5669486610267794
0.7484850302993941,0.7878642427151458
0.754164916701666,0.7048859022819544
0.5253294934101318,0.5130297394052119
0.12091758164836704,0.09157816843663127
0.37371252574948505,0.3025739485210296
0.746705065898682,0.7866242675146498
0.5232295354092918,0.20483590328193438
0.5947281054378912,0.626327473450531
0.9632407351852963,0.9676806463870723
0.9485410291794164,0.9071618567628648
0.3388332233355333,0.3354332913341733
0.44637107257854847,0.5587088258234836
0.15707685846283076,0.21115577688446233
0.3571128577428452,0.03679926401471971
0.32957340853182937,0.44033119337613247
0.8099838003239935,0.755864882702346
0.8604027919441611,0.8386832263354733
0.08101837963240735,0.07015859682806344
0.8495030099398012,0.9289814203715926
0.5880882382352353,0.5952880942381152
0.9914801703965921,0.9934401311973761
0.884862302753945,0.7812843743125137
0.30529389412211755,0.2864342713145737
0.24511509769804604,0.17927641447171058
0.02247955040899182,0.0125397492050159
0.9310413791724166,0.9286214275714486
0.877722445551089,0.7883042339153217
0.8686426271474571,0.8622627547449051
0.9229215415691686,0.9018019639607208
0.6385072298554029,0.8945621087578248
0.0025799484010319796,0.0033599328013439733
0.6524469510609788,0.7662446751064979
0.45073098538029244,0.09513809723805525
0.6892262154756905,0.49789004219915606
0.6366072678546429,0.5156896862062759
0.4387912241755165,0.4671106577868443
0.9421011579768405,0.8456030879382412
0.2014159716805664,0.14253714925701486
0.33399332013359734,0.6121277574448512
0.9386212275754485,0.9330613387732246
0.8187636247275055,0.7952440951180977
0.38185236295274094,0.20823583528329434
0.24357512849743007,0.24895502089958202
0.5350692986140277,0.4883302333953321
0.00987980240395192,0.10829783404331914
0.3236735265294694,0.2109757804843903
0.6116077678446431,0.3052538949221016
0.7439051218975621,0.7186456270874583
0.7648047039059219,0.6638467230655387
0.07293854122917542,0.08175836483270335
0.6443471130577388,0.502309953800924
0.8054438911221776,0.7672446551068979
0.9522809543809124,0.8445031099378013
0.9054418911621768,0.9339213215735686
0.5824683506329874,0.6722665546689066
0.7963840723185537,0.4802703945921082
0.44039119217615647,0.35953280934381315
0.27137457250854985,0.36663266734665306
0.8509429811403773,0.8647627047459051
0.1529169416611668,0.2278154436911262
0.9330013399732006,0.9295614087718246
0.6432271354572908,0.7019059618807624
0.0872182556348873,0.5453890922181557
0.5346093078138437,0.5897282054358913
0.2675746485070299,0.2743745125097498
0.6434671306573869,0.5244495110097798
0.47113057738845227,0.34901301973960525
0.34775304493910125,0.1388772224555509
0.3033539329213416,0.23399532009359814
0.5700885982280355,0.5621487570248596
0.5213495730085399,0.43119137617247655
0.9315413691726165,0.8759624807503851
0.04119917601647967,0.037039259214815705
0.8839823203535929,0.9098618027639448
0.42341153176936464,0.3935321293574129
0.5195696086078279,0.46663066738665226
0.1899562008759825,0.32363352732945344
0.9231815363692727,0.9421811563768725
0.024519509609807803,0.10543789124217516
0.0007799844003119938,0.0006399872002559949
0.5843083138337234,0.6042279154416912
0.871102577948441,0.865502689946201
0.35841283174336513,0.28327433451330974
0.5310693786124278,0.7833243335133298
0.32313353732925343,0.24937501249975003
0.9754804903901922,0.9765004699906003
0.42187156256874864,0.5075498490030199
0.01641967160656787,0.09499810003799924
0.8486630267394653,0.8049639007219855
0.5893482130357393,0.6374272514549709
0.38545229095418093,0.3655326893462131
0.07997840043199136,0.062338753224935504
0.11655766884662307,0.032199356012879744
0.1869362612747745,0.11815763684726306
0.9739205215895682,0.9706205875882483
0.46799064018719627,0.627667446651067
0.05391892162156757,0.08443831123377532
0.06865862682746346,0.049519009619807604
0.12183756324873503,0.16525669486610267
0.03389932201355973,0.04155916881662367
0.3001139977200456,0.3138337233255335
0.3636127277454451,0.2805543889122218
0.059918801623967524,0.024119517609647808
0.5674686506269875,0.5799884002319954
0.5913481730365393,0.6198276034479311
0.7075858482830344,0.7224255514889703
0.8283834323313534,0.7652046959060819
0.012019759604807905,0.011619767604647908
0.21671566568668627,0.22185556288874222
0.7433051338973221,0.6704265914681706
0.7835643287134257,0.8038639227215456
0.07211855762884743,0.10285794284114318
0.5536489270214596,0.6804663906721866
0.2135557288854223,0.253294934101318
0.2866542669146617,0.3489330213395732
0.36067278654426915,0.5429691406171877
0.7252454950900982,0.7002459950800984
0.3391332173356533,0.23229535409291815
0.32093358132837346,0.48291034179316417
0.7741645167096658,0.9233415331693366
0.6869462610747785,0.50404991900162
0.23029539409211816,0.2934141317173657
0.46937061258774826,0.29269414611707767
0.6773464530709387,0.6648267034659308
0.8625827483450331,0.8491830163396732
0.7091058178836424,0.7845243095138098
0.30575388492230154,0.3384532309353813
0.9254614907701846,0.8682226355472891
0.2133357332853343,0.16555668886622268
0.10413791724165516,0.1004779904401912
0.19715605687886242,0.5682086358272834
0.8633427331453372,0.29611407771844567
0.758504829903402,0.7160656786864263
0.01373972520549589,0.01365972680546389
0.4513709725805484,0.5984680306393872
0.7159856802863943,0.6436271274574509
0.2650746985060299,0.2394152116957661
0.6421071578568429,0.6389472210555789
0.22711545769084618,0.24199516009679808
0.058098838023239535,0.06909861802763945
0.3349333013339733,0.3046939061218776
0.06743865122697547,0.07323853522929542
0.2373952520949581,0.2639547209055819
0.6815663686726265,0.746905061898762
0.3106137877242455,0.40517189656206876
0.05133897322053559,0.24801503969920602
0.10653786924261516,0.14479710405791885
0.8265034699306014,0.744865102697946
0.20335593288134238,0.29699406011879764
0.6504269914601708,0.8081838363232735
0.14743705125897483,0.08991820163596728
0.5354092918141637,0.5615087698246035
0.6311473770524589,0.5736085278294434
0.9933601327973441,0.994020119597608
0.1754964900701986,0.1740365192696146
0.3162736745265095,0.638067238655227
0.5635687286254275,0.40815183696326074
0.6075878482430351,0.5427291454170917
0.39905201895962084,0.33169336613267736
0.08275834483310333,0.10373792524149518
0.7052058958820824,0.6455870882582349
0.7065058698826023,0.7089258214835703
0.35803283934321317,0.5354492910141797
0.5294894102117957,0.618387632247355
0.5848083038339233,0.5633687326253475
0.3678126437471251,0.2633147337053259
0.5627487450250995,0.747405051898962
0.7058658826823464,0.7038259234815304
0.8732425351492971,0.8128237435251295
0.9425811483770324,0.9218015639687207
0.1648967020659587,0.27417451650966984
0.38887222255554893,0.5901481970360593
0.3871322573548529,0.4567708645827084
0.44267114657706846,0.5937081258374832
0.10279794404111918,0.11461770764584708
0.39697206055878886,0.3009139817203656
0.5484290314193716,0.7175856482870343
0.6884862302753945,0.7267254654906902
0.23199536009279814,0.2383552328953421
0.1630367392652147,0.16681666366672668
0.8768824623507531,0.8494830103397932
0.3872922541549169,0.35829283414331714
0.4664706705865883,0.2810143797124058
0.19343613127737447,0.1882962340753185
0.5778284434311314,0.5914481710365793
0.7118457630847383,0.7275654486910262
0.41397172056558873,0.3655126897462051
0.03469930601387972,0.04407911841763165
0.09329813403731926,0.11259774804503911
0.6914061718765625,0.7096458070838584
0.6257674846503071,0.6433271334573308
0.8373832523349534,0.8425631487370253
0.9499610007799845,0.9493810123797525
0.8018439631207376,0.8453030939381213
0.8708425831483371,0.8890022199556009
0.8391832163356733,0.7773044539109218
0.5564888702225955,0.5598888022239555
0.4759704805903882,0.38051238975220497
0.0007399852002959941,0.0007999840003199936
0.6570268594628108,0.47829043419131617
0.5533689326213476,0.4868902621947561
0.5821483570328594,0.1734365312693746
0.8172836543269135,0.8576028479430412
0.743965120697586,0.75062498750025
0.42883142337153257,0.4150116997660047
0.09033819323613528,0.08227835443291134
0.8407431851362973,0.8475430491390172
0.8581028379432412,0.8585028299434012
0.5939881202375953,0.47869042619147617
0.9784404311913762,0.8132437351252976
0.8225235495290094,0.6616667666646667
0.4500909981800364,0.38277234455310893
0.9225415491690167,0.9249815003699926
0.6937061258774825,0.6905061898762025
0.5968480630387393,0.6581068378632428
0.11165776684466311,0.13167736645267095
0.4214915701685966,0.4149717005659887
0.47985040299194015,0.5209495810083798
0.3046939061218776,0.36833263334733307
0.7260454790904182,0.036539269214615706
0.5815283694326113,0.3015739685206296
0.8123837523249535,0.8185636287274255
0.3601327973440531,0.2889942201155977
0.8860222795544089,0.873302533949321
0.755644887102258,0.8535429291414172
0.7577248455030899,0.5554688906221876
0.26903461930761385,0.45543089138217235
0.6492270154596909,0.7205655886882263
0.5454890902181957,0.5307493850122997
0.18637627247455052,0.1378172436551269
0.18705625887482252,0.74672506549869
0.0035799284014319714,0.0035999280014399715
0.019059618807623847,0.02741945161096778
0.6379272414551709,0.0253994920101598
0.4780504389912202,0.4645907081858363
0.28509429811403775,0.25597488050239
0.8573228535429291,0.744965100697986
0.8336833263334733,0.7246455070898582
0.6549269014619707,0.3535129297414052
0.8914021719565609,0.884382312353753
0.0885382292354153,0.06573868522629547
0.8389232215355693,0.8247235055298894
0.3860922781544369,0.41951160976780466
0.9920401591968161,0.9880802383952322
0.5914681706365873,0.27721445571088577
0.02003959920801584,0.016879662406751865
0.12335753284934302,0.1369972600547989
0.7035459290814184,0.6614667706645867
0.0999380012399752,0.07705845883082339
0.5097498050039,0.5131497370052599
0.8042039159216816,0.7497250054998901
0.9580608387832243,0.7019459610807784
0.5753884922301554,0.41865162696746067
0.2798144037119258,0.24653506929861405
0.126377472450551,0.1372972540549189
0.9543809123817524,0.9939401211975761
0.6138477230455391,0.5904881902361953
0.4146517069658607,0.5544089118217636
0.635087298254035,0.5114297714045719
0.9506809863802724,0.9393012139757205
0.9193816123677527,0.9473610527789444
0.20573588528229436,0.24363512729745407
0.9499410011799765,0.9571408571828564
0.38527229455410894,0.3001739965200696
0.8052238955220896,0.8112037759244816
0.3915721685566289,0.6901461970760585
0.42449151016979664,0.46067078658426835
0.2021359572808544,0.22935541289174216
0.09475810483790324,0.04777904441911162
0.8408431831363373,0.7600047999040019
0.378972420551589,0.39669206615867686
0.10909781804363913,0.18169636607267856
0.34509309813803724,0.3661326773464531
0.29161416771664567,0.3513329733405332
0.760644787104258,0.7965640687186256
0.4649707005859883,0.5363692726145477
0.8620827583448332,0.7243455130897383
0.2616747665046699,0.2387552248955021
0.5991680166396672,0.5688086238275235
0.9706205875882483,0.9637607247855043
0.2855742885142297,0.25813483730325393
0.375252494950101,0.31007379852402955
0.3281734365312694,0.18211635767284656
0.5910081798364033,0.7051658966820664
0.009939801203975921,0.026179476410471792
0.8456230875382492,0.7986840263194737
0.8418431631367373,0.7696046079078419
0.6828263434731305,0.7061458770824584
0.878002439951201,0.8670626587468251
0.7087058258834824,0.4253914921701566
0.7942841143177136,0.8084638307233856
0.24795504089918202,0.4618707625847483
0.11755764884702306,0.19595608087838243
0.8903021939561209,0.8835023299534009
0.8523429531409372,0.8522629547409052
0.625747485050299,0.7238455230895382
0.9001019979600409,0.8181636367272654
0.256034879302414,0.2747945041099178
0.5763484730305394,0.008159836803263935
0.3900121997560049,0.505869882602348
0.15989680206395873,0.4608907821843563
0.019419611607767846,0.025499490010199796
0.4016119677606448,0.45125097498050043
0.8356032879342413,0.8567828643427132
0.7109857802843943,0.6824263514729706
0.5480890382192356,0.6472070558588828
0.6870862582748345,0.6984060318793625
0.4388512229755405,0.48779024419511613
0.6636667266654667,0.6505269894602108
0.998640027199456,0.998960020799584
0.9140817183656327,0.9044419111617767
0.39583208335833286,0.5119897602047959
0.008379832403351934,0.008059838803223935
0.33147337053258935,0.43279134417311654
0.5344893102137958,0.4360112797744045
0.14679706405871884,0.1977360452790944
0.3644327113457731,0.631107377852443
0.24043519129617408,0.375792484150317
0.35673286534269316,0.31745365092698147
0.8132437351252976,0.8264034719305614
0.5464090718185637,0.5068498630027399
0.6648467030659387,0.19667606647867045
0.8256834863302734,0.8048439031219375
0.6790864182716346,0.7160256794864103
0.8555428891422172,0.8076038479230415
0.5286294274114518,0.622967540649187
0.23117537649247016,0.4600307993840123
0.7102657946841063,0.7421851562968741
0.7961240775184497,0.8054038919221616
0.12379752404951902,0.13067738645227095
0.1652366952660947,0.3692326153476931
0.880702385952281,0.9157016859662807
0.19629607407851843,0.18983620327593448
0.024059518809623807,0.8359632807343853
0.39521209575808486,0.4436711265774685
0.20905581888362235,0.2011559768804624
0.7860642787144257,0.7627647447051059
0.4899102017959641,0.6995860082798344
0.753584928301434,0.7084258314833703
0.7408851822963541,0.5290294194116117
0.8350632987340253,0.8619427611447771
0.5074098518029639,0.37463250734985304
0.5550088998220036,0.3682526349473011
0.7198256034879302,0.6333073338533229
0.9430811383772325,0.9429411411771765
0.3389532209355813,0.9223615527689446
0.5743685126297474,0.6385872282554349
0.504069918601628,0.44507109857802846
0.08167836643267135,0.08225835483290335
0.8279834403311934,0.5503689926201476
0.24791504169916603,0.3668926621467571
0.8181636367272654,0.7845443091138178
0.024699506009879805,0.3567728645427092
0.5280694386112278,0.6000479990400193
0.8659226815463691,0.9147617047659047
0.9286214275714486,0.9810203795924082
0.07697846043079139,0.12691746165076698
0.9622607547849044,0.9534009319813604
0.12125757484850304,0.09229815403691927
0.3535529289414212,0.3429931401371973
0.2412751744965101,0.24145517089658208
0.5427291454170917,0.510689786204276
0.44313113737725246,0.2867142657146857
0.8329233415331694,0.8612427751444971
0.8284834303313934,0.8826023479530409
0.07451850962980741,0.056098878022439555
0.629507409851803,0.4408311833763325
0.25995480090398193,0.2822143557128858
0.1009979800403992,0.1140377192456151
0.34691306173876524,0.3931321373572529
0.8410631787364253,0.8410231795364093
0.006739865202695946,0.007279854402911942
0.6906061878762425,0.6095278094438111
0.7851842963140737,0.44107117857642847
0.7394052118957621,0.5268894622107558
0.18437631247375053,0.27869442611147777
0.6561868762624747,0.6464670706585869
0.20879582408351835,0.23033539329213418
0.1125577488450231,0.10817783644327114
0.12369752604947902,0.10937781244375112
0.8905821883562329,0.8404031919361613
0.7244855102897942,0.8105437891242175
0.4003719925601488,0.22065558688826226
0.9721805563888722,0.9615807683846324
0.7019459610807784,0.8075838483230335
0.5911281774364513,0.7761644767104658
0.8442431151376972,0.8441631167376653
0.1755164896702066,0.09525809483810324
0.8443231135377293,0.8971620567588648
0.05847883042339153,0.09745805083898322
0.0077198456030879384,0.0048799024019519615
0.8321233575328494,0.8229435411291774
0.027899442011159778,0.018319633607327853
0.888162236755265,0.9257014859702807
0.3996320073598528,0.4143117137657247
0.43187136257274855,0.3005539889202216
0.2674746505069899,0.4917101657966841
0.10123797524049519,0.10193796124077519
0.8270834583308334,0.5469690606187877
0.1369372612547749,0.14091718165636688
0.41967160656786867,0.31981360372792544
0.34753304933901324,0.3240135197296054
0.7803243935121298,0.7968640627187457
0.371172576548469,0.3348133037339253
0.8967420651586968,0.881042379152417
0.754104917901642,0.6536269274614508
0.3002739945201096,0.3134537309253815
0.5881482370352593,0.5278094438111238
0.43433131337373254,0.5292294154116918
0.7393452130957381,0.8090438191236176
0.8196236075278495,0.8572628547429052
0.7313453730925382,0.5867682646347073
0.38453230935381294,0.4514109717805644
0.4299514009719806,0.378712425751485
0.7275854482910342,0.876462470750585
0.10839783204335914,0.09271814563708726
0.021879562408751826,0.03141937161256775
0.5911881762364752,0.7500849983000341
0.866982660346793,0.876262474750505
0.14587708245835085,0.16867662646747067
0.4115917681646367,0.3657926841463171
0.8921221575568489,0.8343033139337214
0.3266734665306694,0.5292894142117158
0.6971260574788505,0.617607647847043
0.17737645247095057,0.15827683446331073
0.4116517669646607,0.4147517049659007
0.33299334013319737,0.3851722965540689
0.2912541749165017,0.2894542109157817
0.9359612807743846,0.9272814543709126
0.46503069938601227,0.5166096678066439
0.627867442651147,0.6999860002799945
0.09089818203635927,0.0889382212355753
0.37075258494830104,0.36911261774764503
0.24403511929761407,0.16083678326433473
0.3382532349353013,0.3292534149317014
0.7748245035099298,0.7266254674906503
0.14843703125937482,0.1501769964600708
0.6298874022519549,0.6671466570668587
0.06913861722765545,0.0627587448251035
0.5745085098298034,0.48177036459270817
0.0876782464350713,0.0501989960200796
0.28109437811243776,0.5670486590268194
0.5522489550208997,0.5461690766184677
0.7508649827003461,0.7379252414951701
0.8045439091218176,0.7719045619087619
0.9449611007779845,0.9423411531769365
0.3414331713365733,0.3406931861362773
0.6954460910781785,0.8065838683226336
0.873482530349393,0.8457230855382892
0.44331113377732445,0.4541509169816604
0.3087938241235175,0.23211535769284616
0.9165216695666087,0.7765244695106098
0.49527009459810806,0.5143897122057559
0.2596748065038699,0.23837523249535011
0.881042379152417,0.8236835263294734
0.7953040939181216,0.8413031739365213
0.6596268074638507,0.6798264034719306
0.9458410831783365,0.9880602387952241
0.04891902161956761,0.03365932681346373
0.37589248215035703,0.3877722445551089
0.09255814883702326,0.1005179896402072
0.2608947821043579,0.5771084578308434
0.6486670266594668,0.623847523049539
0.5407891842163157,0.45809083818323637
0.9626807463850723,0.9657406851862963
0.8133837323253535,0.7365252694946102
0.40403191936161276,0.3898322033559329
0.6608867822643547,0.6093278134437311
0.15379692406151876,0.13219735605287894
0.9405811883762325,0.18089638207235856
0.10865782684346313,0.04745905081898362
0.7030459390812184,0.5819483610327794
0.018219635607287853,0.025979480410391793
0.14461710765784686,0.1378772424551509
0.2843943121137577,0.27977440451190977
0.3308733825323494,0.377832443351133
0.5376292474150517,0.5815283694326113
0.5176496470070598,0.48041039179216416
0.3386532269354613,0.500969980600388
0.024719505609887803,0.022799544009119817
0.6064278714425712,0.749405011899762
0.5514689706205876,0.6096278074438511
0.4290314193716126,0.3857522849543009
0.6654266914661707,0.7440051198976021
0.00125997480050399,0.0009399812003759925
0.9417211655766885,0.9276214475710486
0.10949781004379913,0.08125837483250335
0.8137037259254816,0.8026839463210736
0.49717005659886804,0.47961040779184416
0.02263954720905582,0.252314953700926
0.8380432391352173,0.8165836683266335
0.8689626207475851,0.8198436031279375
0.4769904601907962,0.634547309053819
0.5755484890302194,0.40819183616327676
0.8345833083338333,0.8563828723425532
0.9068418631627367,0.6557668846623068
0.29207415851682966,0.32849343013139737
0.06821863562728746,0.06617867642647147
0.20405591888162236,0.34617307653846924
0.5453290934181316,0.49293014139717206
0.6722665546689066,0.2415351692966141
0.8685426291474171,0.8289034219315614
0.7669246615067699,0.74702505949881
0.17405651886962262,0.47037059258814823
0.5826683466330673,0.625007499850003
0.8860622787544249,0.9433211335773285
0.15531689366212675,0.12017759644807104
0.6240675186496271,0.6749865002699946
0.9813403731925362,0.9795604087918242
0.11997760044799105,0.12827743445131098
0.1860162796744065,0.26779464410711784
0.20873582528349433,0.2394752104957901
0.1506969860602788,0.4924901501969961
0.9281214375712487,0.6496070078598428
0.627407451850963,0.5762284754304914
0.9893202135957281,0.9709005819883603
0.748565028699426,0.6843063138737225
0.9629807403851923,0.8628027439451211
0.4392112157756845,0.4281914361712766
0.9577608447831044,0.9647207055858883
0.7364052718945622,0.6922461550768985
0.48013039739205216,0.2153156936861263
0.5192896142077159,0.5903881922361554
0.740745185096298,0.7212655746885063
0.5506689866202676,0.5494290114197716
0.6123077538449231,0.6673066538669227
0.7411051778964421,0.7398452030959382
0.2274354512909742,0.23143537129257416
0.6387272254554909,0.6860062798744025
0.0874182516349673,0.09369812603747925
0.22445551088978222,0.1780164396712066
0.502529949401012,0.4128917421651567
0.7683046339073218,0.9942201155976881
0.5847483050338993,0.5883482330353393
0.8575628487430251,0.8492030159396813
0.11859762804743905,0.21215575688486232
0.16781664366712667,0.12423751524969501
0.756964860702786,0.6411671766564669
0.009339813203735926,0.009199816003679927
0.9741605167896642,0.9725805483890323
0.7770644587108259,0.6208675826483471
0.128017439651207,0.09717805643887123
0.6644267114657707,0.6552468950620988
0.8118637627247456,0.7236855262894742
0.6025079498410032,0.2878742425151497
0.13345733085338293,0.11003779924401512
0.28203435931281373,0.20567588648227036
0.6943661126777465,0.6690066198676027
0.5411291774164517,0.47371052578948425
0.05129897402051959,0.05201895962080758
0.15373692526149477,0.18623627527449452
0.8909821803563929,0.9011019779604408
0.9658206835863283,0.871662566748665
0.3171536569268615,0.4028119437611248
0.1749565008699826,0.22087558248835024
0.5402491950160997,0.48399032019359617
0.30581388372232554,0.3397332053358933
0.6614267714645707,0.6714465710685786
0.05893882122357553,0.060418791624167516
0.9376812463750726,0.886442271154577
0.49801003979920405,0.40729185416291674
0.8246835063298734,0.8485230295394093
0.7795644087118258,0.8590428191436171
0.8588628227435452,0.5790084198316033
0.9875002499950001,0.9890202195956082
0.6208675826483471,0.6513069738605228
0.12377752444951101,0.21749565008699825
0.6266874662506751,0.3599128017439651
0.7896642067158657,0.6669466610667787
0.09169816603667927,0.031879362412751744
0.7743045139097219,0.8353232935341294
0.35965280694386115,0.3676326473470531
0.8715025699486011,0.7915241695166096
0.9574408511829764,0.9531409371812564
0.16103677926441473,0.16677666446671066
0.39727205455890885,0.31739365212695747
0.4381512369752605,0.38539229215415693
0.16287674246515071,0.24157516849663008
0.9812003759924802,0.9774604507909842
0.25317493650127,0.23123537529249416
0.6726465470690587,0.7073858522829544
0.5750084998300035,0.5891682166356673
0.7796644067118658,0.3264134717305654
0.5273094538109238,0.4652706945861083
0.499690006199876,0.5220095598088038
0.25527489450210994,0.26829463410731785
0.885982280354393,0.9025019499610009
0.1372972540549189,0.21599568008639827
0.9517009659806804,0.9691606167876643
0.6510469790604189,0.5414291714165717
0.2016159676806464,0.15227695446091077
0.5754684906301875,0.6065278694426112
0.7001459970800584,0.8575828483430332
0.9182816343673127,0.9071018579628408
0.8377432451350973,0.8447831043379133
0.9751804963900722,0.9734205315893683
0.511009779804404,0.43227135457290855
0.37217255654886905,0.3127337453250935
0.32267354652906943,0.2668946621067579
0.6146277074458512,0.373132537349253
0.48247035059298815,0.5134497310053799
0.5939681206375873,0.5929481410371793
0.6584868302633947,0.6495670086598269
0.8322233555328894,0.7924241515169697
0.4585908281834363,0.41859162816743667
0.6991660166796664,0.6486870262594748
0.7824043519129618,0.759964800703986
0.8316033679326413,0.881162376752465
0.6899262014759705,0.626927461450771
0.5112897742045159,0.3901721965560689
0.4514709705805884,0.36011279774404514
0.18343633127337453,0.23473530529389414
0.7450250994980101,0.750504989900202
0.3679726405471891,0.33267334653306935
0.880402391952161,0.9118217635647288
0.01887962240755185,0.015359692806143879
0.29425411491770165,0.22109557808843824
0.8217035659286814,0.7990240195196097
0.9635407291854163,0.9685606287874243
0.21107577848443032,0.19275614487710246
0.1381172376552469,0.11583768324633507
0.8570828583428332,0.8531629367412652
0.45725085498290036,0.44817103657926843
0.9266614667706646,0.9395812083758325
0.374152516949661,0.3041539169216616
0.48065038699226015,0.503389932201356
0.9426011479770405,0.9762804743905122
0.5262094758104838,0.18923621527569448
0.9787604247915042,0.9741805163896723
0.3868522629547409,0.34563308733825326
0.07705845883082339,0.07893842123157536
0.2891542169156617,0.3395532089358213
0.7078658426831463,0.3185136297274055
0.633467330653387,0.5737885242295154
0.31893362132757347,0.252434951300974
0.4727705445891082,0.20619587608247836
0.749705005899882,0.7358052838943221
0.9714205715885683,0.9575608487830244
0.13247735045299094,0.11369772604547909
0.7943241135177297,0.8087438251234975
0.30647387052258956,0.3283134337313254
0.5661486770264595,0.619447611047779
0.5752884942301154,0.7452650946981061
0.5712085758284835,0.5458490830183397
0.498270034599308,0.4499110017799644
0.22095558088838224,0.3002139957200856
0.21565568688626227,0.20929581408371833
0.04139917201655967,0.06585868282634348
0.6180876382472351,0.6235875282494351
0.3991920161596768,0.20301593968120638
0.23617527649447012,0.2126557468850623
0.6898662026759466,0.627487450250995
0.005579888402231956,0.0032199356012879744
0.08249835003299934,0.10287794244115119
0.9811203775924482,0.9782004359912803
0.47109057818843625,0.50714985700286
0.7015059698806024,0.7123457530849383
0.04497910041799164,0.08071838563228735
0.5539089218215636,0.5738485230295395
0.5386892262154757,0.5130097398052039
0.50234995300094,0.4468110637787244
0.2888942221155577,0.6660466790664187
0.08487830243395132,0.3006139877202456
0.9952400951980961,0.995980080398392
0.10111797764044719,0.0884182316353673
0.13485730285394293,0.1504569908601828
0.7742245155096898,0.7128457430851384
0.21767564648707027,0.2147557048859023
0.31707365852682945,0.22825543489130218
0.5092698146037079,0.4316713665726686
0.6967260654786904,0.6729065418691627
0.8467630647387052,0.9298414031719366
0.48589028219435615,0.33285334293314134
0.009099818003639928,0.012459750804983901
0.5641487170256595,0.7269254614907702
0.16495670086598269,0.23301533969320615
0.1502569948601028,0.14337713245735087
0.7329453410931782,0.7380452390952181
0.8956420871582569,0.6632667346653067
0.006059878802423951,0.009539809203815924
0.6719265614687706,0.8038439231215376
0.8077238455230895,0.7948441031179376
0.7325053498930022,0.6106877862442751
0.885662286754265,0.8418231635367293
0.8867422651546969,0.9175016499670007
0.7138057238855223,0.756064878702426
0.19285614287714245,0.253114937701246
0.6182076358472831,0.7804843903121937
0.4134117317653647,0.4019719605607888
0.17195656086878264,0.12271754564908702
0.4631107377852443,0.3017339653206936
0.26907461850762987,0.26761464770704585
0.5748285034299314,0.4691106177876443
0.8268234635307294,0.8968220635587288
0.5777084458310834,0.6126677466450671
0.10633787324253516,0.10315793684126318
0.377432451350973,0.39979200415991684
0.3986120277594448,0.25701485970280596
0.8876622467550649,0.8624827503449931
0.5641687166256675,0.6486470270594589
0.24327513449731006,0.3388732225355493
0.6117677646447072,0.6548069038619228
0.20595588088238237,0.5620087598248035
0.5908881822363553,0.7132057358852824
0.48127037459250815,0.6062278754424911
0.377592448151037,0.4510709785804284
0.6683666326673466,0.7466450670986581
0.06953860922781545,0.03565928681426372
0.9962800743985121,0.9962600747985041
0.9616407671846563,0.9429611407771845
0.6559268814623708,0.4249315013699726
0.6958260834783304,0.6471470570588589
0.2011559768804624,0.2156356872862543
0.5180496390072199,0.5612887742245155
0.8081438371232575,0.8484630307393852
0.5578488430231395,0.5480490390192196
0.6501469970600589,0.6879862402751945
0.2358152836943261,0.3484130317393652
0.75142497150057,0.623067538649227
0.42043159136817265,0.4545509089818204
0.7764844703105939,0.8366432671346573
0.7931641367172657,0.7973640527189456
0.23269534609307815,0.18001639967200656
0.4892902141957161,0.43225135497290057
0.9767204655906883,0.9895602087958241
0.2641347173056539,0.3098338033239335
0.2140957180856383,0.22857542849143017
0.32135357292854144,0.4641907161856763
0.0882382352352953,0.14573708525829485
0.9290214195716086,0.9247415051698966
0.03139937201255975,0.11689766204675907
0.12905741885162297,0.14349713005739886
0.2385552288954221,0.4158116837663247
0.5960680786384273,0.6582268354632907
0.26881462370752585,0.35721285574288514
0.7018459630807384,0.6928861422771545
0.5487090258194837,0.5877882442351153
0.4795304093918122,0.5752284954300915
0.8083438331233376,0.8340233195336093
0.20431591368172639,0.16919661606767866
0.10787784244315114,0.11527769444611108
0.752064958700826,0.7623247535049299
0.5733885322293555,0.3698126037479251
0.004059918801623968,0.004159916801663967
0.49691006179876407,0.8107637847243055
0.47469050618987624,0.29803403931921363
0.2721545569088618,0.28579428411431773
0.8477430451390973,0.8574828503429932
0.9730405391892163,0.9659206815863683
0.41145177096458074,0.4675706485870283
0.6010079798404032,0.8749425011499771
0.04587908241835163,0.0377992440151197
0.24663506729865403,0.4767704645907082
0.3420131597368053,0.2636547269054619
0.07727845443091139,0.14805703885922283
0.9062018759624808,0.9013819723605528
0.376652466950661,0.27899442011159775
0.11953760924781505,0.17021659566808664
0.4641507169856603,0.48229035419291616
0.19457610847783044,0.26075478490430193
0.29767404651906965,0.07959840803183936
0.44309113817723644,0.74222515549689
0.10467790644187117,0.125537489250215
0.7973640527189456,0.8083238335233296
0.7195856082878342,0.75742485150297
0.2647147057058859,0.40855182896342074
0.056898862022759546,0.02999940001199976
0.5471290574188516,0.30969380612387754
0.6949261014779705,0.7395852082958341
0.18499630007399853,0.24769504609907803
0.8426831463370733,0.8118237635247295
0.6013279734405312,0.6097078058438832
0.46977060458790826,0.4749905001899962
0.7634847303053939,0.7623047539049219
0.2658746825063499,0.26017479650406994
0.09647807043859123,0.08987820243595128
0.2879142417151657,0.3168736625267495
0.46839063218735627,0.43181136377272455
0.6033279334413312,0.6746665066698666
0.7849843003139938,0.8427631447371053
0.7949041019179617,0.6926261474770505
0.3626927461450771,0.3143337133257335
0.2380552388952221,0.24487510249795005
0.8299234015319694,0.749785004299914
0.501369972600548,0.6675266494670107
0.3902721945561089,0.31695366092678146
0.4568908621827564,0.3896322073558529
0.8260634787304254,0.8147837043259135
0.22069558608827824,0.4243515129697406
0.9123217535649287,0.9151816963660727
0.4268714625707486,0.0506989860202796
0.5422691546169077,0.877082458350833
0.12979740405191897,0.15821683566328673
0.623687526249475,0.7085458290834183
0.4788304233915322,0.43541129177416454
0.7098658026839464,0.6616867662646747
0.45907081858362836,0.629607407851843
0.876462470750585,0.9696806063878722
0.4098318033639327,0.8431831363372733
0.9339413211735765,0.9244815103697926
0.7818643627127457,0.8177436451270975
0.4380912381752365,0.028079438411231776
0.43045139097218055,0.4657106857862843
0.010799784004319914,0.009659806803863923
0.4235515289694206,0.39489210215795684
0.08955820883582329,0.19735605287894242
0.881942361152777,0.7249255014899703
0.1868162636747265,0.1885962280754385
0.9295214095718086,0.9269414611707766
0.037339253214935704,0.03495930081398372
0.3926121477570449,0.46999060018799627
0.5679886402271955,0.5720085598288035
0.9763804723905523,0.9727005459890803
0.09743805123897523,0.09877802443951121
0.36733265334693305,0.3975320493590128
0.6594868102637947,0.634087318253635
0.47183056338873225,0.4753504929901402
0.7294054118917622,0.1897962040759185
0.17493650126997462,0.08461830763384733
0.9897202055958881,0.9891402171956561
0.11581768364632708,0.21059578808423832
0.09935801283974321,0.10229795404091918
0.19717605647887043,0.2141757164856703
0.4534909301813964,0.5353292934141317
0.7710045799084019,0.6393072138557229
0.4799104017919642,0.37033259334813307
0.5246295074098518,0.46107077858442835
0.036959260814783707,0.04393912121757565
0.5755284894302114,0.8212035759284815
0.47989040219195617,0.3974120517589648
0.03181936361272775,0.09471810563788724
0.8172036559268815,0.7395052098958022
0.14633707325853484,0.13435731285374292
0.6537869242615147,0.1392172156556869
0.8370232595348094,0.8284034319313615
0.9756204875902482,0.9794404111917762
0.42415151696966064,0.46035079298414033
0.39577208455830887,0.19075618487630247
0.05141897162056759,0.04909901801963961
0.9208615827683446,0.9174816503669927
0.8003239935201296,0.758964820703586
0.7336853262934742,0.5409691806163877
0.8747225055498891,0.877842443151137
0.6400071998560029,0.6450470990580188
0.8321833563328733,0.8279234415311694
0.126177476450471,0.5992880142397152
0.8226835463290735,0.6895862082758345
0.890102197956041,0.8909421811563769
0.9578408431831363,0.9606407871842564
0.3264334713305734,0.08899822003559929
0.07011859762804744,0.32329353412931744
0.005419891602167957,0.004399912001759965
0.7672246555068899,0.8685626287474251
0.8030039399212016,0.8159636807263855
0.5529089418211636,0.39505209895802085
0.9335013299734005,0.9364612707745845
0.7833243335133298,0.7928441431171377
0.32483350332993344,0.15967680646387072
0.5337693246135078,0.6025479490410192
0.8249235015299694,0.7715845683086339
0.013119737605247896,0.013059738805223896
0.7780444391112178,0.7984640307193857
0.12909741805163896,0.20961580768384633
0.7215455690886182,0.3028139437211256
0.1998560028799424,0.21473570528589428
0.8313033739325214,0.8574028519429612
0.9570008599828004,0.9387212255754885
0.7414651706965861,0.7976840463190736
0.7730045399092018,0.6887062258754825
0.6906461870762585,0.8261834763304734
0.029399412011759767,0.026619467610647787
0.5855082898342033,0.5634287314253715
0.6357472850542989,0.7816843663126738
0.7732045359092818,0.8456830863382733
0.5096098078038439,0.6057678846423071
0.18353632927341454,0.505329893402132
0.9839203215935681,0.9875002499950001
0.8885422291554169,0.8514429711405772
0.4766904661906762,0.5234495310093799
0.9842003159936802,0.9830003399932001
0.7196456070878583,0.6759064818703626
0.23477530449391013,0.4163316733665327
0.6597468050638987,0.7909241815163697
0.9244815103697926,0.9574008519829603
0.8242635147297054,0.8521029579408412
0.06867862642747145,0.05171896562068759
0.5156296874062519,0.4540109197816044
0.6555668886622268,0.5800683986320274
0.6142877142457152,0.6829263414731706
0.26457470850582987,0.05969880602387952
0.3014939701205976,0.3029139417211656
0.14895702085958282,0.16227675446491072
0.6144477110457791,0.6633467330653388
0.0882782344353113,0.06059878802423952
0.9491010179796404,0.9629007419851603
0.7137857242855143,0.36727265454690905
0.8727825443491131,0.7879642407151857
0.06745865082698346,0.22277554448911022
0.08269834603307934,0.06803863922721545
0.7034659306813864,0.6670266594668107
0.125817483650327,0.11945761084778304
0.4432311353772925,0.41135177296454073
0.040659186816263675,0.05901881962360753
0.8999420011599768,0.9030819383612328
0.6209675806483871,0.502989940201196
0.8353632927341453,0.8325633487330254
0.9408611827763445,0.9518609627807444
0.3704925901481971,0.3644327113457731
0.8510829783404332,0.8526629467410652
0.4413711725765485,0.48389032219355615
0.7592048159036819,0.6012279754404912
0.8956620867582649,0.19497610047799044
0.5935281294374113,0.505529889402212
0.13983720325593488,0.15615687686246277
0.40749185016299677,0.4059518809623808
0.9907201855962882,0.9890402191956161
0.1138377232455351,0.11399772004559909
0.02273954520909582,0.2371552568948621
0.7248455030899382,0.7934241315173697
0.44073118537629247,0.24857502849943003
0.8850222995540089,0.8962820743585128
0.99690006199876,0.9961400771984561
0.9268014639707206,0.24139517209655809
0.35709285814283714,0.5493090138197236
0.7438851222975541,0.7797244055118898
0.9911201775964481,0.9921001579968401
0.031799364012719745,0.029059418811623768
0.3661926761464771,0.4601907961840763
0.0014799704005919881,0.0012399752004959902
0.46285074298514034,0.5425291494170117
0.09573808523829523,0.14449711005779886
0.5468890622187557,0.5932281354372912
0.09625807483850324,0.10391792164156717
0.2359552808943821,0.2377352452950941
0.20759584808303835,0.27059458810823783
0.11861762764744706,0.12169756604867903
0.46727065458690825,0.4623707525849483
0.29503409931801367,0.3468730625387492
0.10377792444151117,0.0893782124357513
0.5961680766384673,0.6654466910661787
0.7461850762984741,0.6742665146697067
0.9360612787744246,0.9379412411751765
0.8766624667506651,0.9614807703845923
0.04645907081858363,0.06019879602407952
0.7831243375132497,0.7704245915081699
0.7086258274834504,0.6843663126737466
0.6706265874682507,0.5957880842383153
0.21865562688746226,0.2396152076958461
0.6886062278754426,0.5522089558208836
0.8963820723585528,0.9360412791744166
0.34729305413891726,0.3927921441571169
0.3610527789444211,0.4009319813603728
0.8552428951420972,0.8591628167436651
0.5772684546309074,0.5774284514309714
0.5144097118057639,0.5851882962340753
0.3139937201255975,0.3202335953280934
0.7892042159156817,0.7208055838883223
0.39423211535769287,0.41123177536449274
0.8835223295534089,0.9041219175616488
0.2005759884802304,0.18421631567368654
0.746265074698506,0.7117057658846824
0.13083738325233496,0.17407651846963063
0.6556868862622748,0.6804463910721785
0.9585608287834244,0.9694006119877603
0.19741605167896642,0.08529829403411932
0.15775684486310274,0.14077718445631088
0.7262454750904982,0.6826463470730586
0.8162636747265055,0.8332833343333134
0.5524889502209956,0.49803003939921203
0.8288034239315214,0.878722425551489
0.20547589048219037,0.22049559008819825
0.07287854242915141,0.5135897282054359
0.9730605387892243,0.9602607947841043
0.4885902281954361,0.4571108577828444
0.09431811363772725,0.21023579528409433
0.39463210735785287,0.4768504629907402
0.20353592928141437,0.24935501289974202
0.880102397952041,0.8997420051598969
0.7964640707185856,0.7503049939001221
0.9174416511669767,0.9041819163616728
0.2274754504909902,0.3275134497310054
0.1892162156756865,0.16153676926461472
0.8396432071358573,0.8209835803283935
0.5928081438371233,0.44439111217775645
0.7245655086898263,0.8760824783504331
0.9542009159816804,0.9557608847823044
0.19881602367952642,0.2382152356952861
0.38331233375332496,0.41243175136497273
0.6252074958500831,0.8389232215355693
0.45627087458250837,0.5393292134157317
0.8251634967300654,0.7642847143057139
0.04839903201935961,0.13043739125217496
0.6770464590708186,0.8288834223315534
0.9194216115677687,0.9155216895662087
0.3057738845223096,0.24549509009819803
0.5761684766304674,0.5608687826243476
0.9444011119777604,0.9309613807723846
0.7206455870882582,0.7264254714905702
0.2133757324853503,0.25257494850102996
0.43297134057318853,0.5764684706305874
0.6516069678606428,0.7148257034859303
0.749205015899682,0.8152636947261055
0.882562348753025,0.8995820083598328
0.5713885722285554,0.6532469350612988
0.6939861202775944,0.8080438391232175
0.006119877602447951,0.006219875602487951
0.7382252354952901,0.08933821323573529
0.4271114577708446,0.24149517009659807
0.21835563288734225,0.378332433351333
0.3601927961440771,0.5213295734085318
0.31873362532749344,0.5516889662206756
0.7251054978900422,0.7277254454910902
0.16073678526429472,0.1136377272454551
0.8354032919341613,0.8002639947201057
0.47155056898862024,0.4412111757764845
0.8090638187236255,0.879442411151777
0.43345133097338057,0.24525509489810204
0.3502129957400852,0.43633127337453254
0.36767264654706905,0.34735305293894125
0.4360712785744285,0.4811903761924762
0.0995580088398232,0.16081678366432672
0.6571068578628427,0.5730685386292275
0.15423691526169478,0.19741605167896642
0.5780084398312034,0.6555268894622108
0.3844923101537969,0.4008119837603248
0.625067498650027,0.6938661226775464
0.9680006399872003,0.9656806863862724
0.2761344773104538,0.252694946101078
0.8100237995240096,0.5476290474190516
0.9536609267814644,0.9375612487750246
0.4776904461910762,0.5332893342133157
0.8182636347273055,0.7881042379152418
0.08129837403251935,0.09403811923761525
0.6716665666686666,0.6501869962600748
0.4025319493610128,0.5759284814303715
0.9041219175616488,0.9029819403611928
0.3688326233475331,0.34703305933881323
0.8224635507289855,0.7819443611127778
0.2278754424911502,0.49589008219835606
0.14475710485790286,0.13245735085298294
0.7280254394912102,0.9618607627847443
0.9256614867702646,0.8989020219595608
0.6159076818463631,0.6370672586548269
0.3867122657546849,0.4130717385652287
0.32345353092938145,0.1856162876742465
0.5926881462370753,0.7162856742865142
0.03379932401351973,0.09649807003859923
0.07077858442831143,0.3544929101417972
0.0623187536249275,0.03225935481290374
0.25607487850242994,0.2604947901041979
0.1742365152696946,0.12753744925101498
0.8335233295334094,0.8518429631407373
0.9349413011739766,0.9492210155796884
0.39467210655786883,0.5712485750284995
0.08451830963380733,0.09661806763864723
0.9489410211795765,0.9650806983860323
0.6778864422711546,0.6622467550648987
0.5865682686346273,0.5834883302333953
0.6623667526649467,0.5635287294254115
0.1632567348653027,0.3237135257294854
0.43621127577448454,0.18059638807223857
0.2261754764904702,0.30013399732005364
0.3907721845563089,0.40391192176156476
0.2629347413051739,0.3380532389352213
0.06997860042799144,0.3286934261314774
0.5420291594168117,0.3270934581308374
0.5515089698206036,0.499810003799924
0.8456030879382412,0.7095858082838343
0.34637307253854926,0.32575348493030143
0.31151376972460554,0.42047159056818867
0.7257854842903142,0.44559108817823645
0.8158036839263215,0.21043579128417433
0.3143137137257255,0.6495070098598028
0.50354992900142,0.13523729525409492
0.6520269594608108,0.7325053498930022
0.7377652446951061,0.7243855122897542
0.06619867602647947,0.07021859562808744
0.8305233895322094,0.7684246315073698
0.41953160936781264,0.14049719005619887
0.6007079858402832,0.7561448771024579
0.33425331493370136,0.28201435971280575
0.9394412111757765,0.9356012879742406
0.8339633207335854,0.8620227595448091
0.5483890322193556,0.6590068198636028
0.11551768964620708,0.1364172716545669
0.5654886902261955,0.5438491230175396
0.8913821723565529,0.9146417071658567
0.15869682606347874,0.14125717485650288
0.6439271214575709,0.5552288954220915
0.8657026859462811,0.9004619907601848
0.9358612827743445,0.9664606707865843
0.9857002859942802,0.9827203455930882
0.9381212375752486,0.5786884262314754
0.9894002119957601,0.9902801943961121
0.008019839603207936,0.010219795604087919
0.9026619467610648,0.884482310353793
0.6568068638627228,0.5634487310253795
0.4495110097798044,0.4717505649887002
0.17977640447191057,0.12157756844863103
0.9899202015959682,0.9898802023959521
0.628147437051259,0.7353652926941462
0.15987680246395072,0.1868962620747585
0.08179836403271935,0.06671866562668746
0.060418791624167516,0.050038999220015604
0.8241235175296494,0.8038239235215296
0.18677626447471052,0.15505689886202276
0.5490490190196197,0.41753164936701265
0.8527429451410972,0.8024239515209696
0.4890902181956361,0.40761184776304477
0.9268614627707447,0.9292014159716806
0.40311193776124477,0.5563088738225236
0.8276234475310494,0.8320033599328014
0.04745905081898362,0.034419311613767725
0.3879522409551809,0.2678146437071259
0.015739685206295876,0.014219715605687886
0.9592208155836883,0.9703805923881522
0.15907681846363073,0.11949761004779905
0.5565888682226355,0.8723225535489291
0.13017739645207096,0.08945821083578329
0.20719585608287835,0.10741785164296715
0.7386652266954661,0.7143257134857303
0.9511409771804564,0.9148617027659447
0.22341553168936623,0.25057498850023
0.6911861762764745,0.5440291194176117
0.4506109877802444,0.5208695826083478
0.0023999520009599807,0.08351832963340733
0.7804643907121858,0.7855842883142338
0.19015619687606247,0.22015559688806224
0.9858202835943282,0.9855202895942081
0.9805403891922162,0.9762004759904802
0.757484850302994,0.7972240555188896
0.0025399492010159796,0.1759564808703826
0.9368212635747285,0.9203415931681367
0.126637467250655,0.1514769704605908
0.9157216855662887,0.8922821543569129
0.49429011419771607,0.623807523849523
0.8281634367312654,0.6550068998620028
0.4912301753964921,0.3929521409571809
0.28491430171396576,0.25727485450290993
0.05209895802083959,0.09917801643967121
0.6508269834603309,0.5801283974320514
0.10695786084278315,0.253794924101518
0.4014319713605728,0.249055018899622
0.9366412671746566,0.9676406471870563
0.15633687326253476,0.13499730005399893
0.6837263254734905,0.6766664666706667
0.39711205775884484,0.1774964500709986
0.20697586048279035,0.47025059498810023
0.5470690586188276,0.5607687846243076
0.1761164776704466,0.1632167356652867
0.8189836203275935,0.9123617527649447
0.5910481790364193,0.7335653286934262
0.9439011219775605,0.9164816703665927
0.7861442771144578,0.7379652406951861
0.15703685926281474,0.11469770604587909
0.44821103577928445,0.5636287274254516
0.7010659786804264,0.7209255814883703
0.6135877282454351,0.4276314473710526
0.12197756044879103,0.4042919141617168
0.7978040439191216,0.7917841643167137
0.9192016159676807,0.8709625807483851
0.17945641087178257,0.17215655686886264
0.5863082738345233,0.745565088698226
0.504509909801804,0.3380132397352053
0.9361012779744405,0.9357612847743045
0.8086438271234575,0.7751444971100578
0.6533269334613307,0.630987380252395
0.5703285934281315,0.626627467450651
0.39761204775904485,0.37303253934921304
0.8117637647247056,0.7946041079178416
0.9420411591768165,0.8866222675546489
0.5955480890382192,0.6714065718685627
0.38349233015339695,0.23047539049219015
0.22267554648907023,0.24455510889782206
0.1639967200655987,0.1640567188656227
0.04777904441911162,0.09791804163916722
0.9188216235675287,0.9237015259694806
0.7208055838883223,0.6630867382652347
0.32735345293094137,0.5900081998360033
0.5677686446271075,0.6211875762484751
0.28241435171296575,0.5168896622067559
0.046899062018759624,0.02669946601067979
0.9796804063918721,0.9803403931921362
0.9794604107917843,0.9460210795784084
0.7452850942981141,0.3028539429211416
0.9366212675746486,0.8562228755424892
0.11369772604547909,0.09011819763604728
0.3675126497470051,0.5951480970380593
0.0871182576348473,0.13141737165256695
0.12131757364852704,0.15573688526229476
0.885842283154337,0.9102417951640968
0.038039239215215695,0.033419331613367735
0.9168416631667367,0.8829623407531849
0.3516929661406772,0.5096098078038439
0.8652826943461132,0.05793884122317554
0.015799684006319873,0.019259614807703846
0.1764364712705746,0.252834943301134
0.8964420711585769,0.9055818883622327
0.886002279954401,0.7119057618847623
0.13261734765304695,0.12879742405151898
0.08109837803243936,0.0755184896302074
0.7131457370852583,0.5250494990100198
0.34303313933721324,0.4023319533609328
0.7844043119137617,0.7927241455170897
0.019739605207895843,0.01641967160656787
0.6993660126797464,0.6055078898422032
0.8216435671286575,0.879462410751785
0.5587888242235155,0.5767684646307074
0.46691066178676427,0.47555048899022023
0.9964000719985601,0.997240055198896
0.3906721865562689,0.24551508969820604
0.760204795904082,0.75892482150357
0.3026739465210696,0.26555468890622186
0.3118337633247335,0.5175896482070359
0.29543409131817366,0.7773244535109298
0.9604007919841604,0.9578008439831204
0.884602307953841,0.8976220475590488
0.4035919281614368,0.8196436071278574
0.751684966300674,0.756044879102418
0.23091538169236617,0.23205535889282214
0.12871742565148697,0.3231935361292774
0.3918321633567329,0.2873942521149577
0.3966120677586448,0.2700345993080138
0.050658986820263596,0.06099878002439951
0.872282554348913,0.8808823823523529
0.251414971700566,0.24831503369932603
0.4181116377672447,0.46765064698706027
0.09333813323733525,0.06533869322613547
0.878362432751345,0.8542029159416812
0.43237135257294856,0.4535509289814204
0.75332493350133,0.7784644307113858
0.9229815403691927,0.8991020179596408
0.8545629087418252,0.8674826503469931
0.11063778724425512,0.12067758644827103
0.4543109137817244,0.5922281554368913
0.40487190256194877,0.4596308073838523
0.634767304653907,0.5636887262254755
0.09351812963740726,0.09873802523949521
0.09875802483950322,0.09213815723685527
0.18411631767364653,0.20795584088318234
0.7944441111177777,0.8145237095258095
0.07849843003139938,0.04533909321813564
0.8674226515469691,0.8221835563288734
0.07737845243095139,0.11467770644587108
0.18645627087458252,0.19697606047879043
0.3969120617587648,0.3878722425551489
0.8133237335253295,0.7986440271194576
0.8081638367232655,0.7384052318953621
0.48349033019339616,0.45371092578148436
0.2767944641107178,0.15349693006139878
0.09723805523889523,0.0998980020399592
0.7909041819163617,0.7991440171196577
0.3939921201575969,0.4217115657686846
0.030579388412231758,0.03271934561308774
0.5415291694166117,0.4039319213615728
0.9844203115937682,0.9827003459930802
0.3603127937441251,0.6874062518749625
0.753144937101258,0.6950060998780024
0.10335793284134318,0.09761804763904722
0.2863942721145577,0.41849163016739666
0.6804263914721705,0.6880262394752105
0.3185136297274055,0.3907721845563089
0.7997240055198896,0.7905641887162257
0.2258154836903262,0.24197516049679008
0.23031539369212617,0.2382752344953101
0.6819263614727705,0.3941721165576689
0.4529909401811964,0.42345153096938065
0.015539689206215877,0.015719685606287875
0.9110817783644327,0.9383812323753525
0.884982300353993,0.8957220855582889
0.2884942301153977,0.2881342373152537
0.4014719705605888,0.512069758604828
0.29105417891642166,0.25605487890242196
0.5200695986080278,0.4738705225895482
0.5607687846243076,0.5285894282114358
0.11587768244635108,0.30869382612347757
0.00001999960000799984,0.00001999960000799984
0.010399792004159917,0.009039819203615927
0.5633287334253315,0.5649087018259635
0.9867402651946962,0.9864002719945602
0.6686066278674426,0.5735085298294035
0.6737865242695147,0.5995680086398272
0.2952540949181017,0.3271134577308454
0.8040639187216256,0.7956040879182417
0.06425871482570349,0.0751584968300634
0.6993860122797544,0.6359872802543949
0.5239495210095798,0.37153256934861306
0.3255534889302214,0.4575708485830284
0.6122277554448912,0.4640307193856123
0.5679086418271635,0.5828283434331314
0.5581888362232755,0.6138077238455231
0.39333213335733286,0.3873522529549409
0.44601107977840443,0.46939061218775624
0.8106437871242576,0.7887242255154897
0.19189616207675847,0.18265634687306254
0.9752404951900963,0.9854802903941922
0.9520209595808085,0.7194656106877863
0.45601087978240434,0.6661466770664587
0.34857302853942923,0.2937141257174857
0.24783504329913403,0.37029259414811705
0.055478890422191555,0.07011859762804744
0.27079458410831786,0.18047639047219055
0.507929841403172,0.376472470550589
0.9572608547829043,0.5914681706365873
0.4906301873962521,0.46017079658406834
0.28365432691346176,0.3328733425331494
0.41947161056778864,0.3566528669426612
0.23239535209295814,0.248195036099278
0.5866682666346673,0.7229455410891782
0.7845843083138337,0.8181236375272495
0.879662406751865,0.29191416171676565
0.6111477770444591,0.5728685426291474
0.23093538129237415,0.21807563848723027
0.622287554248915,0.5975680486390272
0.01883962320753585,0.03497930041399172
0.4848903021939561,0.44497110057798844
0.7642447151056979,0.2991340173196536
0.7346453070938581,0.9711005779884403
0.756664866702666,0.8042439151216976
0.4422911541769165,0.4273914521709566
0.4690106197876043,0.08579828403431931
0.4366912661746765,0.5287494250114998
0.5457490850182997,0.5839683206335874
0.6571268574628507,0.6308073838523229
0.19405611887762245,0.23221535569288615
0.3126937461250775,0.23489530209395812
0.6843063138737225,0.6855662886742265
0.49803003939921203,0.7139057218855623
0.35713285734285316,0.34709305813883723
0.5639887202255955,0.6536069278614428
0.619747605047899,0.36991260174796503
0.506989860202796,0.40833183336333273
0.30351392972140556,0.18337633247335053
0.9024419511609768,0.8101637967240656
0.5450290994180117,0.50554988900222
0.6014879702405952,0.6489470210595788
0.15267694646107077,0.15381692366152677
0.9231215375692486,0.9060218795624088
0.07719845603087938,0.09173816523669527
0.3288734225315494,0.3269734605307894
0.16909661806763865,0.4532309353812924
0.3238535229295414,0.33067338653226935
0.16267674646507072,0.19995600087998242
0.4902501949961001,0.3986120277594448
0.26601467970640585,0.23063538729225416
0.746585068298634,0.7296254074918502
0.8838823223535529,0.9828203435931282
0.08165836683266335,0.09023819523609528
0.32959340813183735,0.3390932181356373
0.9209615807683846,0.9570408591828163
0.8625427491450172,0.8956020879582408
0.6412671746565068,0.5827483450330994
0.8290434191316174,0.505989880202396
0.6064878702425952,0.6914661706765864
0.5127297454050919,0.5349893002139957
0.25729485410291797,0.25491490170196596
0.8172236555268895,0.8386632267354653
0.4748905021899562,0.4500109997800044
0.4535709285814284,0.4503709925801484
0.5489890202195956,0.4251914961700766
0.4160716785664287,0.4539709205815884
0.3511129777404452,0.36993260134797307
0.6450870982580349,0.6610467790644188
0.32031359372812546,0.26807463850722985
0.07967840643187137,0.06947861042779145
0.3568928621427572,0.37635247295054103
0.18251634967300653,0.18095638087238256
0.8066038679226416,0.8465030699386012
0.05901881962360753,0.056698866022679546
0.622307553848923,0.6800463990720186
0.6223275534489311,0.4245915081698366
0.48379032419351614,0.34403311933761327
0.50314993700126,0.4525909481810364
0.5901281974360513,0.5518689626207476
0.7811443771124578,0.6881462370752586
0.4677906441871163,0.4271314573708526
0.884262314753705,0.9146017079658407
0.45653086938261234,0.5886082278354433
0.13005739885202297,0.11881762364752706
0.5605887882242355,0.50064998700026
0.747265054698906,0.6751064978700426
0.46765064698706027,0.8064038719225616
0.4238915221695566,0.32335353292934144
0.2775144497110058,0.19035619287614247
0.32111357772844545,0.2932541349173017
0.6600067998640028,0.6577468450630988
0.8067838643227135,0.6540869182616348
0.08061838763224735,0.10845783084338313
0.7768044639107218,0.8426831463370733
0.7993840123197536,0.5645887082258355
0.7739245215095698,0.633627327453451
0.1748765024699506,0.20607587848243036
0.3617327653446931,0.34301313973720526
0.9314413711725765,0.9444411111777765
0.4031919361612768,0.4763104737905242
0.02893942121157577,0.031079378412431753
0.25965480690386195,0.3372132557348853
0.3433331333373333,0.375752484950301
0.10613787724245516,0.15689686206275874
0.03205935881282374,0.20569588608227837
0.6376672466550669,0.5619087618247636
0.3514929701405972,0.3081738365232695
0.9771004579908402,0.9701605967880643
0.23625527489450213,0.10975780484390313
0.3151536969260615,0.44723105537889246
0.5732485350292994,0.5597688046239075
0.9884802303953921,0.9863802723945522
0.014019719605607888,0.01129977400451991
0.997920041599168,0.996760064798704
0.4453910921781565,0.48509029819403615
0.42541149177016463,0.7463250734985301
0.2652546949061019,0.3354532909341813
0.254894902101958,0.20899582008359832
0.881662366752665,0.7505249895002101
0.9100017999640008,0.9542209155816884
0.7885642287154258,0.634507309853803
0.7036059278814424,0.7139257214855703
0.10221795564088719,0.11147777044459112
0.4641107177856443,0.11561768764624708
0.2970140597188056,0.4422911541769165
0.7693846123077539,0.7864642707145857
0.9818603627927441,0.9872002559948801
0.8680826383472331,0.8494230115397692
0.7260054798904022,0.8464030719385612
0.19617607647847043,0.26995460090798185
0.5166096678066439,0.46171076578468434
0.9195816083678326,0.5750084998300035
0.5429691406171877,0.4947901041979161
0.7922241555168897,0.8175236495270095
0.868242635147297,0.8365432691346173
0.5339693206135877,0.628627427451451
0.7341653166936661,0.5925081498370033
0.09755804883902322,0.1642967140657187
0.20301593968120638,0.29275414491710167
0.9803403931921362,0.9805403891922162
0.3533529329413412,0.3233935321293574
0.4771904561908762,0.8196636067278654
0.4865102697946041,0.31231375372492554
0.4953100937981241,0.50944981100378
0.9212015759684806,0.9269214615707686
0.8019839603207937,0.5971480570388592
0.5628887422251555,0.628767424651507
0.030939381212375754,0.0374192516149677
0.6794664106717866,0.45725085498290036
0.4394112117757645,0.5956680866382672
0.9430611387772245,0.9407611847763045
0.18105637887242257,0.18015639687206256
0.4527909441811164,0.47187056258874827
0.5780684386312274,0.6509669806603868
0.04945901081978361,0.0636387272254555
0.38197236055278894,0.23705525889482212
0.8669226615467691,0.8327033459330814
0.7990840183196336,0.8646427071458571
0.7881242375152497,0.7685446291074178
0.6813463730725385,0.5978080438391232
0.7744245115097699,0.755204895902082
0.4814703705925882,0.4026919461610768
0.8657826843463131,0.8532029359412812
0.5130697386052279,0.5152896942061159
0.9522409551808965,0.9481210375792485
0.8539429211415772,0.879942401151977
0.5750484990300194,0.40653186936261276
0.763184736305274,0.7244055118897622
0.005359892802143957,0.00749985000299994
0.3047339053218936,0.8164236715265695
0.2372152556948861,0.30763384732305354
0.7773044539109218,0.877582448351033
0.4631507369852603,0.4559108817823644
0.32769344613107737,0.22357552848943021
0.4390312193756125,0.3882322353552929
0.2840343193136137,0.26651466970660587
0.5287094258114838,0.4383912321753565
0.6369872602547949,0.5864882702345954
0.27389452210955784,0.26765464690706187
0.9802003959920802,0.9846603067938642
0.25477490450191,0.2359552808943821
0.31735365292694145,0.2787344253114938
0.6820463590728185,0.7280054398912023
0.7614247715045699,0.749665006699866
0.1601167976640467,0.1640367192656147
0.17833643327133458,0.50814983700326
0.5437291254174916,0.7496050078998421
0.7935841283174336,0.7710645787084258
0.1409371812563749,0.13289734205315895
0.5912881742365153,0.5698886022279555
0.5926081478370433,0.5518289634207316
0.9942201155976881,0.9907201855962882
0.1626567468650627,0.2391152176956461
0.48447031059378814,0.48139037219255615
0.30975380492390153,0.3189736205275895
0.763064738705226,0.6804863902721946
0.8957220855582889,0.9056018879622408
0.4169916601667967,0.3500929981400372
0.5792684146317074,0.6150876982460352
0.5854682906341874,0.5887482250354993
0.875022499550009,0.7554448911021779
0.11709765804683907,0.12969740605187896
0.7435251294974101,0.7874042519149618
0.8465030699386012,0.8428831423371533
0.2769344613107738,0.34635307293854123
0.5347493050138997,0.6420871582568349
0.4022319553608928,0.17883642327153457
0.6438471230575389,0.5827883442331153
0.0995980080398392,0.17235655286894264
0.5829283414331714,0.6981260374792504
0.03519929601407972,0.02983940321193576
0.6903061938761225,0.7003659926801464
0.8267834643307134,0.5116897662046759
0.24693506129877404,0.2646547069058619
0.2399952000959981,0.27949441011179776
0.7791444171116578,0.7764644707105858
0.018919621607567848,0.021739565208695827
0.019979600407991842,0.018339633207335854
0.6882862342753145,0.7185656286874262
0.1615967680646387,0.17257654846903062
0.8929221415571689,0.9150816983660327
0.22699546009079818,0.34651306973860524
0.34815303693926125,0.9163816723665527
0.48577028459430815,0.5455890882182357
0.6789264214715706,0.6840463190736186
0.24701505969880602,0.23145537089258217
0.023119537609247814,0.018119637607247857
0.5949281014379713,0.6797464050718985
0.3324733505329894,0.3671326573468531
0.7401051978960421,0.7369852602947942
0.125557488850223,0.09475810483790324
0.08575828483430331,0.10925781484370313
0.8581428371432571,0.8550228995420092
0.8129637407251855,0.7859842803143937
0.15711685766284675,0.1396572068558629
0.03677926441471171,0.06441871162576748
0.07693846123077538,0.3671726565468691
0.5247295054098918,0.4896902061958761
0.5800683986320274,0.5956880862382753
0.3271934561308774,0.2757944841103178
0.6705465890682186,0.6979060418791624
0.878282434351313,0.8500829983400332
0.009619807603847924,0.01003979920401592
0.8845423091538169,0.9482610347793045
0.4505909881802364,0.6191476170476591
0.5986880262394753,0.6459870802583949
0.24111517769644608,0.22963540729185417
0.3364532709345813,0.48065038699226015
0.6620267594648107,0.4050918981620368
0.42347153056938863,0.50014999700006
0.20715585688286234,0.20571588568228635
0.09759804803903922,0.11969760604787905
0.8127437451250975,0.7931641367172657
0.48345033099338014,0.4409911801763965
0.48357032859342813,0.4186916261674767
0.15487690246195077,0.2265754684906302
0.2728345433091338,0.21905561888762226
0.3700925981480371,0.5467290654186916
0.7213255734885302,0.6161676766464671
0.49729005419891603,0.48223035539289216
0.3887322253554929,0.4241715165696686
0.4517509649807004,0.46377072458550833
0.16387672246555068,0.1889362212755745
0.3670726585468291,0.7211255774884503
0.4391512169756605,0.5727485450290994
0.6223475530489391,0.5329093418131637
0.8015439691206176,0.758144837103258
0.8490630187396252,0.7947441051178976
0.5982080358392833,0.7199456010879782
0.1724365512689746,0.4250514989700206
0.9084018319633608,0.9222615547689047
0.5356892862142757,0.2773344533109338
0.8126237475250495,0.8192836143277135
0.5582688346233076,0.8337833243335133
0.5742885142297154,0.5163096738065239
0.125677486450271,0.10569788604227916
0.879022419551609,0.8279034419311614
0.4093718125637487,0.4323513529729406
0.7254654906901862,0.631187376252475
0.6333473330533389,0.5703685926281474
0.3938721225575489,0.4369912601747965
0.8372632547349054,0.8499430011399772
0.07899842003159938,0.05167896642067159
0.8362832743345133,0.8328633427331453
0.28715425691486174,0.2681546369072619
0.20991580168396634,0.24347513049739006
0.6616067678646427,0.7360052798944021
0.6649867002659947,0.6019679606407872
0.23207535849283015,0.5820883582328353
0.3531529369412612,0.3514929701405972
0.7372852542949141,0.6760464790704186
0.8200035999280014,0.9131817363652728
0.29323413531729364,0.4927301453970921
0.9924801503969921,0.9926801463970721
0.8442631147377053,0.6440471190576189
0.014979700405991881,0.0038399232015359696
0.9419411611767765,0.9373812523749525
0.6437271254574909,0.6505669886602268
0.5849083018339634,0.4266514669706606
0.8275834483310334,0.7385652286954261
0.9421611567768645,0.9151216975660487
0.45033099338013244,0.40877182456350875
0.9923001539969201,0.9923601527969441
0.24141517169656607,0.20801583968320633
0.020459590808183836,0.07731845363092739
0.9706405871882563,0.9718205635887283
0.766604667906642,0.8059638807223856
0.6759464810703786,0.7492650146997061
0.8210035799284015,0.7933241335173297
0.5449691006179876,0.5934681306373872
0.7567048659026819,0.5818083638327234
0.6845263094738105,0.7150856982860343
0.20247595048099037,0.3920921581568369
0.9661606767864643,0.9842003159936802
0.4188716225675487,0.4620907581848363
0.2133957320853583,0.20355592888142238
0.18027639447211055,0.2242155156896862
0.3625927481450371,0.25669486610267794
0.3864922701545969,0.1994560108797824
0.07785844283114338,0.07913841723165536
0.07175856482870342,0.0865182696346073
0.035419291614167715,0.033719325613487734
0.30271394572108556,0.28459430811383774
0.23677526449471012,0.24565508689826204
0.7160656786864263,0.46417071658566833
0.3536729265414692,0.35359292814143717
0.75462490750185,0.7015459690806184
0.995280094398112,0.9950200995980081
0.40299194016119677,0.5254294914101718
0.5874882502349953,0.6210675786484271
0.8156836863262735,0.5918081638367233
0.8821423571528569,0.9096818063638727
0.6866862662746746,0.752304953900922
0.05303893922121558,0.059298814023719525
0.5500889982200357,0.4209715805683886
0.26023479530409394,0.19485610287794244
0.3062338753224936,0.18489630207395852
0.9959400811983761,0.9975200495990081
0.15607687846243076,0.17373652526949462
0.751544969100618,0.8496430071398572
0.3088538229235415,0.2657946841063179
0.754784904301914,0.7353252934941301
0.04233915321693566,0.04445911081778364
0.8341633167336654,0.875442491150177
0.19791604167916643,0.2122957540849183
0.5337893242135158,0.2746745065098698
0.4502309953800924,0.34033319333613327
0.9475010499790004,0.9391412171756566
0.6381672366552669,0.5485090298194036
0.5287894242115158,0.617707645847083
0.47241055178896424,0.6492670146597068
0.6579668406631868,0.6306873862522749
0.7682646347073059,0.7851242975140498
0.6916461670766585,0.6387872242555149
0.23549529009419812,0.07047859042819143
0.5660286794264114,0.6172076558468831
0.4642107157856843,0.5254094918101638
0.7115057698846023,0.7351652966940662
0.2700345993080138,0.2279554408911822
0.2716945661086778,0.3619127617447651
0.5888482230355393,0.5764484710305794
0.4749505009899802,0.7673046539069219
0.3651326973460531,0.25513489730205396
0.5364892702145957,0.5132897342053159
0.3142537149257015,0.28309433811323775
0.07991840163196737,0.07827843443131138
0.8204635907281854,0.6903661926761465
0.35543289134217315,0.3615127697446051
0.9239015219695607,0.9115417691646167
0.17625647487050258,0.14869702605947882
0.4028319433611328,0.18233635327293454
0.07285854282914342,0.0753184936301274
0.03459930801383972,0.03099938001239975
0.5348493030139397,0.6565868682626348
0.7850842983140337,0.5475490490190197
0.21479570408591828,0.34747305053898925
0.6704065918681626,0.6589668206635868
0.20663586728265435,0.16175676486470272
0.5392292154156917,0.4517909641807164
0.9938401231975361,0.9948001039979201
0.4516909661806764,0.5373092538149237
0.9398812023759525,0.9400811983760325
0.35565288694226116,0.508529829403412
0.9327213455730886,0.9694606107877842
0.23411531769364613,0.25423491530169395
0.5221895562088759,0.5651486970260595
0.8431031379372412,0.8378832423351533
0.17113657726845463,0.16585668286634267
0.0759984800303994,0.04905901881962361
0.7815643687126258,0.48663026739465215
0.2396152076958461,0.32427351452970943
0.7137057258854823,0.38399232015359697
0.8425831483370333,0.9137017259654807
0.2272954540909182,0.2157756844863103
0.625567488650227,0.5945681086378273
0.17771644567108658,0.23639527209455813
0.5207095858082839,0.37595248095038103
0.34787304253914925,0.3325333493330134
0.4023719525609488,0.7779244415111698
0.04115917681646367,0.038459230815383695
0.4425911481770365,0.10343793124137518
0.4548109037819244,0.5060498790024199
0.8908221835563289,0.9155416891662167
0.46021079578408436,0.4645107097858043
0.5194096118077639,0.7062658746825063
0.15169696606067878,0.12435751284974302
0.6040679186416272,0.7017459650806984
0.2136157276854463,0.3254334913301734
0.7745245095098098,0.7193456130877383
0.0746585068298634,0.07337853242935141
0.6944461110777784,0.7820243595128098
0.3867722645547089,0.35749285014299714
0.5087498250035,0.5003299934001321
0.7602647947041059,0.7527049459010821
0.04009919801603968,0.19077618447631048
0.8385232295354094,0.8307233855322894
0.9406411871762566,0.42907141857162856
0.30501389972200554,0.40345193096138077
0.877022459550809,0.7155856882862343
0.34245315093698125,0.29315413691726167
0.5131897362052759,0.4917501649967001
0.2925141497170057,0.22485550288994222
0.12271754564908702,0.13059738805223897
0.3000339993200136,0.3210935781284374
0.6900261994760105,0.6442871142577149
0.4305313893722126,0.5109497810043799
0.5713485730285395,0.46817063658726826
0.20731585368292635,0.3404531909361813
0.6172876542469151,0.7535049299014019
0.9416211675766485,0.6492070158596829
0.510589788204236,0.5272094558108839
0.5721885562288754,0.9288414231715366
0.43353132937341254,0.6064078718425632
0.48567028659426814,0.45953080938381236
0.19353612927741445,0.21661566768664628
0.9714605707885843,0.9670406591868163
0.2975340493190136,0.19155616887662247
0.29785404291914164,0.3385532289354213
0.4350912981740365,0.4893702125957481
0.5516489670206596,0.4298914021719566
0.44717105657886846,0.27961440771184576
0.33117337653246937,0.30667386652266954
0.09223815523689527,0.017819643607127858
0.23671526569468612,0.24843503129937403
0.3552328953420932,0.3393532129357413
0.32351352972940545,0.3138537229255415
0.06935861282774344,0.07005859882802344
0.888842223155537,0.8878422431551369
0.748045039099218,0.757444851102978
0.3241935161296774,0.2722745545089098
0.7758844823103538,0.6800063998720026
0.4171516569668607,0.4730505389892202
0.06853862922741545,0.10349793004139918
0.19547609047819045,0.5644487110257795
0.05723885522289555,0.17165656686866262
0.49735005299894003,0.5530689386212276
0.09655806883862324,0.11087778244435112
0.09857802843943121,0.14667706645867082
0.4915901681966361,0.5938681226375473
0.25097498050039,0.2838143237135257
0.04201915961680767,0.041759164816703664
0.37367252654946903,0.3363132737345253
0.16919661606767866,0.057518849623007545
0.6834863302733946,0.6487270254594908
0.39403211935761284,0.3860322793544129
0.1490570188596228,0.8038839223215536
0.30627387452250954,0.32267354652906943
0.9395612087758245,0.9138017239655207
0.6690066198676027,0.6699666006679866
0.8323233535329294,0.8372432551348973
0.025819483610327796,0.04487910241795164
0.6183276334473311,0.7061858762824744
0.07777844443111138,0.04629907401851963
0.5226295474090519,0.47303053938921225
0.5861082778344433,0.6036479270414592
0.49829003419931606,0.46965060698786026
0.6800063998720026,0.7764244715105698
0.7269454610907782,0.5615287694246115
0.124837503249935,0.1509969800603988
0.3852322953540929,0.38451230975380496
0.6544069118617628,0.5264294714105718
0.06693866122677547,0.09339813203735925
0.004439911201775964,0.004439911201775964
0.3653926921461571,0.4647507049859003
0.877362452750945,0.881622367552649
0.23363532729345413,0.2390352192956141
0.5616487670246595,0.5715485690286195
0.5446491070178596,0.7487050258994821
0.14465710685786284,0.2127157456850863
0.7720845583088338,0.6821863562728746
0.13591728165436692,0.18157636847263056
0.15615687686246277,0.18467630647387054
0.7141657166856663,0.5969480610387793
0.8013039739205217,0.7943641127177457
0.6756664866702666,0.9485010299794004
0.09611807763844724,0.12737745245095097
0.5788484230315394,0.3920521589568209
0.8819223615527689,0.8624627507449851
0.5711485770284594,0.7720245595088099
0.6801663966720666,0.6719865602687947
0.22207555848883023,0.21089578208435833
0.48259034819303614,0.5108497830043399
0.6198276034479311,0.5638287234255315
0.30761384772304556,0.23623527529449412
0.6063478730425391,0.6359472810543789
0.5795684086318273,0.5683286334273314
0.24177516449671008,0.8080838383232336
0.6865862682746345,0.6779664406711866
0.371912561748765,0.33255334893302135
0.057118857622847546,0.09291814163716726
0.38327233455330895,0.41689166216675666
0.15441691166176677,0.18239635207295854
0.4386112277754445,0.39481210375792486
0.6646267074658507,0.762704745905082
0.626667466650667,0.5318093638127238
0.008099838003239936,0.012199756004879903
0.5443691126177477,0.624947501049979
0.8160436791264175,0.8190836183276334
0.23685526289474212,0.2250354992900142
0.6084478310433792,0.7098058038839223
0.24197516049679008,0.5762684746305075
0.887142257154857,0.882662346753065
0.40561188776224477,0.33547329053418934
0.8194236115277694,0.8538429231415372
0.874962500749985,0.8387832243355133
0.5809083818323634,0.629287414251715
0.7748645027099458,0.7994440111197776
0.006379872402551949,0.005819883602327954
0.3038139237215256,0.27875442491150176
0.03155936881262375,0.011399772004559909
0.9135617287654247,0.45359092818143637
0.5645287094258115,0.631547369052619
0.005479890402191956,0.004359912801743965
0.9564408711825764,0.9608607827843444
0.9664806703865924,0.9617007659846804
0.3910321793564129,0.4554108917821644
0.75882482350353,0.7993440131197377
0.7801243975120498,0.8016439671206577
0.6735865282694347,0.6851262974740505
0.44715105697886043,0.38407231855362894
0.9168816623667527,0.8944221115577689
0.8035839283214335,0.8180236395272095
0.9108217835643287,0.8958620827583449
0.043799124017519654,0.05397892042159157
0.4008519829603408,0.2747745045099098
0.6170476590468191,0.630327393452131
0.7705245895082099,0.8470230595388093
0.8117037659246815,0.8119237615247695
0.06701865962680746,0.0623987520249595
0.755864882702346,0.5610487790244195
0.8320833583328334,0.8300233995320094
0.6641267174656507,0.6961060778784425
0.39481210375792486,0.5367092658146837
0.994260114797704,0.996420071598568
0.057198856022879545,0.056118877622447556
0.9650806983860323,0.9657606847863043
0.9320813583728326,0.7715045699086018
0.6641467170656588,0.6877462450750985
0.7002059958800825,0.7114857702845944
0.24439511209775805,0.3367732645347093
0.5324093518129638,0.5086698266034679
0.37095258094838107,0.16991660166796665
0.26943461130777385,0.15855682886342273
0.4061718765624688,0.4089718205635887
0.9854802903941922,0.9802203955920882
0.7776044479110418,0.5657286854262915
0.04279914401711966,0.058398832023359534
0.26417471650566987,0.1380172396552069
0.8634627307453852,0.8312433751324974
0.2648347033059339,0.1887362252754945
0.8018839623207537,0.30613387732245356
0.6772464550708986,0.8148037039259215
0.04363912721745565,0.0502789944201116
0.8524029519409612,0.8651026979460411
0.8631027379452412,0.995080098398032
0.031039379212415754,0.027999440011199778
0.49623007539849207,0.4664706705865883
0.028359432811343774,0.025839483210335794
0.06667866642667147,0.021699566008679828
0.49329013419731604,0.5777084458310834
0.016899662006759866,0.014719705605887883
0.21727565448691027,0.4003719925601488
0.7991440171196577,0.8230435391292175
0.1747565048699026,0.22371552568948622
0.5759084818303634,0.3894322113557729
0.17923641527169457,0.16799664006719867
0.7786044279114418,0.7677846443071139
0.9671606567868642,0.9195816083678326
0.7036659266814664,0.6613867722645548
0.6694666106677867,0.6809463810723786
0.21895562088758225,0.25481490370192594
0.1014979700405992,0.1130977380452391
0.23599528009439813,0.4155116897662047
0.8683426331473371,0.8969820603587929
0.7270454590908182,0.9250814983700326
0.2643547129057419,0.2608347833043339
0.4926301473970521,0.45999080018399635
0.4383512329753405,0.33403331933361335
0.757364852702946,0.7144057118857623
0.2023959520809584,0.23481530369392614
0.24091518169636608,0.21723565528689426
0.03293934121317574,0.029719405611887764
0.1364172716545669,0.16831663366732666
0.09257814843703126,0.05895882082358353
0.8951620967580649,0.8937421251574968
0.379072418551629,0.39585208295834085
0.15779684406311875,0.18109637807243856
0.4795704085918282,0.49693006139877205
0.1901961960760785,0.7009459810803784
0.18067638647227055,0.16261674766504672
0.28291434171316576,0.28173436531269375
0.3002339953200936,0.5329493410131797
0.1381572368552629,0.15109697806043879
0.7219855602887942,0.7986640267194657
0.6108877822443551,0.496790064198716
0.6011479770404592,0.48595028099438015
0.7359252814943701,0.7129257414851703
0.4051918961620768,0.5674686506269875
0.6479670406591869,0.6195876082478351
0.5749085018299634,0.44371112577748445
0.24627507449851005,0.40675186496270077
0.18503629927401452,0.24423511529769407
0.14441711165776686,0.16043679126417473
0.8519629607407853,0.9047419051618968
0.6980060398792024,0.7037459250814984
0.3201735965280694,0.33741325173496534
0.13147737045259095,0.08509829803403932
0.6093878122437552,0.6651666966660666
0.4774304513909722,0.6403871922561549
0.5347693046139077,0.6487670246595069
0.8623627527449451,0.8532429351412972
0.9601807963840724,0.9634607307853843
0.9751604967900642,0.9791404171916562
0.9865602687946241,0.9818203635927282
0.6988060238795224,0.32087358252834947
0.7970040599188016,0.7695646087078258
0.44449111017779647,0.633607327853443
0.3915921681566369,0.9855002899942001
0.7806243875122498,0.6982460350792984
0.04519909601807964,0.044099118017639646
0.6615267694646108,0.6823063538729226
0.9650206995860083,0.9660606787864243
0.3829523409531809,0.45983080338393234
0.6147877042459151,0.6996260074798504
0.9945401091978161,0.9944201115977681
0.5376092478150437,0.498390032199356
0.09389812203755925,0.052258954820903585
0.6837863242735146,0.5711685766284674
0.07969840603187936,0.0870182596348073
0.09321813563728726,0.08415831683366333
0.619647607047859,0.5289094218115638
0.25601487970240594,0.2379352412951741
0.040459190816183675,0.027299454010919783
0.26463470730585387,0.30357392852142956
0.43289134217315656,0.5791484170316594
0.06797864042719146,0.029099418011639767
0.32079358412831743,0.34631307373852527
0.01885962280754385,0.015819683606327874
0.025499490010199796,0.023479530409391814
0.47549049019019624,0.3600727985440291
0.7017259654806904,0.7020259594808104
0.8542029159416812,0.8041839163216736
0.3242535149297014,0.38471230575388493
0.1137377252454951,0.06687866242675147
0.6806063878722426,0.4284314313713726
0.13491730165396693,0.16099678006439871
0.6687866242675147,0.9111617767644647
0.4252514949701006,0.49875002499950005
0.7241455170896582,0.5443491130177397
0.49815003699926,0.5816283674326513
0.33137337253254934,0.40929181416371674
0.7200455990880182,0.7992440151196977
0.625527489450211,0.5921881562368753
0.49529009419811604,0.5445891082178357
0.38077238455230894,0.626147477050459
0.9512609747805044,0.9551208975820484
0.4009719805603888,0.50454990900182
0.1506369872602548,0.12387752244955101
0.7414251714965701,0.6881062378752425
0.03897922041559169,0.034639307213855726
0.9232615347693046,0.9207015859682807
0.4651706965860683,0.29311413771724565
0.44617107657846844,0.5202095958080839
0.14105717885642288,0.4046919061618768
0.4654706905861883,0.5655886882262355
0.2620347593048139,0.2870742585148297
0.5555488890222195,0.6956860862782744
0.9392212155756885,0.9417211655766885
0.6219075618487631,0.4149917001659967
0.5687486250274995,0.4650906981860363
0.7992640147197057,0.5662686746265075
0.44775104497910045,0.47373052538949223
0.251154976900462,0.2631747365052699
0.7258254834903303,0.6629467410651787
0.14221715565688686,0.1633567328653427
0.4884502309953801,0.4064518709625808
0.5840683186336273,0.6017279654406912
0.250294994100118,0.2988540229195416
0.8011239775204496,0.8348833023339534
0.8209835803283935,0.5400091998160037
0.050558988820223597,0.05645887082258355
0.20885582288354235,0.30793384132317353
0.7946841063178737,0.7907441851162977
0.7848843023139538,0.763984720305594
0.7848043039139218,0.7856842863142738
0.053258934821303575,0.05099898002039959
0.2152956940861183,0.18497630047399052
0.3346333073338533,0.4614507709845803
0.9258014839703206,0.8717225655486891
0.7447851042979141,0.8048239035219296
0.6047479050418992,0.7641247175056499
0.48585028299434013,0.3622127557448851
0.6707465850682987,0.6503669926601469
0.027259454810903784,0.032119357612847746
0.3237935241295174,0.4309313813723726
0.9781204375912482,0.876302473950521
0.7279854402911942,0.505089898202036
0.1865562688746225,0.24323513529729407
0.47031059378812423,0.8608427831443372
0.2765144697106058,0.4612707745845083
0.36859262814743704,0.3882922341553169
0.45779084418311633,0.3875122497550049
0.5724285514289714,0.5377692446151077
0.8454630907381853,0.8073438531229375
0.42243155136897265,0.36973260534789304
0.2737945241095178,0.3397132057358853
0.19387612247755046,0.3630927381452371
0.6479470410591789,0.6612667746645068
0.5989480210395792,0.5426891462170756
0.43531129377412453,0.3907921841563169
0.6425671486570269,0.8297634047319054
0.46749065018699626,0.4668706625867483
0.5883082338353233,0.500629987400252
0.7926441471170577,0.8007039859202816
0.3048539029219416,0.34335313293734127
0.9168616627667447,0.9342613147737046
0.5268094638107238,0.3013139737205256
0.14629707405851883,0.18937621247575048
0.636807263854723,0.49619007619847605
0.43649127017459655,0.3353732925341493
0.20443591128177438,0.24963500729985402
0.13365732685346293,0.127217455650887
0.11445771084578309,0.25629487410251794
0.8302833943321134,0.8528229435411292
0.26223475530489393,0.23771524569508612
0.4392312153756925,0.3421331573368533
0.07669846603067938,0.09221815563688726
0.21719565608687827,0.24011519769604608
0.5527489450210996,0.8212235755284895
0.9612407751844964,0.9664206715865683
0.5476290474190516,0.5340493190136197
0.7021059578808424,0.7020859582808344
0.8135037299254015,0.759744805103898
0.761204775904482,0.7364652706945861
0.39635207295854086,0.30459390812183756
0.4017519649607008,0.42215155696886064
0.6863862722745545,0.8056438871222575
0.5558088838223235,0.3465930681386372
0.7883042339153217,0.6585868282634347
0.9861002779944401,0.9893202135957281
0.1510169796604068,0.7515649687006261
0.8035639287214256,0.49847003059938805
0.25017499650007,0.14767704645907082
0.5182896342073159,0.43419131617367657
0.4343513129737405,0.6926861462770745
0.9084618307633847,0.8891022179556409
0.9597808043839123,0.9604607907841843
0.9582208355832884,0.9645407091858164
0.24489510209795806,0.20495590088198237
0.9496210075798485,0.9372212555748886
0.6461470770584589,0.4379112417751645
0.36143277134457313,0.377012459750805
0.6501669966600668,0.5603887922241555
0.872002559948801,0.9711205775884483
0.8531429371412572,0.878442431151377
0.12111757764844704,0.1477970440591188
0.5334693306133877,0.5885282294354113
0.9687806243875123,0.13019739605207897
0.757004859902802,0.759484810303794
0.5634087318253636,0.34811303773924523
0.6667266654666907,0.5515889682206356
0.5477690446191077,0.5267294654106918
0.6844863102737946,0.19003619927601448
0.5309493810123798,0.6421871562568748
0.9761204775904482,0.9772804543909123
0.3450530989380213,0.7744845103097938
0.9760404791904163,0.9742805143897122
0.7608247835043299,0.6793064138717226
0.14577708445831083,0.13159736805263894
0.2125757484850303,0.1127177456450871
0.875662486750265,0.8979020419591609
0.2723145537089258,0.30455390892182155
0.6408471830563389,0.5804883902321953
0.21113577728445432,0.21639567208655827
0.8258634827303454,0.4096518069638607
0.5611287774244516,0.5632887342253156
0.620667586648267,0.638767224655507
0.7786644267114659,0.7696446071078579
0.5384692306153878,0.49185016299674006
0.46069078618427634,0.5296094078118437
0.250714985700286,0.2859142817143657
0.17097658046839065,0.10191796164076719
0.7035659286814264,0.6627067458650827
0.9556808863822724,0.9496610067798644
0.997680046399072,0.9952400951980961
0.7966440671186577,0.8040639187216256
0.6488470230595388,0.5605287894242116
0.49591008179836404,0.5546489070218595
0.1985360292794144,0.24669506609867803
0.4938301233975321,0.5169296614067719
0.23665526689466213,0.16565668686626267
0.6342673146537069,0.742705145897082
0.30719385612287753,0.16909661806763865
0.8864822703545929,0.884962300753985
0.7746645067098659,0.8465830683386333
0.21187576248475032,0.1986760264794704
0.8982420351592968,0.9239815203695927
0.881162376752465,0.9735805283894322
0.8226035479290414,0.7862642747145058
0.7817243655126898,0.6374472510549789
0.1760564788704226,0.16953660926781464
0.874742505149897,0.8504429911401772
0.377192456150877,0.3002739945201096
0.999180016399672,0.9990200195996081
0.126297474050519,0.1005779884402312
0.14415711685766286,0.2004359912801744
0.5493490130197396,0.40825183496330075
0.9303213935721286,0.9048819023619528
0.4323513529729406,0.48157036859262814
0.10127797444051119,0.09079818403631927
0.9758004839903203,0.9166816663666727
0.22391552168956622,0.2015959680806384
0.45861082778344436,0.5334493310133798
0.6084678306433872,0.6351272974540509
0.4411711765764685,0.4470510589788204
0.015379692406151878,0.01773964520709586
0.9944201115977681,0.9936601267974641
0.9116017679646408,0.9528209435811285
0.8455430891382173,0.7169056618867623
0.43183136337273254,0.18685626287474252
0.7902441951160977,0.880622387552249
0.1886762264754705,0.10265794684106318
0.6921461570768584,0.40813183736325276
0.1650366992660147,0.15819683606327875
0.23983520329593408,0.32501349973000543
0.7947241055178896,0.6476670466590668
0.9777004459910802,0.9419811603767925
0.03327933441331173,0.0370992580148397
0.6647667046659067,0.7227855442891142
0.5184496310073798,0.5792884142317154
0.755004899902002,0.7886842263154737
0.09001819963600728,0.08531829363412732
0.33067338653226935,0.4597908041839163
0.9801203975920482,0.9839603207935842
0.7351652966940662,0.6960860782784345
0.16733665326693467,0.14975700485990281
0.7619847603047939,0.7648647027059459
0.2656746865062699,0.6457870842583149
0.14721705565888682,0.14181716365672686
0.3501929961400772,0.5118697626047479
0.6405471890562189,0.7170056598868023
0.19375612487750246,0.17925641487170257
0.46189076218475633,0.3868322633547329
0.11067778644427112,0.13287734245315094
0.1013579728405432,0.07205855882882342
0.1129977400451991,0.08535829283414333
0.07165856682866342,0.1384972300553989
0.4373712525749485,0.2766144677106458
0.4433911321773565,0.4794704105917882
0.9238615227695447,0.9307813843723126
0.5490090198196036,0.6635267294654107
0.25783484330313394,0.5359892802143957
0.6836663266734666,0.6790064198716026
0.6478270434591309,0.9249415011699766
0.0873782524349513,0.10307793844123118
0.1009179816403672,0.0746385072298554
0.01651966960660787,0.01995960080798384
0.07201855962880743,0.07291854162916742
0.1860762784744305,0.25047499050019
0.10571788564228715,0.07577848443031139
0.5325293494130118,0.5320293594128117
0.14561708765824685,0.16709665806683868
0.5703885922281554,0.621587568248635
0.43513129737405254,0.42199156016879663
0.34845303093938124,0.30601387972240557
0.26645467090658187,0.18797624047519051
0.9802403951920962,0.9707405851882963
0.8206235875282495,0.8195036099278015
0.31047379052418955,0.4305713885722286
0.632007359852803,0.7793244135117298
0.10977780444391112,0.18245635087298254
0.9670006599868003,0.9336613267734646
0.7715845683086339,0.6780864382712346
0.8576828463430731,0.5129897402051959
0.9312613747725046,0.8986620267594648
0.2652746945061099,0.3653526929461411
0.7199856002879943,0.754464910701786
0.8482230355392892,0.7827443451130978
0.30449391012179755,0.45931081378372435
0.27555448891022183,0.253054938901222
0.47595048099038023,0.5388692226155477
0.4834703305933882,0.47201055978880424
0.31615367692646146,0.3461930761384772
0.9010419791604168,0.8559228815423692
0.20261594768104638,0.1747165056698866
0.4058318833623328,0.32523349533009344
0.004199916001679967,0.14131717365652688
0.6104877902441951,0.6155476890462191
0.9599408011839764,0.9533409331813364
0.255634887302254,0.2901141977160457
0.4129317413651727,0.7857042859142818
0.14089718205635887,0.14561708765824685
0.024879502409951803,0.05365892682146357
0.7397652046959061,0.7679446411071779
0.06957860842783145,0.05835883282334354
0.11753764924701507,0.24483510329793404
0.7060258794824104,0.5322493550128997
0.8536829263414732,0.7950840983180336
0.35883282334353317,0.4790704185916282
0.46681066378672426,0.8163836723265535
0.13379732405351893,0.11195776084478311
0.39837203255934883,0.2869742605147897
0.5619487610247795,0.6496670066598669
0.9013419731605368,0.5994880102397953
0.7302853942921141,0.6870862582748345
0.09749805003899922,0.09903801923961521
0.125357492850143,0.15377692446151078
0.6449871002579949,0.8016839663206736
0.6326473470530589,0.622707545849083
0.8648827023459531,0.8344233115337694
0.4561508769824604,0.5824883502329954
0.14757704845903083,0.18285634287314254
0.42039159216815664,0.2772944541109178
0.1620967580648387,0.17011659766804665
0.11671766564668708,0.11553768924621508
0.6923661526769465,0.5077498450030999
0.18525629487410253,0.6380072398552029
0.11087778244435112,0.07691846163076739
0.17199656006879863,0.14403711925761487
0.16877662446751066,0.2261154776904462
0.8984220315593688,0.882222355552889
0.7941841163176737,0.8179636407271855
0.2139757204855903,0.2801543969120618
0.3050338993220136,0.36749265014699706
0.6061478770424592,0.5411291774164517
0.14301713965720686,0.11895762084758306
0.15445691086178276,0.06549869002619947
0.7278654426911462,0.7023859522809544
0.5591888162236756,0.3352732945341093
0.5738085238295234,0.513889722205556
0.3255134897302054,0.3009939801203976
0.622167556648867,0.6601667966640667
0.9113017739645207,0.755404891902162
0.9675206495870083,0.9793404131917361
0.12869742605147896,0.2641947161056779
0.27113457730845386,0.375252494950101
0.5394092118157637,0.4620307593848123
0.378512429751405,0.25541489170216597
0.5269894602107958,0.5892682146357073
0.27291454170916585,0.251394972100558
0.2891142177156457,0.2952540949181017
0.24429511409771806,0.2259554808903822
0.3155536889262215,0.27503449931001384
0.6814663706725865,0.8345633087338253
0.2889742205155897,0.24705505889882204
0.9201215975680487,0.9381212375752486
0.08889822203555929,0.1495970080598388
0.6611267774644507,0.7752444951100979
0.620587588248235,0.617927641447171
0.2651146977060459,0.2871142577148457
0.27285454290914185,0.3147337053258935
0.8531229375412492,0.8382432351352973
0.3223535529289414,0.21647567048659028
0.6860862782744346,0.6451670966580668
0.3292534149317014,0.4637307253854923
0.20049599008019842,0.10297794044119118
0.9826203475930482,0.9453010939781205
0.875782484350313,0.8257234855302894
0.7058258834823303,0.8124837503249935
0.2894342113157737,0.29705405891882164
0.9025219495610088,0.9073218535629288
0.9550808983820324,0.7186056278874423
0.9641607167856643,0.9589408211835764
0.7148857022859543,0.5829083418331633
0.9327613447731046,0.9117017659646808
0.6007279854402913,0.6222275554488911
0.01631967360652787,0.02007959840803184
0.33051338973220534,0.3267534649307014
0.7342253154936902,0.8013439731205376
0.627587448251035,0.7086858262834743
0.30185396292074157,0.22791544169116618
0.9774804503909922,0.7352452950940982
0.3367132657346853,0.32391352172956545
0.6802263954720906,0.6913661726765465
0.7060458790824183,0.6851662966740666
0.9212415751684967,0.6949861002779945
0.9582608347833044,0.8693226135477291
0.31907361852762944,0.3273934521309574
0.22091558168836625,0.25237495250095
0.9685606287874243,0.9669206615867683
0.04807903841923162,0.05633887322253555
0.6244075118497631,0.5388292234155317
0.02999940001199976,0.1529969400611988
0.05381892362152757,0.07079858402831944
0.250954980900382,0.25557488850223
0.14801703965920682,0.1650366992660147
0.7961840763184737,0.5914881702365953
0.09337813243735126,0.10453790924181516
0.42007159856802867,0.4109717805643887
0.7823243535129297,0.8133037339253215
0.6401671966560669,0.6769864602707946
0.004539909201815964,0.6910461790764185
0.6907861842763146,0.8475630487390252
0.4784304313913722,0.5811883762324753
0.9675606487870243,0.9840003199936002
0.055578888422231555,0.09669806603867923
0.7735645287094258,0.8010239795204096
0.6512869742605149,0.9340813183736325
0.4504709905801884,0.5462490750184996
0.15715685686286274,0.03183936321273575
0.34285314293714125,0.4027519449611008
0.7927041459170817,0.8428431431371373
0.008439831203375932,0.005079898402031959
0.41999160016799664,0.40935181296374074
0.06395872082558349,0.14357712845743087
0.24503509929801404,0.19319613607727845
0.20215595688086238,0.12103757924841503
0.5797084058318834,0.5108297834043319
0.48389032219355615,0.5165496690066199
0.42009159816803665,0.04503909921801564
0.6008079838403232,0.48715025699486014
0.20275594488110238,0.15973680526389472
0.34651306973860524,0.3350932981340373
0.3937121257574849,0.5657886842263155
0.10461790764184717,0.10087798244035119
0.2859942801143977,0.3255134897302054
0.16935661286774265,0.21387572248555028
0.09151816963660728,0.12947741045179098
0.25653486930261393,0.28773424531509373
0.5559288814223716,0.0073998520029599415
0.8945621087578248,0.9356412871742565
0.6886462270754585,0.7845043099138017
0.48327033459330815,0.38269234615307696
0.4368712625747485,0.5211295774084519
0.08365832683346333,0.023439531209375815
0.7300053998920022,0.8007639847203056
0.47881042379152416,0.5525489490210196
0.9069418611627768,0.8998420031599368
0.8629827403451932,0.9803003939921202
0.026239475210495793,0.033019339613207736
0.42261154776904464,0.43171136577268454
0.504469910601788,0.5405091898162037
0.4023519529609408,0.3388932221355573
0.6645067098658027,0.6387272254554909
0.6503269934601308,0.7423851522969541
0.39391212175756485,0.2865542689146217
0.4375112497750045,0.4256114877702446
0.7155856882862343,0.8667226655466891
0.29431411371772565,0.30709385812283757
0.9103017939641207,0.6970260594788105
0.37107257854842907,0.19851602967940643
0.3903321933561329,0.4605507889842203
0.3531129377412452,0.4265114697706046
0.4659706805863883,0.3368332633347333
0.5118897622047559,0.6576068478630428
0.6942061158776824,0.7052258954820904
0.09225815483690326,0.33273334533309334
0.08911821763564728,0.05795884082318354
0.5687686246275074,0.5838083238335233
0.27349453010939784,0.7489250214995701
0.19313613727725445,0.2252354952900942
0.7186856262874742,0.8621627567448651
0.8310033799324014,0.752144957100858
0.5921481570368593,0.5083298334033319
0.5341293174136518,0.501189976200476
0.44165116697666046,0.4784904301913962
0.9756004879902402,0.9877402451950962
0.33343333133337333,0.376792464150717
0.4358312833743325,0.30859382812343755
0.21809563808723825,0.2268754624907502
0.7296454070918582,0.7602647947041059
0.6708865822683546,0.6350672986540269
0.879062418751625,0.8638027239455212
0.9909601807963841,0.9921201575968481
0.040679186416271676,0.053078938421231577
0.9570608587828244,0.9499410011799765
0.1415371692566149,0.13209735805283895
0.8846423071538569,0.8506029879402413
0.25947481050378995,0.17793644127117458
0.8069438611227776,0.4345313093738125
0.9726405471890562,0.9700805983880323
0.3631127377452451,0.27155456890862184
0.21953560928781427,0.4102317953640927
0.9232815343693126,0.027979440411191776
0.8225835483290335,0.8539829203415932
0.3631927361452771,0.43317133657326856
0.6211875762484751,0.7989840203195936
0.6144077118457631,0.3988920221595568
0.02115957680846383,0.0251594968100638
0.8617227655446892,0.6783464330713386
0.8512829743405133,0.874182516349673
0.5851882962340753,0.7165656686866263
0.6767464650706986,0.6764864702705946
0.22057558848823025,0.2737945241095178
0.07995840083198337,0.09367812643747125
0.12975740485190296,0.14203715925681487
0.255114897702046,0.7383052338953221
0.4739705205895882,0.3933521329573409
0.8413431731365373,0.8517229655406893
0.9783404331913362,0.9704405911881763
0.4229715405691886,0.4415111697766045
0.6520669586608268,0.5074098518029639
0.30597388052238955,0.4667706645867083
0.06527869442611148,0.04089918201635968
0.6749065018699626,0.44737105257894844
0.19439611207775845,0.13489730205395892
0.8641627167456651,0.6856262874742506
0.5679486410271795,0.22411551768964622
0.08153836923261536,0.0503789924201516
0.7292454150916982,0.7408851822963541
0.7091258174836503,0.6863462730745385
0.2794744105117898,0.35651286974260515
0.14737705245895083,0.21697566048679026
0.8004839903201936,0.7812243755124898
0.9434211315773685,0.9527409451810964
0.45365092698146037,0.30527389452210957
0.4417711645767085,0.4549509009819804
0.9760604787904242,0.9736205275894483
0.38351232975340493,0.5415491690166196
0.10817783644327114,0.24249515009699807
0.3886922261554769,0.4180116397672047
0.5895682086358273,0.5622487550248996
0.6400471990560189,0.6148677026459471
0.5757684846303074,0.4860902781944361
0.9625807483850324,0.9206215875682486
0.6968260634787304,0.7119857602847943
0.8998820023599529,0.9210615787684246
0.8411031779364413,0.8430231395372093
0.5840483190336193,0.5278694426111478
0.8515829683406332,0.75032499350013
0.5702085958280835,0.5617887642247156
0.6699266014679707,0.5997880042399152
0.17963640727185456,0.17109657806843864
0.050858982820343596,0.039879202415951685
0.48555028899422015,0.5748485030299394
0.6072678546429071,0.4527509449811004
0.8096838063238736,0.7719445611087778
0.5230295394092118,0.5145297094058119
0.37131257374852505,0.34885302293954124
0.8410431791364174,0.8582628347433051
0.38841223175536493,0.3910321793564129
0.044999100017999644,0.04645907081858363
0.6592868142637147,0.626787464250715
0.2765344693106138,0.3971320573588528
0.7365652686946261,0.760064798704026
0.6427471450570988,0.4743705125897482
0.8130837383252335,0.882642347153057
0.17839643207135858,0.12261754764904702
0.8513629727405452,0.876942461150777
0.01773964520709586,0.019379612407751847
0.6029479410411792,0.6125677486450272
0.4899702005959881,0.5267894642107158
0.5757484850302994,0.3030739385212296
0.9864002719945602,0.7398652026959461
0.3598528029439411,0.49881002379952405
0.6664666706665867,0.7344253114937701
0.7301453970920582,0.6535269294614108
0.9460010799784004,0.9764404711905762
0.5952280954380913,0.5957680846383072
0.6351272974540509,0.6493870122597548
0.9522009559808804,0.9241415171696566
0.6174476510469791,0.7940241195176097
0.5352292954140917,0.5986480270394592
0.3524129517409652,0.27457450850982984
0.637967240655187,0.6009479810403792
0.19145617087658248,0.19613607727845445
0.43477130457390856,0.3613927721445571
0.41477170456590867,0.36503269934601307
0.8271234575308494,0.8505029899402012
0.9717405651886962,0.9677806443871123
0.3471530569388612,0.37219255614887703
0.4730505389892202,0.628047439051219
0.3281134377312454,0.28629427411451774
0.2865542689146217,0.28355432891342175
0.11579768404631907,0.07173856522869543
0.4286514269714606,0.20349593008139838
0.19897602047959043,0.21081578368432632
0.16015679686406273,0.17465650686986262
0.18571628567428652,0.07041859162816744
0.12297754044919101,0.15889682206355873
0.3259334813303734,0.3620927581448371
0.763284734305314,0.7131657366852663
0.22753544929101419,0.2412751744965101
0.20689586208275834,0.1756964860702786
0.8923821523569528,0.9608407831843363
0.4312113757724846,0.5180896382072359
0.3653126937461251,0.6819463610727786
0.4454510909781805,0.2159756804863903
0.4024919501609968,0.19317613647727047
0.28431431371372573,0.28069438611227776
0.2789144217115658,0.19547609047819045
0.05671886562268755,0.055698886022279556
0.44839103217935644,0.4879302413951721
0.6392072158556829,0.49655006899862003
0.9339213215735686,0.6034279314413712
0.6618867622647547,0.6465470690586188
0.06839863202735945,0.12373752524949501
0.8693226135477291,0.8229035419291615
0.4400311993760125,0.48127037459250815
0.13565728685426293,0.06383872322553549
0.8034439311213776,0.7681446371072579
0.126217475650487,0.19409611807763846
0.6185876282474351,0.5690486190276195
0.6125877482450351,0.6021479570408592
0.8159236815263695,0.8284634307313854
0.7726045479090419,0.5616087678246435
0.373732525349493,0.28081438371232575
0.7014459710805784,0.7398052038959221
0.5448891022179556,0.5402291954160917
0.8561228775424492,0.7862442751144978
0.9687206255874883,0.9593208135837283
0.634167316653667,0.501109977800444
0.6807063858722826,0.8007839843203136
0.5703485930281395,0.8295034099318014
0.3436131277374453,0.27153456930861386
0.13279734405311894,0.10825783484330313
0.28573428531429373,0.3305333893322134
0.6723065538689227,0.8114437711245776
0.6418671626567469,0.6635067298654027
0.5263094738105238,0.5559488810223796
0.15613687726245476,0.1374172516549669
0.9484010319793604,0.9466610667786645
0.5736485270294595,0.5305293894122117
0.18361632767344654,0.21753564928701427
0.5421091578168437,0.7802043959120818
0.6487870242595148,0.8374432511349773
0.8466630667386652,0.7669446611067778
0.45761084778304434,0.5004499910001801
0.45691086178276435,0.5534489310213796
0.8968220635587288,0.9066618667626648
0.7960240795184097,0.7508649827003461
0.637027259454811,0.5566488670226596
0.6941261174776505,0.506909861802764
0.47601047979040423,0.45813083738325233
0.4617907641847163,0.38491230175396496
0.34947301053978924,0.25715485690286194
0.12803743925121497,0.13583728325433492
0.9592608147837044,0.9602207955840883
0.6817063658726825,0.8607627847443051
0.5007899842003161,0.5859882802343953
0.18119637607247854,0.13455730885382292
0.24703505929881403,0.17961640767184656
0.3106337873242535,0.27801443971120576
0.7953240935181297,0.7887442251154977
0.9238415231695366,0.9095818083638327
0.9849003019939602,0.9874202515949682
0.6042679146417071,0.5348693026139477
0.5509089818203636,0.20333593328133437
0.5781884362312754,0.7146057078858423
0.06695866082678346,0.07381852362952741
0.4640107197856043,0.4773304533909322
0.05101897962040759,0.04847903041939161
0.014139717205655888,0.02003959920801584
0.6511069778604428,0.7052858942821144
0.42203155936881265,0.5741885162296754
0.34325313493730125,0.22965540689186217
0.5373492530149397,0.40601187976240477
0.9397812043759125,0.9376012479750405
0.03961920761584768,0.027259454810903784
0.3642727145457091,0.3538129237415252
0.7372652546949061,0.8017039659206816
0.007599848003039939,0.01397972040559189
0.30481390372192557,0.3115337693246135
0.08541829163416732,0.08581828363432732
0.1613967720645587,0.17081658366832664
0.5338293234135317,0.4328713425731486
0.035719285614287714,0.03509929801403972
0.03533929321413572,0.04063918721625567
0.23335533289334215,0.3094938101237975
0.2148957020859583,0.2590548189036219
0.03697926041479171,0.03393932121357573
0.6770064598708027,0.6256674866502671
0.7408451830963381,0.757244855102898
0.9710605787884242,0.9756004879902402
0.7890242195156097,0.7013859722805544
0.1880962380752385,0.14535709285814286
0.9047619047619048,0.8026239475210496
0.06801863962720746,0.04173916521669567
0.28125437491250177,0.6879662406751865
0.26583468330633386,0.26039479210415795
0.5413491730165397,0.4812503749925002
0.9113617727645448,0.9126217475650488
0.5351492970140598,0.6740865182696346
0.6070478590428192,0.5121497570048599
0.6552268954620908,0.8707025859482811
0.7064458710825784,0.7113057738845223
0.00881982360352793,0.005799884002319954
0.5887282254354913,0.5773084538309234
0.9402811943761125,0.9432811343773125
0.24649507009859803,0.22365552688946222
0.12249755004899902,0.13445731085378293
0.3533329333413332,0.3612727745445091
0.6937661246775064,0.6016679666406672
0.9830203395932082,0.9421011579768405
0.09277814443711126,0.13031739365212697
0.33341333173336535,0.254214915701686
0.22189556208875824,0.15315693686126278
0.6427671446571068,0.6758464830703386
0.9008819823603528,0.8894622107557849
0.5982880342393152,0.6120277594448111
0.9573408531829364,0.9491810163796724
0.15569688606227877,0.2127957440851183
0.626107477850443,0.4392112157756845
0.16479670406591868,0.21619567608647827
0.6102477950440991,0.8156636867262655
0.746245075098498,0.5804283914321714
0.6943261134777304,0.36853262934741304
0.9682206355872883,0.9494810103797925
0.6747865042699146,0.5566688666226676
0.028759424811503773,0.027399452010959783
0.9099618007639848,0.887462250754985
0.3975920481590368,0.497310053798924
0.06065878682426352,0.0633187336253275
0.07735845283094338,0.09833803323933522
0.3893522129557409,0.46987060258794827
0.18419631607367853,0.1643767124657507
0.4150316993660127,0.44575108497830046
0.7611847763044739,0.7360252794944101
0.13169736605267895,0.12127757444851103
0.6231475370492591,0.5994080118397632
0.8654826903461931,0.8697626047479051
0.36005279894402115,0.2876542469150617
0.7095658086838263,0.748385032299354
0.8250434991300174,0.7988240235195296
0.1780964380712386,0.31849363012739745
0.501129977400452,0.6169676606467871
0.06023879522409552,0.033519329613407735
0.03501929961400772,0.021199576008479833
0.8092838143237135,0.7351052978940421
0.5351292974140517,0.29711405771884564
0.7784044319113618,0.5181496370072599
0.27275454490910184,0.49453010939781206
0.5664086718265635,0.07667846643067139
0.3636727265454691,0.7663046739065219
0.3659926801463971,0.5183496330073398
0.7107457850842983,0.7210855782884342
0.4679706405871883,0.39649207015859683
0.36725265494690107,0.3170336593268135
0.5316093678126438,0.4427511449771005
0.4519109617807644,0.17279654406911862
0.48465030699386014,0.5742085158296835
0.884122317553649,0.874442511149777
0.7168056638867223,0.8641827163456731
0.6736865262694747,0.6878862422751545
0.20315593688126238,0.7618847623047539
0.20877582448351034,0.2659746805063899
0.2985740285194296,0.32151356972860545
0.34421311573768526,0.36761264774704505
0.06017879642407152,0.07825843483130338
0.47027059458810827,0.502969940601188
0.13127737445251095,0.13897722045559088
0.09309813803723926,0.0871782564348713
0.2132157356852863,0.19989600207995842
0.7816643667126658,0.7809843803123938
0.48351032979340414,0.44833103337933244
0.5467890642187156,0.3150336993260135
0.49841003179936405,0.4900701985960281
0.3254134917301654,0.249935001299974
0.4186916261674767,0.16889662206755865
0.10657786844263115,0.08995820083598328
0.01909961800763985,0.02133957320853583
0.09149817003659927,0.11219775604487911
0.5245095098098038,0.4556708865822684
0.3623127537449251,0.4437311253774925
0.12725745485090298,0.19459610807783845
0.19821603567928642,0.22271554568908622
0.8285434291314174,0.8410831783364333
0.2743745125097498,0.42121157576848467
0.21619567608647827,0.21869562608747825
0.8438631227375453,0.7731045379092418
0.5210695786084278,0.5951680966380672
0.7610247795044099,0.7368852622947542
0.9598408031839364,0.9627207455850884
0.48205035899282017,0.46063078738425234
0.03223935521289574,0.02989940201195976
0.7286654266914662,0.7205855882882343
0.15649687006259874,0.374772504549909
0.5576488470230596,0.5429291414171716
0.8385432291354173,0.8296634067318653
0.16141677166456672,0.005859882802343954
0.7339453210935781,0.7309453810923782
0.378952420951581,0.2796344073118538
0.6695066098678026,0.6919661606767865
0.7199256014879702,0.75582488350233
0.5167896642067159,0.44301113977720447
0.41815163696726065,0.34135317293654127
0.7809043819123618,0.8246035079298414
0.7384452310953781,0.6983660326793464
0.4730705385892282,0.372252554948901
0.9714805703885923,0.9824403511929761
0.5474690506189877,0.5308493830123397
0.8039239215215696,0.8248835023299534
0.8346633067338654,0.8642027159456811
0.8687426251474971,0.8168836623267535
0.8603427931441372,0.8403231935361293
0.9770004599908002,0.9798404031919362
0.513889722205556,0.22773544529109419
0.011699766004679906,0.00999980000399992
0.6871862562748745,0.7138657226855463
0.8338033239335214,0.8899622007559849
0.8572828543429132,0.8208835823283535
0.6660666786664267,0.9552808943821124
0.9200415991680166,0.9224815503689926
0.6431871362572749,0.6558668826623468
0.617827643447131,0.6658666826663467
0.7060658786824264,0.7926641467170656
0.5842283154336914,0.5513689726205476
0.24147517049659006,0.21441571168576629
0.2807343853122938,0.35805283894322115
0.11701765964680706,0.1758164836703266
0.4003919921601568,0.35647287054258914
0.45383092338153236,0.47105057898842023
0.6548469030619388,0.6399272014559709
0.020979580408391832,0.02383952320953581
0.9736405271894563,0.9778604427911443
0.7671446571068579,0.5751884962300754
0.19675606487870242,0.23365532689346213
0.3967920641587168,0.33015339693206136
0.6451270974580509,0.6560268794624108
0.5981480370392592,0.4357912841743165
0.372032559348813,0.29551408971820564
0.16939661206775866,0.17245655086898262
0.23511529769404613,0.2028559428811424
0.8410031799364013,0.7654846903061939
0.02241955160896782,0.03293934121317574
0.7225255494890103,0.6075478490430192
0.5600487990240195,0.5341493170136598
0.7745845083098338,0.7832843343133138
0.49375012499750004,0.50134997300054
0.008199836003279934,0.009319813603727925
0.2936541269174617,0.29151416971660565
0.6062078758424831,0.5881682366352673
0.39797204055918883,0.4626707465850683
0.053578928421431575,0.06507869842603148
0.5501289974200516,0.6379072418551629
0.07243855122897543,0.06623867522649547
0.2393152136957261,0.29379412411751765
0.24845503089938203,0.2005959880802384
0.33039339213215735,0.3372532549349013
0.30573388532229356,0.251854962900742
0.07021859562808744,0.12043759124817505
0.11169776604467911,0.09687806243875123
0.33337333253334933,0.3877122457550849
0.000879982400351993,0.0009199816003679927
0.6534269314613708,0.631247375052499
0.4264114717705646,0.618047639047219
0.15757684846303074,0.18433631327373454
0.11453770924581509,0.13197736045279096
0.7981640367192656,0.752944941101178
0.7753844923101538,0.7193656126877462
0.0742385152296954,0.06955860882782344
0.5839683206335874,0.5159296814063719
0.14789704205915882,0.14083718325633487
0.4886302273954521,0.5338693226135477
0.5860082798344033,0.6712065758684826
0.6023879522409552,0.7421451570968581
0.634967300653987,0.9199016019679607
0.4742705145897082,0.47147057058858827
0.9769804603907922,0.9806003879922401
0.16855662886742265,0.3365932681346373
0.37955240895182096,0.252534949301014
0.17905641887162257,0.126357472850543
0.7988440231195376,0.752184956300874
0.11737765244695106,0.12975740485190296
0.1777564448711026,0.12071758564828704
0.6641867162656747,0.6458670826583468
0.8888222235555289,0.8913421731565369
0.09435811283774324,0.1006979860402792
0.877762444751105,0.7832243355132897
0.43317133657326856,0.4659906801863963
0.6904061918761625,0.6359272814543709
0.622427551448971,0.5837883242335153
0.6616267674646508,0.6911861762764745
0.08293834123317534,0.08555828883422331
0.20809583808323834,0.1787564248715026
0.41249175016499673,0.4271514569708606
0.7222855542889143,0.8043839123217535
0.7772444551108978,0.7180256394872103
0.8663426731465371,0.8477230455390893
0.34639307213855725,0.29115417691646167
0.7221255574888502,0.7196456070878583
0.6973660526789465,0.6781064378712426
0.5243695126097478,0.5806283874322514
0.5870282594348113,0.6589868202635948
0.07875842483150337,0.07111857762844744
0.6511269774604508,0.5330493390132197
0.9625407491850163,0.9563008739825204
0.40459190816183677,0.44977100457990843
0.4903101937961241,0.4295714085718286
0.1639567208655827,0.30923381532369354
0.40809183816323674,0.4000319993600128
0.5674086518269634,0.6013879722405552
0.5759484810303794,0.5452490950180997
0.8224835503289935,0.7058458830823384
0.07031859362812744,0.0497990040199196
0.4398712025759485,0.39277214455710885
0.05549889002219956,0.05613887722245555
0.8026439471210576,0.6675866482670347
0.9026219475610489,0.8242835143297135
0.2800943981120378,0.3539529209415812
0.8080838383232336,0.6447271054578909
0.5188096238075238,0.8308233835323294
0.01121977560448791,0.03305933881322374
0.5590888182236355,0.504469910601788
0.8601827963440731,0.8576828463430731
0.5494890102197956,0.5547089058218836
0.6645667086658267,0.4747305053898922
0.32105357892842146,0.28253434931301374
0.9345213095738085,0.3262934741305174
0.30733385332293356,0.2257954840903182
0.3251534969300614,0.4251514969700606
0.12917741645167097,0.1004179916401672
0.3058938821223576,0.38197236055278894
0.5417091658166837,0.6665466690666186
0.6990860182796345,0.3918321633567329
0.029819403611927763,0.023299534009319816
0.8559428811423772,0.8070038599228015
0.5275294494110118,0.5196296074078519
0.6414271714565709,0.6784464310713786
0.20531589368212635,0.10181796364072719
0.31883362332753346,0.3616727665446691
0.4776304473910522,0.42159156816863663
0.33603327933441335,0.3389532209355813
0.20467590648187037,0.24433511329773405
0.9076618467630647,0.8420431591368173
0.040759184816303674,0.054678906421871565
0.8462430751384973,0.8819223615527689
0.14149717005659887,0.13051738965220697
0.22287554248915023,0.2034559308813824
0.3431731365372693,0.28515429691406174
0.7000459990800184,0.632267354652907
0.1631967360652787,0.626527469450611
0.15235695286094278,0.11673766524669507
0.3560928781424372,0.2913541729165417
0.17813643727125458,0.20461590768184637
0.8466230675386492,0.8670826583468331
0.25325493490130196,0.41191176176476474
0.8449231015379692,0.8320633587328253
0.9432811343773125,0.9498010039799204
0.9440611187776244,0.9441811163776724
0.8425431491370173,0.8903421931561369
0.16521669566608668,0.1742965140697186
0.9926201475970481,0.9896002079958401
0.9918401631967361,0.9784404311913762
0.9820803583928321,0.9693606127877443
0.7721445571088579,0.7582048359032819
0.22847543049139019,0.20015599688006241
0.44649107017859646,0.5112497750045
0.50504989900202,0.14649707005859883
0.47279054418911626,0.6954460910781785
0.9731005379892402,0.9724605507889843
0.633507329853403,0.5476090478190436
0.501409971800564,0.46755064898702026
0.21553568928621428,0.16655666886662268
0.745665086698266,0.7747245055098898
0.9081018379632407,0.9016219675606488
0.5783884322313554,0.6168476630467391
0.7006059878802424,0.620707585848283
0.6612267754644907,0.6622867542649147
0.3364132717345653,0.5333693326133477
0.3274334513309734,0.3907521849563009
0.9993600127997441,0.999280014399712
0.5229095418091638,0.5488490230195396
0.9352212955740885,0.9113017739645207
0.13189736205275895,0.12001759964800704
0.39065218695626086,0.3628527429451411
0.3632127357452851,0.22847543049139019
0.03963920721585568,0.04927901441971161
0.29671406571868564,0.24987500249995
0.8412231755364893,0.8774624507509851
0.15401691966160677,0.1495170096598068
0.8127237455250895,0.8131237375252495
0.12875742485150296,0.12233755324893503
0.5188496230075399,0.5591288174236515
0.8304433911321774,0.7957840843183137
0.7123457530849383,0.5532489350212996
0.24869502609947802,0.2133357332853343
0.8289834203315934,0.8183636327273455
0.2108557828843423,0.3164136717265655
0.5525289494210116,0.2757744845103098
0.36991260174796503,0.35279294414111717
0.09937801243975121,0.3383132337353253
0.9246415071698566,0.876522469550609
0.6132077358452831,0.7146857062858744
0.1362172756544869,0.14537709245815084
0.6864262714745706,0.7923441531169377
0.08189836203275935,0.0750584988300234
0.37223255534889305,0.3050338993220136
0.6969060618787625,0.6534069318613628
0.7799044019119618,0.8369032619347614
0.30443391132177355,0.06205875882482351
0.882802343953121,0.8478630427391453
0.2900341993160137,0.26715465690686185
0.2770144597108058,0.19821603567928642
0.251934961300774,0.20487590248195037
0.23463530729385412,0.126637467250655
0.6395472090558189,0.7073258534829303
0.8956820863582728,0.9354612907741845
0.758104837903242,0.7164656706865863
0.5813483730325394,0.6586468270634588
0.5406491870162597,0.29669406611867766
0.9768404631907363,0.9799004019919602
0.9105017899642007,0.876602467950641
0.4406311873762525,0.626847463050739
0.20685586288274235,0.8374032519349613
0.04767904641907162,0.06575868482630348
0.7038259234815304,0.5695286094278115
0.011019779604407913,0.01729965400691986
0.22295554088918224,0.22923541529169417
0.6932061358772825,0.42353152936941263
0.1765164696706066,0.3077138457230855
0.8295234095318094,0.9139617207655847
0.8764224715505691,0.8932021359572809
0.43233135337293255,0.3651326973460531
0.9219415611687767,0.8381032379352413
0.10831783364332714,0.18295634087318255
0.1612367752644947,0.1736365272694546
0.8423431531369373,0.8414031719365613
0.6491670166596668,0.7024459510809784
0.8593228135437292,0.7100057998840024
0.9429211415771684,0.9372812543749125
0.2932541349173017,0.21813563728725427
0.627687446251075,0.7212855742885143
0.3377532449351013,0.41025179496410075
0.14167716645667086,0.126737465250695
0.8317833643327134,0.8269034619307614
0.2257154856902862,0.29687406251874965
0.36905261894762104,0.378212435751285
0.19657606847863043,0.33337333253334933
0.36377272454550913,0.39899202015959684
0.9133217335653288,0.9290414191716166
0.14023719525609488,0.124857502849943
0.9733605327893442,0.9740205195896082
0.8816823663526729,0.8942421151576969
0.47001059978800425,0.4791104177916442
0.8480030399392012,0.042399152016959665
0.36933261334773304,0.2373952520949581
0.6381272374552509,0.7366452670946582
0.9147617047659047,0.9274814503709926
0.5868082638347233,0.19309613807723847
0.7125057498850024,0.7038659226815464
0.4757504849903002,0.41929161416771665
0.31813363732725347,0.3651126977460451
0.252034959300814,0.3119337613247735
0.8998420031599368,0.8997220055598888
0.5248295034099318,0.14677706445871083
0.5523889522209556,0.6316073678526429
0.6197276054478911,0.6717265654686907
0.505169896602068,0.45611087778244436
0.629427411451771,0.5445491090178196
0.7241255174896503,0.8020239595208096
0.0758384832303354,0.0741985160296794
0.18011639767204657,0.15427691446171077
0.3139737205255895,0.09233815323693527
0.9936201275974481,0.9896402071958561
0.7624647507049859,0.754284914301714
0.36777264454710906,0.4148117037659247
0.03017939641207176,0.09137817243655127
0.7269254614907702,0.746465070698586
0.1645767084658307,0.18487630247395054
0.9503409931801364,0.9377412451750965
0.3462530749385012,0.24281514369712606
0.03423931521369573,0.030059398812023762
0.17235655286894264,0.13327733445331094
0.0751584968300634,0.05081898362032759
0.7885842283154337,0.7571648567028659
0.7361252774944501,0.19135617287654247
0.23469530609387812,0.30761384772304556
0.8916021679566409,0.8606027879442412
0.48385032299354014,0.4385512289754205
0.7907041859162817,0.6935061298774025
0.3041739165216696,0.2870542589148217
0.14365712685746285,0.13591728165436692
0.8681626367472651,0.884042319153617
0.7186056278874423,0.7416051678966421
0.8143237135257295,0.7901641967160657
0.01903961920761585,0.04211915761684767
0.3220535589288214,0.380432391352173
0.8300233995320094,0.4661506769864603
0.8988020239595208,0.9821203575928482
0.4006719865602688,0.4169916601667967
0.14121717565648687,0.1873562528749425
0.9330613387732246,0.9360812783744326
0.2371352572948541,0.2830143397132057
0.18771624567508652,0.1413371732565349
0.15959680806383872,0.17439651206975862
0.5713685726285475,0.44641107177856443
0.03359932801343973,0.040659186816263675
0.29437411251774964,0.26753464930701387
0.1785564288714226,0.15811683766324675
0.499290014199716,0.504769904601908
0.40581188376232474,0.42901141977160456
0.3393132137357253,0.43261134777304455
0.8109037819243615,0.75482490350193
0.43371132577348454,0.06651866962660748
0.4946701065978681,0.7328053438931221
0.6370672586548269,0.41209175816483673
0.38613227735445294,0.44515109697806043
0.40807183856322876,0.7002059958800825
0.5435491290174197,0.4815303693926122
0.10539789204215916,0.09991800163996721
0.18507629847403054,0.16013679726405472
0.07437851242975141,0.07255854882902342
0.8072838543229136,0.8030839383212336
0.017359652806943862,0.017159656806863863
0.37321253574928503,0.4747905041899162
0.7234455310893783,0.7740845183096339
0.8293034139317214,0.8324433511329774
0.04665906681866363,0.06121877562448751
0.8161036779264415,0.8471630567388653
0.4391312173756525,0.14399712005759885
0.20361592768144637,0.19193616127677446
0.9255214895702086,0.9400611987760246
0.6575268494630108,0.34947301053978924
0.9425211495770085,0.8245835083298334
0.8522629547409052,0.8016639667206656
0.9338613227735446,0.9075618487630248
0.8670826583468331,0.8704625907481851
0.9683406331873363,0.4413311733765325
0.2840943181136377,0.23257534849303016
0.6113677726445471,0.509909801803964
0.25743485130297394,0.30973380532389355
0.7794444111117778,0.39597208055838884
0.6086678266434672,0.617487650246995
0.5559088818223635,0.6139077218455631
0.9328013439731205,0.9248015039699207
0.26887462250754984,0.6084478310433792
0.7583048339033219,0.750244995100098
0.4638707225855483,0.48601027979440414
0.6170876582468351,0.6210875782484351
0.9344613107737846,0.9487410251794964
0.19843603127937443,0.06117877642447151
0.25809483810323797,0.4833503329933401
0.07417851642967141,0.10501789964200717
0.6671266574668507,0.7065058698826023
0.35977280454390914,0.34805303893922124
0.8151836963260735,0.6029679406411872
0.1609167816643667,0.24325513489730205
0.4921501569968601,0.5527889442211156
0.19029619407611847,0.22233555328893423
0.9800003999920002,0.9788404231915362
0.992880142397152,0.9947601047979041
0.027939441211175777,0.03579928401431971
0.02741945161096778,0.050738985220295595
0.7947441051178976,0.9356812863742725
0.19225615487690248,0.27955440891182176
0.3269734605307894,0.4148717025659487
0.3126337473250535,0.24369512609747807
0.379712405751885,0.14765704685906283
0.9776804463910722,0.9828803423931521
0.2124957500849983,0.25943481130377394
0.4842703145937081,0.4888502229955401
0.15275694486110278,0.14715705685886282
0.5316893662126758,0.29309413811723767
0.44427111457770846,0.5622887542249155
0.2402751944961101,0.27033459330813386
0.24903501929961402,0.28217435651286976
0.6947461050778985,0.1516769664606708
0.4579108417831644,0.4675906481870363
0.2597548049039019,0.3009339813203736
0.5697686046279075,0.37131257374852505
0.633187336253275,0.7331453370932581
0.4628107437851243,0.4421311573768525
0.14425711485770285,0.15469690606187878
0.30357392852142956,0.40945181096378075
0.8929821403571929,0.9025419491610168
0.5954480910381793,0.48431031379372413
0.004819903601927962,0.21913561728765427
0.9438411231775364,0.9326213475730486
0.7256054878902423,0.6732265354692907
0.43175136497270056,0.33565328693426133
0.38543229135417295,0.11115777684446311
0.21661566768664628,0.2873142537149257
0.6078478430431392,0.5271694566108678
0.49647007059858805,0.5944481110377793
0.5990480190396192,0.8981420371592569
0.8269834603307934,0.8060238795224096
0.5315093698126038,0.4487510249795004
0.4010319793604128,0.24171516569668608
0.5562488750224995,0.47207055858882824
0.2795344093118138,0.4767104657906842
0.017179656406871864,0.020839583208335833
0.47213055738885223,0.5281094378112438
0.5128297434051319,0.30963380732385354
0.14443711125777484,0.1632967340653187
0.3878322433551329,0.4654106917861643
0.3627327453450931,0.0251394972100558
0.21181576368472632,0.23559528809423813
0.31887362252754947,0.3606127877442451
0.49265014699706006,0.4521309573808524
0.5158296834063318,0.5090298194036119
0.5120297594048119,0.4404711905761885
0.8889222215555689,0.7969240615187696
0.9216815663686727,0.9640007199856003
0.1884762304753905,0.23173536529269415
0.5730685386292275,0.6454270914581709
0.062238755224895505,0.0626987460250795
0.8261634767304654,0.8047239055218895
0.505969880602388,0.43335133297334055
0.18077638447231056,0.4574508509829804
0.9702805943881123,0.9561608767824644
0.5462890742185157,0.619087618247635
0.873722525549489,0.9271214575708486
0.8066638667226655,0.8255434891302175
0.07115857682846344,0.09527809443811124
0.6876862462750746,0.8524429511409772
0.25547489050218997,0.10425791484170317
0.758284834303314,0.7946641067178657
0.999520009599808,0.995880082398352
0.044919101617967645,0.04493910121797564
0.011639767204655907,0.020919581608367835
0.13597728045439092,0.021539569208615827
0.14069718605627887,0.15909681806363873
0.5633887322253555,0.5652286954260914
0.9154816903661928,0.8006439871202576
0.8310433791324173,0.8686626267474651
0.17955640887182256,0.25971480570388594
0.49651006979860407,0.6385072298554029
0.19751604967900643,0.2267154656906862
0.2890942181156377,0.5888482230355393
0.5619287614247716,0.47053058938821224
0.7766844663106738,0.8212435751284974
0.2772544549109018,0.252214955700886
0.13399732005359893,0.22269554608907824
0.6118277634447311,0.5507689846203077
0.8751824963500731,0.8433031339373213
0.005499890002199956,0.007659846803063939
0.35879282414351715,0.3694126117477651
0.9370812583748326,0.9395612087758245
0.12965740685186297,0.1494570108597828
0.23067538649227015,0.626187476250475
0.8005639887202256,0.8495230095398092
0.6809063818723626,0.6591668166636667
0.4223515529689406,0.33219335613287737
0.7779644407111858,0.7795644087118258
0.7238255234895302,0.7851642967140657
0.1765764684706306,0.18349633007339855
0.877302453950921,0.8096438071238575
0.23141537169256615,0.24881502369952602
0.6550868982620348,0.7155056898862023
0.12261754764904702,0.35291294174116516
0.9793804123917522,0.9714005719885602
0.6759064818703626,0.7093658126837463
0.1131177376452471,0.10205795884082319
0.5193896122077558,0.4711705765884682
0.4242515149697006,0.47285054298914025
0.22447551048979023,0.1883962320753585
0.6857862842743145,0.5518889622207556
0.8381632367352653,0.872462550748985
0.8555228895422092,0.8520429591408172
0.20627587448251036,0.22739545209095818
0.3250734985300294,0.22105557888842223
0.4848303033939321,0.5428491430171397
0.10217795644087119,0.2865142697146057
0.8512629747405053,0.8883622327553449
0.11925761484770304,0.09859802803943922
0.42963140737185257,0.4516109677806444
0.028059438811223778,0.020639587208255837
0.9155016899662007,0.9341413171736566
0.9318413631727366,0.8105837883242335
0.007919841603167936,0.015699686006279873
0.13589728205435891,0.19609607807843843
0.9454610907781845,0.9740805183896323
0.004579908401831963,0.0025799484010319796
0.45417091658166836,0.5630887382252355
0.5946281074378512,0.5621687566248675
0.9469610607787845,0.9422211555768885
0.1989960200795984,0.15767684646307076
0.6761064778704426,0.7814243715125698
0.34645307093858124,0.5251694966100678
0.01365972680546389,0.014259714805703887
0.49683006339873204,0.46905061898762024
0.21093578128437432,0.7975440491190177
0.49877002459950803,0.9183816323673527
0.6533869322613548,0.6818063638727225
0.6531269374612508,0.6531869362612748
0.29121417571648567,0.28185436291274174
0.43713125737485253,0.50744985100298
0.8012839743205136,0.7185056298874023
0.5690286194276115,0.5891282174356514
0.1638367232655347,0.41037179256414874
0.07879842403151938,0.043179136417271655
0.7126257474850504,0.6879462410751785
0.6240475190496191,0.9613007739845203
0.00493990120197596,0.012239755204895902
0.09645807083858324,0.08107837843243136
0.8074638507229855,0.8639227215455691
0.2764344713105738,0.4160516789664207
0.3498330033399332,0.29277414451710965
0.8336633267334653,0.883222335553289
0.8513829723405533,0.5569088618227636
0.7695846083078338,0.7410451790964181
0.3033739325213496,0.1756164876702466
0.3289934201315974,0.376852462950741
0.2708345833083338,0.4259114817703646
0.375752484950301,0.39455210895782084
0.7330853382932342,0.7644047119057619
0.7440051198976021,0.7198456030879382
0.18429631407371852,0.20953580928381432
0.7165656686866263,0.7034059318813624
0.622547549049019,0.6398472030559389
0.0502189956200876,0.03883922321553569
0.009379812403751926,0.006739865202695946
0.10317793644127118,0.09797804043919121
0.5750884982300354,0.6713865722685547
0.45827083458330836,0.42883142337153257
0.3019139617207656,0.29271414571708565
0.5921081578368432,0.5672086558268835
0.8421431571368573,0.6065078698426032
0.3013939721205576,0.3163336733265335
0.40567188656226877,0.4443111137777245
0.3366932661346773,0.32123357532849345
0.8547229055418892,0.884262314753705
0.9759604807903842,0.9854602907941842
0.3894922101557969,0.43203135937281256
0.008559828803423932,0.005779884402311954
0.6926861462770745,0.759064818703626
0.9950400991980161,0.9911001779964401
0.9372412551748965,0.9619007619847604
0.20571588568228635,0.06659866802663947
0.2157756844863103,0.29139417211655766
0.3932521349573009,0.28349433011339775
0.5905481890362193,0.5492290154196916
0.23743525129497411,0.12405751884962302
0.751164976700466,0.8373832523349534
0.25885482290354195,0.36651266974660507
0.38189236215275696,0.4272914541709166
0.08421831563368733,0.10579788404231916
0.15787684246315073,0.13439731205375893
0.25635487290254194,0.2151756964860703
0.011599768004639908,0.012979740405191897
0.5161496770064599,0.615187696246075
0.3503129937401252,0.3217135657286854
0.8652626947461051,0.8677626447471051
0.3623927521449571,0.3659326813463731
0.3537929241415172,0.3938721225575489
0.6683866322673547,0.6179076418471631
0.4437911241775165,0.0127197456050879
0.24567508649827005,0.07941841163176737
0.1134777304453911,0.1520569588608228
0.32849343013139737,0.5982480350392992
0.630567388652227,0.6840263194736106
0.008979820403591928,0.007939841203175937
0.9132217355652887,0.9164216715665687
0.5946481070378593,0.8261234775304495
0.19661606767864642,0.3512729745405092
0.19809603807923842,0.19537609247815044
0.18009639807203856,0.1751564968700626
0.9234015319693606,0.9104617907641848
0.30787384252314953,0.41053178936421275
0.06823863522729545,0.23357532849343013
0.5440891182176356,0.5872882542349154
0.18227635447291055,0.20615587688246237
0.9212615747685047,0.9144417111657768
0.4634907301853963,0.2788344233115338
0.7212255754884902,0.7741445171096578
0.6447271054578909,0.4313313733725326
0.6990660186796265,0.6912061758764825
0.20855582888342233,0.1487970240595188
0.23263534729305416,0.19223615527689447
0.8218035639287214,0.874982500349993
0.5508489830203396,0.3418531629367413
0.45581088378232437,0.37119257614847706
0.6104077918441632,0.5665886682266355
0.9551608967820644,0.9424211515769685
0.8403031939361213,0.6669266614667707
0.880002399952001,0.8875222495550089
0.0751384972300554,0.124597508049839
0.6618467630647388,0.5884282314353713
0.2247755044899102,0.2131957360852783
0.10259794804103918,0.17977640447191057
0.6129077418451632,0.5816883662326754
0.3887722245555089,0.374512509749805
0.7991040179196416,0.875082498350033
0.37989240215195696,0.3631927361452771
0.38343233135337296,0.3704925901481971
0.629827403451931,0.8074838503229935
0.8435231295374093,0.8455430891382173
0.025759484810303795,0.023659526809463812
0.34891302173956523,0.3080538389232215
0.375452490950181,0.3087338253234935
0.500609987800244,0.45795084098318034
0.5319293614127718,0.5954880902381953
0.999540009199816,0.8068838623227536
0.08337833243335134,0.10913781724365514
0.7291854162916742,0.7034859302813944
0.2636547269054619,0.2396552068958621
0.27979440411191775,0.3297134057318854
0.1360772784544309,0.1996760064798704
0.7851242975140498,0.9009219815603688
0.759964800703986,0.6486070278594428
0.4224115517689646,0.3871322573548529
0.49453010939781206,0.6884062318753625
0.5943081138377233,0.29441411171776566
0.6892462150756985,0.5893682126357473
0.41997160056798866,0.18199636007279854
0.27211455770884585,0.31871362572748546
0.09349813003739925,0.24341513169736606
0.6985460290794184,0.508609827803444
0.2890142197156057,0.3174336513269735
0.3374532509349813,0.39665206695866084
0.9324813503729926,0.877742445151097
0.6489670206595868,0.4640707185856283
0.632107357852843,0.9834803303933922
0.2792944141117178,0.5041099178016439
0.5738885222295554,0.5330693386132278
0.4262114757704846,0.44577108457830844
0.3258134837303254,0.29521409571808566
0.44913101737965244,0.6152076958460831
0.47079058418831626,0.5469290614187716
0.4618707625847483,0.890222195556089
0.6390272194556109,0.6494470110597789
0.6633667326653467,0.6878062438751226
0.8501229975400493,0.8384032319353614
0.6206275874482511,0.5654686906261875
0.4510709785804284,0.50784984300314
0.8553228935421292,0.8263234735305294
0.8898222035559289,0.9143617127657447
0.5837683246335074,0.623527529449411
0.6670666586668267,0.4659106817863643
0.505769884602308,0.4922701545969081
0.5891482170356593,0.5884682306353873
0.888722225555489,0.9040619187616248
0.9040219195616088,0.9355612887742245
0.7810843783124338,0.6711065778684426
0.75282494350113,0.7242455150896983
0.75382492350153,0.7670046599068019
0.9509609807803844,0.9391612167756646
0.0006999860002799944,0.0029799404011919763
0.1771764564708706,0.09199816003679927
0.9087818243635127,0.9192416151676966
0.7178856422871542,0.7755644887102259
0.04283914321713566,0.05323893522129557
0.45687086258274834,0.35959280814383715
0.5173296534069319,0.5513889722205556
0.04825903481930362,0.041659166816663665
0.3648127037459251,0.4921501569968601
0.378492430151397,0.4525709485810284
0.381132377352453,0.36939261214775704
0.029159416811663768,0.025699486010279795
0.1887162256754865,0.4229715405691886
0.05605887882242355,0.049959000819983605
0.6106477870442591,0.5981880362392752
0.6983060338793224,0.872162556748865
0.5266294674106518,0.5712085758284835
0.6139077218455631,0.6605067898642027
0.5439691206175876,0.4279714405711886
0.23703525929481412,0.1374372512549749
0.3022339553208936,0.1909961800763985
0.12373752524949501,0.11721765564688706
0.44817103657926843,0.4390912181756365
0.21555568888622229,0.16607667846643068
0.9652606947861043,0.9605407891842164
0.18619627607447853,0.19605607887842244
0.5630287394252115,0.2998740025199496
0.37029259414811705,0.5253894922101559
0.11749765004699907,0.01499970000599988
0.5747685046299075,0.6799464010719786
0.9149217015659687,0.9206415871682566
0.3158936821263575,0.43051138977220454
0.5880682386352273,0.5718485630287394
0.10811783764324714,0.11621767564648708
0.6595868082638348,0.5190896182076359
0.31093378132437355,0.375292494150117
0.8883222335553289,0.36199276014479714
0.29749405011899765,0.24245515089698208
0.881602367952641,0.9120017599648007
0.3174936501269975,0.4692906141877163
0.2992940141197176,0.28207435851282975
0.6403671926561469,0.46703065938681226
0.23219535609287814,0.1637367252654947
0.6554468910621788,0.510669786604268
0.6851662966740666,0.47549049019019624
0.21635567288654228,0.15195696086078278
0.5785684286314274,0.9834403311933761
0.43351132977340456,0.4548709025819484
0.9943201135977281,0.9950400991980161
0.7926241475170497,0.7018259634807305
0.6436471270574589,0.5620687586248275
0.7752844943101138,0.7908841823163537
0.6784064318713626,0.7379452410951781
0.9728405431891363,0.9783004339913202
0.9932801343973121,0.9161016779664407
0.47167056658866824,0.47011059778804426
0.36205275894482114,0.3113737725245495
0.7637647247055059,0.7937441251174977
0.878622427551449,0.9057818843623128
0.6186676266474671,0.5626687466250675
0.5129897402051959,0.503509929801404
0.9837003259934801,0.9872202555948881
0.038259234815303696,0.03283934321313574
0.5363292734145317,0.5936881262374752
0.17237655246895062,0.7046859062818744
0.4231915361692766,0.5279294414111718
0.3629927401451971,0.13157736845263096
0.8261434771304574,0.7477850442991141
0.6784864302713945,0.9671606567868642
0.4808903821923562,0.3044539109217816
0.8319233615327694,0.6828063438731226
0.5760484790304194,0.5979880402391953
0.7852042959140817,0.8234035319293614
0.49635007299854006,0.5049099018019639
0.21675566488670228,0.1415371692566149
0.8734625307493851,0.9158816823663527
0.627187456250875,0.5807483850322994
0.29305413891722165,0.25319493610127797
0.39843203135937283,0.44821103577928445
0.3519529609407812,0.3644527109457811
0.049759004819903606,0.09191816163676726
0.9696606067878643,0.9490210195796085
0.15409691806163878,0.14323713525729487
0.5516289674206516,0.5618687626247475
0.03013939721205576,0.022259554808903823
0.8240635187296255,0.8711425771484571
0.11917761644767105,0.9498610027799445
0.48189036219275616,0.3165936681266375
0.379252414951701,0.12221755564888703
0.3032739345213096,0.23469530609387812
0.5904681906361873,0.7001059978800425
0.4650106997860043,0.4262514749705006
0.9483610327793445,0.9516809663806725
0.762944741105178,0.7240455190896182
0.09637807243855123,0.11713765724685507
0.05423891522169557,0.07949841003179936
0.254434911301774,0.2578548429031419
0.8088838223235536,0.8444231115377693
0.875302493950121,0.9275814483710326
0.7615047699046019,0.8505829883402333
0.48133037339253215,0.379932401351973
0.5694286114277715,0.6872662546749065
0.35729285414291717,0.41661166776664466
0.7433251334973301,0.752504949901002
0.6636267274654507,0.5973880522389552
0.14235715285694286,0.1882562348753025
0.4008919821603568,0.41985160296794066
0.3187536249275015,0.26211475770484594
0.8441431171376573,0.866302673946521
0.6044879102417952,0.7213255734885302
0.29791404171916563,0.1735565288694226
0.10323793524129518,0.1011379772404552
0.8369632607347853,0.8082638347233055
0.9398212035759285,0.9394412111757765
0.7021259574808504,0.7270454590908182
0.29475410491790166,0.29157416851662965
0.7359452810943782,0.6954860902781944
0.5728885422291554,0.5139097218055639
0.19331613367732647,0.27789444211115777
0.6115477690446192,0.626387472250555
0.8260834783304334,0.8504829903401933
0.6142277154456911,0.4529509409811804
0.43185136297274057,0.509769804603908
0.8209435811283775,0.2860542789144217
0.21975560488790225,0.1890762184756305
0.8363032739345213,0.8158236835263295
0.376372472550549,0.374832503349933
0.2247555048899022,0.3388332233355333
0.5965880682386352,0.626947461050779
0.5538689226215476,0.5367292654146917
0.32489350212995743,0.37269254614907704
0.6737665246695066,0.6946061078778425
0.9478810423791525,0.7707845843083139
0.6792664146717066,0.7119657606847863
0.3343533129337413,0.24421511569768606
0.33073338533229335,0.39047219055618887
0.9285814283714326,0.9331813363732726
0.9864802703945922,0.9832803343933122
0.4155516889662207,0.28007439851202975
0.7096658066838664,0.7183856322873543
0.24055518889622207,0.4120517589648207
0.18991620167596648,0.19419611607767845
0.8471430571388573,0.8275434491310174
0.994020119597608,0.9944001119977601
0.8561428771424572,0.8662826743465131
0.4782704345913082,0.7759644807103858
0.28385432291354173,0.255054898902022
0.17277654446911062,0.22385552288954222
0.4515509689806204,0.46859062818743624
0.44159116817663646,0.45687086258274834
0.11409771804563909,0.13397732045359093
0.0374192516149677,0.04029919401611968
0.5984680306393872,0.5302093958120838
0.19561608767824645,0.14199716005679888
0.38665226695466093,0.34511309773804527
0.41047179056418875,0.5165696686066279
0.7576248475030499,0.6024679506409872
0.03549929001419972,0.05767884642307154
0.4144117117657647,0.40681186376272477
0.1363372732545349,0.39783204335913286
0.27801443971120576,0.20963580728385434
0.1392572148557029,0.13491730165396693
0.6468470630587388,0.5865882682346353
0.2252954940901182,0.7423251534969301
0.8955420891582169,0.9036019279614408
0.5098098038039239,0.2971940561188776
0.010919781604367913,0.012759744805103898
0.994040119197616,0.881222375552489
0.50584988300234,0.41781164376712465
0.48277034459310814,0.4774504509909802
0.3292734145317094,0.3484330313393732
0.8501429971400573,0.7904441911161777
0.3545929081418372,0.2735145297094058
0.6712065758684826,0.6604667906641868
0.3999920001599968,0.4161316773664527
0.505009899802004,0.21893562128757427
0.7139257214855703,0.6511069778604428
0.8329433411331774,0.8525829483410332
0.48235035299294016,0.502709945801084
0.5078698426031479,0.6754464910701786
0.8155236895262095,0.8207435851282975
0.4251114977700446,0.04291914161716766
0.40961180776384476,0.37125257494850106
0.41751164976700467,0.48465030699386014
0.1514169716605668,0.15897682046359074
0.41855162896742065,0.6005079898402033
0.21581568368632628,0.12149757004859903
0.10117797644047119,0.11385772284554309
0.7799244015119697,0.5485890282194357
0.2830143397132057,0.24235515289694207
0.18449631007379852,0.1778964420711586
0.9404611907761845,0.9407411851762965
0.28041439171216576,0.17733645327093459
0.8988220235595289,0.9156016879662408
0.2601347973040539,0.4110717785644287
0.886202275954481,0.8974820503589929
0.7763844723105539,0.8035039299214016
0.5119097618047639,0.9940801183976321
0.3519329613407732,0.34355312893742124
0.9484210315793684,0.9276814463710726
0.21905561888762226,0.2010759784804304
0.6735065298694026,0.6038679226415472
0.619767604647907,0.7097858042839144
0.9698806023879523,0.9528009439811204
0.2601947961040779,0.27401451970960583
0.14341713165736686,0.21541569168616628
0.748545029099418,0.7980040399192017
0.8280034399312014,0.9341813163736725
0.502569948601028,0.5474890502189956
0.2782744345113098,0.2625347493050139
0.5927281454370913,0.47915041699166017
0.3409531809363813,0.4615707685846283
0.026819463610727786,0.028459430811383774
0.9976200475990481,0.997720045599088
0.3669326613467731,0.36949261014779705
0.3650726985460291,0.43267134657306855
0.9350012999740005,0.9334013319733606
0.39689206215875683,0.2594548109037819
0.74302513949721,0.7293054138917222
0.8661026779464411,0.8931221375572489
0.5826283474330514,0.27983440331193377
0.03115937681246375,0.026899462010759784
0.0761984760304794,0.09277814443711126
0.7049659006819864,0.3923921521569569
0.5612287754244916,0.4900901981960361
0.3110337793244135,0.2963940721185576
0.5085898282034359,0.41597168056638867
0.06709865802683947,0.07315853682926342
0.624147517049659,0.5940481190376192
0.030499390012199756,0.018099638007239856
0.1139177216455671,0.09363812723745525
0.35607287854242914,0.3980520389592208
0.7097458050838984,0.6630467390652187
0.0635387292254155,0.03971920561588768
0.05287894242115158,0.1137177256454871
0.6165476690466191,0.7405851882962341
0.3423731525369493,0.27247455050898983
0.3011939761204776,0.40707185856282874
0.6861662766744665,0.6678466430671387
0.44977100457990843,0.636567268654627
0.6858462830743386,0.8032239355212896
0.9318013639727206,0.9344213115737685
0.7019859602807944,0.6998260034799304
0.5336693266134678,0.5721085578288434
0.8786024279514411,0.7740245195096098
0.7646447071058579,0.9229015419691606
0.023279534409311815,0.2838743225135497
0.35641287174256514,0.3486330273394532
0.3291134177316454,0.2641547169056619
0.6758864822703546,0.7859042819143618
0.3960520789584209,0.4107917841643167
0.3471130577388452,0.3012339753204936
0.9095018099638007,0.7976640467190657
0.5475490490190197,0.5309693806123877
0.5199696006079878,0.6147077058458831
0.039259214815703686,0.028379432411351775
0.8167236655266895,0.9227415451690967
0.40563188736225275,0.4561508769824604
0.9472410551788965,0.9385412291754165
0.3507529849403012,0.32219355612887746
0.14119717605647888,0.12295754084918302
0.32153356932861343,0.4815903681926362
0.09861802763944721,0.09153816923661527
0.16761664766704668,0.1126177476450471
0.02751944961100778,0.05233895322093558
0.4124517509649807,0.18931621367572649
0.8320033599328014,0.750564988700226
0.626547469050619,0.6735065298694026
0.8516229675406493,0.5334693306133877
0.2975940481190376,0.28155436891262176
0.6528669426611468,0.8185436291274175
0.620087598248035,0.48629027419451615
0.17393652126957462,0.19343613127737447
0.4022719545609088,0.46777064458710826
0.0029599408011839762,0.0009599808003839924
0.8452630947381052,0.8147437051258976
0.8533429331413372,0.8662026759464811
0.4157116857662847,0.39951200975980483
0.18217635647287056,0.30431391372172556
0.5661286774264515,0.4631307373852523
0.9497010059798804,0.9713005739885202
0.40847183056338876,0.3851922961540769
0.42119157616847663,0.4401511969760605
0.8999220015599688,0.879842403151937
0.4778904421911562,0.7000259994800104
0.5460090798184036,0.5529289414211715
0.7370852582948342,0.6450870982580349
0.991860162796744,0.9919601607967841
0.9198216035679286,0.9449811003779924
0.2129957400851983,0.21801563968720628
0.6998060038799224,0.6227875442491151
0.9947401051978961,0.9920401591968161
0.011979760404791904,0.007479850402991941
0.9169216615667687,0.9436611267774645
0.4757304853902922,0.5440491190176197
0.5255094898102038,0.4945101097978041
0.254714905701886,0.33399332013359734
0.8983220335593288,0.878322433551329
0.7105257894842103,0.6115677686446271
0.746485070298594,0.7238255234895302
0.9452410951780965,0.8398032039359213
0.5938481230375393,0.5446091078178437
0.6498070038599228,0.637507249855003
0.7399452010959781,0.8393432131357373
0.2896942061158777,0.16755664886702268
0.4508709825803484,0.34495310093798126
0.9231015379692407,0.7341653166936661
0.24645507089858204,0.2250954980900382
0.9590808183836323,0.9634807303853923
0.3251334973300534,0.3412731745365093
0.25707485850282996,0.21139577208455831
0.3216135677286454,0.30397392052158956
0.9187616247675047,0.885982280354393
0.07125857482850344,0.11001779964400712
0.6369672606547869,0.7891042179156417
0.16823663526729465,0.20897582048359034
0.43143137137257254,0.48475030499390015
0.04361912761744765,0.024719505609887803
0.6672266554668906,0.6518669626607468
0.5433691326173476,0.5483490330193397
0.0637387252254955,0.04325913481730365
0.747145057098858,0.7112657746845064
0.5357092858142838,0.5149697006059879
0.9618007639847204,0.9215815683686327
0.5289694206115878,0.47059058818823624
0.6866062678746425,0.5707085858282834
0.7876642467150657,0.6846463070738585
0.22147557048859023,0.2148957020859583
0.6816463670726586,0.7320453590928182
0.7442451150976981,0.6932461350772985
0.30883382332353354,0.35205295894082117
0.0252594948101038,0.018519629607407852
0.514009719805604,0.5082498350032999
0.17901641967160659,0.17091658166836665
0.5961280774384512,0.5895282094358113
0.6928861422771545,0.6998660026799465
0.2987940241195176,0.08161836763264735
0.15475690486190277,0.22381552368952623
0.20739585208295835,0.17953640927181458
0.7089258214835703,0.7381252374952502
0.374452510949781,0.39637207255854884
0.47555048899022023,0.4782304353912922
0.9382412351752966,0.9644407111857763
0.46897062058758826,0.2636947261054779
0.502369952600948,0.4779304413911722
0.746345073098538,0.7202655946881062
0.19291614167716647,0.18531629367412653
0.8886822263554729,0.887802243955121
0.8447031059378812,0.8210635787284255
0.6811863762724746,0.8271234575308494
0.5223295534089318,0.3522529549409012
0.5499690006199877,0.6807663846723065
0.8524229515409693,0.8882022359552809
0.2880942381152377,0.13025739485210297
0.5372092558148838,0.5323493530129397
0.5787084258314834,0.5397092058158837
0.1852162956740865,0.22191556168876622
0.12119757604847904,0.2987940241195176
0.8444431111377773,0.7885442291154178
0.9233015339693207,0.9454210915781684
0.02353952920941581,0.021839563208735827
0.43227135457290855,0.5651286974260515
0.9609207815843683,0.9575208495830084
0.41753164936701265,0.058198836023279535
0.6138277234455312,0.6652466950660987
0.1905361892762145,0.15501689966200677
0.8274434511309774,0.7867242655146898
0.20557588848223035,0.29401411971760566
0.2109757804843903,0.29749405011899765
0.8129837403251935,0.8055838883222336
0.8992220155596888,0.9070418591628168
0.5445691086178277,0.28071438571228574
0.6543869122617548,0.6079878402431952
0.7317453650926982,0.7723645527089459
0.7008859822803544,0.7071058578828424
0.37039259214815706,0.34507309853802925
0.31951360972780546,0.34175316493670127
0.42135157296854064,0.40379192416151677
0.251794964100718,0.251554968900622
0.2727745445091098,0.018299634007319855
0.19211615767684648,0.24247515049699006
0.18363632727345452,0.12857742845143097
0.7299454010919781,0.6358672826543469
0.39397212055758885,0.376872462550749
0.42197156056878865,0.374492510149797
0.014879702405951881,0.11525769484610308
0.31963360732785345,0.2926741465170697
0.47177056458870825,0.3876322473550529
0.7793244135117298,0.8555628887422252
0.05515889682206356,0.04967900641987161
0.024559508809823806,0.01617967640647187
0.8947421051578969,0.885622287554249
0.8219235615287694,0.8411231775364493
0.21127577448451032,0.21767564648707027
0.7247455050898982,0.4465310693786124
0.75892482150357,0.75142497150057
0.4914301713965721,0.48699026019479613
0.22055558888822224,0.19117617647647048
0.7726645467090658,0.8063038739225216
0.8264234715305694,0.7740045199096018
0.7861042779144417,0.7931841363172737
0.8716425671486571,0.9068218635627288
0.5590088198236035,0.5830483390332194
0.34507309853802925,0.1746365072698546
0.6102677946441072,0.5741085178296434
0.19787604247915042,0.11035779284414313
0.21487570248595028,0.47115057698846025
0.49985000299994004,0.47339053218935623
0.2770544589108218,0.3154136917261655
0.43465130697386056,0.24847503049939001
0.755584888302234,0.5272494550108998
0.32883342333153337,0.1127377452450951
0.7088858222835543,0.8095638087238256
0.499930001399972,0.7010059798804024
0.21213575728485431,0.19831603367932643
0.0060998780024399514,0.01635967280654387
0.9479610407791844,0.9489410211795765
0.02359952800943981,0.015539689206215877
0.18491630167396653,0.08361832763344733
0.31705365892682147,0.4929701405971881
0.4797104057918842,0.42037159256814866
0.4894902101957961,0.7779644407111858
0.5698286034279315,0.02781944361112778
0.99220015599688,0.9930201395972081
0.628507429851403,0.5175296494070118
0.11425771484570309,0.124957500849983
0.3992520149597008,0.10351792964140717
0.4511109777804444,0.4228115437691246
0.1738365232695346,0.19345613087738245
0.5450490990180197,0.4666106677866443
0.48755024899502014,0.4668306633867323
0.24297514049719007,0.11055778884422313
0.9127617447651047,0.881362372752545
0.5135697286054279,0.34521309573808523
0.3303533929321414,0.31631367372652547
0.6001679966400673,0.2029759404811904
0.3345933081338373,0.4162516749665007
0.7792644147117058,0.9741005179896403
0.7958040839183217,0.8022639547209056
0.374652506949861,0.35895282094358116
0.8297834043319134,0.8314433711325774
0.32895342093158136,0.3230935381292374
0.2918341633167337,0.2010559788804224
0.056878862422751544,0.09251814963700726
0.5070898582028359,0.4924501509969801
0.02021959560808784,0.05623887522249555
0.011539769204615908,0.006959860802783944
0.8446231075378493,0.758584828303434
0.8478830423391532,0.6014679706405872
0.3515329693406132,0.628967420651587
0.3513329733405332,0.3412331753364933
0.631687366252675,0.5876082478350433
0.06501869962600748,0.04755904881902362
0.34267314653706926,0.29533409331813365
0.4146917061658767,0.5123097538049239
0.04787904241915162,0.0380192396152077
0.1516569668606628,0.19921601567968641
0.06049879002419952,0.14637707245855083
0.7729645407091859,0.6508869822603548
0.08931821363572728,0.1017579648407032
0.38219235615287694,0.3168136637267255
0.8330233395332094,0.7796644067118658
0.3975320493590128,0.5729685406291875
0.23277534449311016,0.513769724605508
0.5636087278254435,0.5669086618267635
0.16585668286634267,0.30985380292394155
0.3384932301353973,0.30567388652226957
0.5267494650106999,0.4129517409651807
0.7743645127097458,0.8356032879342413
0.38533229335413294,0.2880542389152217
0.48459030819383614,0.5709685806283874
0.5307293854122918,0.5910481790364193
0.010759784804303915,0.0068598628027439455
0.878962420751585,0.8972620547589049
0.07221855562888742,0.04335913281734365
0.8844223115537689,0.9035819283614328
0.2670146597068059,0.28733425331493373
0.14701705965880682,0.1753764924701506
0.47253054938901223,0.40909181816363677
0.2262154756904862,0.16685666286674267
0.6605867882642348,0.6935261294774104
0.6604467910641787,0.8376832463350733
0.43385132297354057,0.38429231415371695
0.4597308053838923,0.5351092978140437
0.5225895482090358,0.5570288594228116
0.42237155256894865,0.5089098218035639
0.8476030479390413,0.6646067078658427
0.46073078538429235,0.41751164976700467
0.3306533869322614,0.3904921901561969
0.07373852522949541,0.17041659166816664
0.7357252854942902,0.6409671806563869
0.9360012799744005,0.9538809223815524
0.8007639847203056,0.8211835763284735
0.1757964840703186,0.22151556968860622
0.6465070698586028,0.9633807323853524
0.6447471050578989,0.8263034739305214
0.8470830583388332,0.877882442351153
0.7294854102917941,0.7415051698966021
0.75632487350253,0.6934061318773624
0.8009039819203616,0.6538469230615388
0.7421851562968741,0.7959840803183936
0.8542629147417052,0.8396232075358493
0.5940081198376033,0.632707345853083
0.48081038379232416,0.4504309913801724
0.43301133977320455,0.49231015379692405
0.35935281294374116,0.5496690066198676
0.35033299334013324,0.27201455970880584
0.3021739565208696,0.5319093618127637
0.5323693526129477,0.48561028779424414
0.5935481290374193,0.6056478870422591
0.6929861402771945,0.6826863462730746
0.34335313293734127,0.2885142297154057
0.4287714245715086,0.07651846963060739
0.5746685066298675,0.5529689406211876
0.10595788084238315,0.13193736125277494
0.20241595168096638,0.015659686806263874
0.9288214235715286,0.8882422351552969
0.7843243135137298,0.8026039479210416
0.507969840603188,0.634647307053859
0.4156516869662607,0.34415311693766126
0.10931781364372713,0.08647827043459132
0.4915301693966121,0.4168516629667407
0.5144897102057959,0.5694286114277715
0.07131857362852743,0.059518809623807525
0.7945641087178257,0.5725485490290194
0.039879202415951685,0.023499530009399812
0.5697486050278995,0.5666286674266515
0.5822883542329154,0.4549909001819964
0.16751664966700666,0.6906661866762664
0.5447091058178837,0.5304493910121798
0.6608467830643387,0.7314053718925622
0.8684226315473691,0.8227835443291135
0.127497450050999,0.15977680446391074
0.9859202815943682,0.9657006859862803
0.5215895682086359,0.504369912601748
0.8615827683446331,0.884622307553849
0.1604567908641827,0.879742405151897
0.6416271674566509,0.6594868102637947
0.1636367272654547,0.1752964940701186
0.6376472470550589,0.6862262754744906
0.6002279954400912,0.6079678406431872
0.17879642407151858,0.3635927281454371
0.5231095378092439,0.4934301313973721
0.5106497870042599,0.7353852922941542
0.5499890002199956,0.5108897822043559
0.5138697226055479,0.502189956200876
0.6609267814643708,0.39763204735905283
0.9177216455670887,0.8939021219575609
0.7268654626907463,0.7572848543029139
0.18479630407391853,0.18417631647367053
0.635647287054259,0.8652026959460811
0.125917481650367,0.0881382372352553
0.8092438151236976,0.8119637607247855
0.5564088718225636,0.5361292774144517
0.6323073538529229,0.7804243915121698
0.1877562448751025,0.15657686846263075
0.4630707385852283,0.5390292194156117
0.7561448771024579,0.8029239415211696
0.5884682306353873,0.39539209215815685
0.09209815803683927,0.1378372432551349
0.21957560848783025,0.22135557288854224
0.6141277174456511,0.5903681926361473
0.11653766924661507,0.11463770724585509
0.3502529949401012,0.01859962800743985
0.4723705525889482,0.4471110577788444
0.3634527309453811,0.4364112717745645
0.5282094358112838,0.9150416991660167
0.5890482190356193,0.5698486030279395
0.4180116397672047,0.33259334813303737
0.8251034979300415,0.7699846003079939
0.9937401251974961,0.9952200955980881
0.39357212855742885,0.38345233095338094
0.5828483430331394,0.4746705065898682
0.34423311533769324,0.4045119097618048
0.884582308353833,0.8321033579328414
0.3029739405211896,0.2775344493110138
0.8348633027339454,0.8633427331453372
0.12071758564828704,0.12359752804943902
0.11801763964720706,0.09219815603687927
0.9438011239775205,0.9336413271734566
0.020699586008279834,0.053158936821263575
0.7301853962920741,0.8191436171276575
0.29377412451750967,0.9369012619747605
0.32913341733165336,0.44297114057718845
0.870862582748345,0.889882202355953
0.4674506509869803,0.3289934201315974
0.5729485410291795,0.5849683006339873
0.8175236495270095,0.8044239115217696
0.75092498150037,0.7604847903041939
0.07407851842963141,0.049219015619687605
0.5435091298174036,0.3093138137237255
0.1865362692746145,0.4037119257614848
0.16461670766584668,0.19089618207635847
0.39585208295834085,0.3682726345473091
0.3302933941321174,0.3852922941541169
0.8549629007419852,0.8644827103457932
0.635767284654307,0.7356852862942741
0.5486690266194676,0.5753884922301554
0.9824203515929681,0.9826203475930482
0.8042439151216976,0.7979440411191776
0.5183496330073398,0.6069878602427952
0.8441031179376413,0.8578028439431211
0.15215695686086278,0.17847643047139058
0.5175296494070118,0.628667426651467
0.6010279794404112,0.5771284574308514
0.2776944461110778,0.09519809603807924
0.2411351772964541,0.22419551608967822
0.07913841723165536,0.08313833723325534
0.05907881842363153,0.03405931881362373
0.7434651306973861,0.755504889902202
0.2988340233195336,0.3381132377352453
0.48527029459410814,0.5844083118337633
0.16955660886782264,0.10841783164336713
0.5431891362172757,0.5371692566148677
0.5211695766084679,0.6073278534429312
0.05915881682366353,0.0627387452250955
0.8223235535289295,0.7445651086978261
0.380052398952021,0.3140737185256295
0.38739225215495693,0.6422671546569069
0.2368752624947501,0.21727565448691027
0.8425231495370092,0.8011039779204416
0.7004459910801785,0.633827323453531
0.4652106957860843,0.2977740445191096
0.9665606687866243,0.9549409011819764
0.5843683126337473,0.5711885762284754
0.3514729705405892,0.35789284214315714
0.16917661646767065,0.6488270234595308
0.4787904241915162,0.40373192536149277
0.4887102257954841,0.33061338773224536
0.16717665646687066,0.18007639847203055
0.634287314253715,0.5633287334253315
0.16605667886642267,0.22257554848903022
0.34511309773804527,0.37121257574848504
0.39751204975900484,0.3130337393252135
0.49715005699886006,0.21863562728745425
0.6857062858742825,0.5760284794304115
0.376672466550669,0.35673286534269316
0.750244995100098,0.7737245255094899
0.8391032179356414,0.8741425171496571
0.8587828243435132,0.7235255294894103
0.628767424651507,0.5593888122237556
0.7200655986880262,0.6365072698546029
0.11079778404431911,0.14211715765684688
0.2889342213155737,0.42009159816803665
0.7640647187056259,0.7907841843163137
0.5235495290094199,0.4900501989960201
0.22353552928941423,0.23723525529489412
0.5413891722165557,0.49887002259954805
0.30527389452210957,0.2891342173156537
0.4512309753804924,0.4293314133717326
0.2801543969120618,0.2720945581088378
0.5120897582048359,0.6114477710445791
0.08591828163436732,0.055998880022399555
0.7629247415051699,0.8116037679246415
0.4130517389652207,0.45555088898222035
0.8337633247335053,0.756904861902762
0.3873522529549409,0.4428111437771245
0.5857082858342834,0.48253034939301215
0.12817743645127097,0.11867762644747105
0.7177256454870903,0.74442511149777
0.8583428331433371,0.8468430631387373
0.28253434931301374,0.3636927261454771
0.7121057578848423,0.8162436751264975
0.019519609607807846,0.033319333613327735
0.12985740285194297,0.15545689086218276
0.254554908901822,0.4015119697606048
0.20799584008319835,0.28531429371412576
0.5364692706145877,0.5187496250074999
0.7621847563048739,0.759144817103658
0.6365272694546109,0.6177276454470911
0.5547289054218916,0.6175676486470271
0.4107917841643167,0.5808683826323474
0.5935081298374033,0.6589268214635707
0.5594688106237875,0.5568688626227476
0.638867222655547,0.7297854042919142
0.7432251354972901,0.5439691206175876
0.31945361092778146,0.2003159936801264
0.32965340693186135,0.3493330133397332
0.8014839703205936,0.8323033539329213
0.7368652626947462,0.7336053278934421
0.5611087778244436,0.5351292974140517
0.4285114297714046,0.252934941301174
0.5754884902301954,0.44709105817883643
0.18997620047599048,0.18079638407231857
0.16793664126717467,0.17833643327133458
0.3493530129397412,0.3541529169416612
0.12375752484950302,0.09743805123897523
0.22145557088858223,0.13115737685246295
0.7129457410851783,0.627567448651027
0.513669726605468,0.5179696406071879
0.36993260134797307,0.6026279474410512
0.9940601187976241,0.9930801383972321
0.0016599668006639868,0.0018399632007359854
0.6388272234555309,0.5280694386112278
0.3683126337473251,0.4670506589868203
0.5539489210215796,0.7783244335113298
0.8976020479590409,0.892502149957001
0.2107757844843103,0.18359632807343854
0.8394232115357693,0.8934821303573929
0.1899362012759745,0.37309253814923704
0.7768244635107299,0.8306633867322654
0.24671506569868604,0.21631567368652627
0.512969740605188,0.5178696426071479
0.7208655826883462,0.7453850922981541
0.6682866342673147,0.5865682686346273
0.23331533369332613,0.4133117337653247
0.9284614307713847,0.879322413551729
0.6733265334693307,0.8037439251214976
0.3198336033279335,0.35937281254374914
0.4655306893862123,0.6028879422411552
0.16025679486410271,0.3007139857202856
0.6780664386712266,0.7123057538849223
0.17845643087138258,0.2600347993040139
0.46961060778784425,0.4822103557928842
0.749905001899962,0.7628647427051459
0.9595808083838323,0.9811203775924482
0.9014019719605608,0.743945121097578
0.5327693446131078,0.5636087278254435
0.7111457770844584,0.7648247035059299
0.5804883902321953,0.3010739785204296
0.41061178776424473,0.4803303933921322
0.7094058118837624,0.6408871822563549
0.13417731645367093,0.4139317213655727
0.6792264154716906,0.7890442191156177
0.627887442251155,0.7274854502909942
0.5461290774184516,0.5528089438211236
0.09449811003779925,0.08387832243355132
0.625947481050379,0.7308253834923302
0.28123437531249373,0.29615407691846163
0.6459470810583788,0.6039079218415632
0.48531029379412416,0.4927901441971161
0.1640167196656067,0.16905661886762266
0.8093038139237215,0.8248435031299375
0.031499370012599746,0.3258334833303334
0.7445651086978261,0.740865182696346
0.6007679846403072,0.7873042539149218
0.9665806683866323,0.9907801843963121
0.5637087258254835,0.42295154096918064
0.7666646667066659,0.7724245515089698
0.7827443451130978,0.7715445691086179
0.48305033899322014,0.47161056778864424
0.880502389952201,0.9038419231615368
0.631447371052579,0.6096478070438591
0.45497090058198836,0.5369492610147797
0.06505869882602348,0.061818763624727505
0.10219795604087918,0.08039839203215936
0.6816863662726745,0.6322873542529149
0.1748965020699586,0.20497590048199038
0.9393412131757365,0.8615427691446171
0.126977460450791,0.11499770004599909
0.8739025219495611,0.8645227095458091
0.5937481250374993,0.5333893322133557
0.251894962100758,0.08369832603347933
0.17863642727145457,0.1768764624707506
0.08221835563288735,0.05501889962200756
0.6120077598448032,0.6216475670486591
0.1488770224595508,0.15829683406331874
0.9177416451670967,0.8543829123417532
0.16113677726445472,0.26749465010699786
0.8036239275214496,0.8581028379432412
0.752664946701066,0.7579848403031939
0.6806863862722746,0.6398872022559549
0.7203255934881303,0.6963060738785225
0.7777844443111138,0.6368472630547389
0.12771744565108697,0.053578928421431575
0.28377432451350976,0.24811503769924603
0.8591228175436492,0.8503029939401212
0.39195216095678087,0.512289754204916
0.43055138897222056,0.43061138777224456
0.6783864322713546,0.1355572888542229
0.1776764464710706,0.1878962420751585
0.8579628407431852,0.7840643187136258
0.2000159996800064,0.249515009699806
0.6778264434711306,0.6073478530429391
0.628807423851523,0.751384972300554
0.7448251034979301,0.625647487050259
0.3667326653466931,0.4013919721605568
0.28303433931321376,0.2670146597068059
0.3018139637207256,0.3560928781424372
0.758584828303434,0.8234635307293855
0.9944601107977841,0.9956000879982401
0.8521629567408652,0.8363632727345454
0.5459290814183716,0.4899302013959721
0.10617787644247115,0.026999460010799784
0.09375812483750326,0.10783784324313514
0.048099038019239614,0.040559188816223675
0.20693586128277436,0.1774164516709666
0.371812563748725,0.32071358572828546
0.041659166816663665,0.04415911681766365
0.6319673606527869,0.5987080258394832
0.25007499850003,0.1651166976660467
0.9234615307693846,0.9252414951700967
0.2918741625167497,0.2658546829063419
0.2763944721105578,0.44601107977840443
0.5513489730205396,0.5162896742065158
0.8120637587248255,0.9299814003719926
0.7290454190916182,0.6767464650706986
0.6408071838563228,0.060818783624327515
0.9443611127777445,0.9326613467730646
0.3047939041219176,0.30557388852222955
0.23425531489370213,0.31569368612627746
0.14841703165936682,0.1613167736645267
0.8887822243555129,0.8973620527589449
0.46193076138477235,0.4404511909761805
0.1369972600547989,0.11855762884742306
0.3411731765364693,0.2928541429171417
0.28259434811303774,0.7085658286834263
0.08401831963360733,0.2266954660906782
0.1139777204455911,0.1369372612547749
0.8374832503349934,0.7668446631067379
0.35691286174276515,0.3600327993440131
0.9782204355912882,0.9652206955860884
0.9769204615907682,0.9768004639907202
0.32917341653166937,0.9542009159816804
0.8534029319413612,0.7679046419071619
0.37447251054978903,0.378512429751405
0.46951060978780423,0.6046279074418511
0.8394432111357774,0.8522029559408812
0.36075278494430113,0.40975180496390073
0.6799064018719626,0.756304873902522
0.34485310293794125,0.2132557348853023
0.9492210155796884,0.9377212455750885
0.8408631827363453,0.7699446011079779
0.126237475250495,0.13485730285394293
0.9637807243855123,0.9586208275834484
0.29127417451650967,0.34725305493890124
0.11475770484590309,0.14861702765944682
0.34409311813763727,0.4121317573648527
0.630527389452211,0.627107457850843
0.0499990000199996,0.10347793044139117
0.007419851602967941,0.007959840803183937
0.2256154876902462,0.35297294054118916
0.21535569288614229,0.32347353052938943
0.5466890662186756,0.24321513569728606
0.16965660686786266,0.25691486170276595
0.4751104977900442,0.48311033779324414
0.378712425751485,0.3540329193416132
0.6423071538569228,0.6505869882602349
0.8221035579288415,0.7720045599088019
0.7126657466850663,0.7135457290854184
0.9732805343893123,0.9768604627907442
0.011119777604447911,0.02025959480810384
0.9408811823763525,0.8958420831583369
0.7175856482870343,0.8290834183316333
0.9063018739625208,0.8725225495490091
0.6114077718445631,0.6028679426411472
0.3894122117557649,0.3572328553428932
0.2893542129157417,0.28177436451270976
0.9461010779784405,0.9453810923781525
0.7952840943181136,0.6704065918681626
0.2808343833123338,0.2875142497150057
0.7328253434931301,0.7705445891082179
0.5599288014239715,0.5313293734125317
0.25593488130237396,0.2240355192896142
0.1117777644447111,0.09659806803863923
0.9050218995620087,0.8093438131237376
0.37147257054858906,0.75002499950001
0.5290294194116117,0.5618487630247395
0.6065878682426352,0.4146517069658607
0.5792484150316994,0.7133657326853463
0.7820043599128018,0.8140837183256335
0.16555668886622268,0.19625607487850244
0.1872962540749185,0.21937561248775025
0.7260254794904102,0.7573848523029539
0.9860402791944162,0.9880202395952081
0.07163856722865543,0.06447871042579148
0.6942261154776904,0.75412491750165
0.48687026259474814,0.48385032299354014
0.30535389292214155,0.3272134557308854
0.6886862262754745,0.4117717645647087
0.6820063598728026,0.7157056858862823
0.9022419551608968,0.9168216635667287
0.9620007599848004,0.9521009579808404
0.18061638767224655,0.20809583808323834
0.14751704965900683,0.11389772204555909
0.99910001799964,0.999620007599848
0.38103237935241296,0.2618747625047499
0.28967420651586967,0.4397512049759005
0.9536009279814404,0.9485410291794164
0.5667486650266995,0.6866662666746666
0.7660246795064098,0.7869042619147617
0.010539789204215916,0.010459790804183917
0.35721285574288514,0.4126117477650447
0.5045699086018279,0.4650506989860203
0.5343893122137557,0.4664106717865643
0.1778964420711586,0.15785684286314275
0.8044639107217856,0.8538629227415452
0.30661386772264554,0.3020339593208136
0.876842463150737,0.7714645707085859
0.6840263194736106,0.7570648587028259
0.36691266174676507,0.38363232735345293
0.4244115117697646,0.35755284894302114
0.6196876062478751,0.502329953400932
0.3278934421311574,0.4395112097758045
0.49973000539989204,0.4773904521909562
0.631707365852683,0.6058078838423232
0.51034979300414,0.2640947181056379
0.31741365172696545,0.3019939601207976
0.5126697466050679,0.6839663206735865
0.9382812343753125,0.8627427451450971
0.43181136377272455,0.5116697666046679
0.9130817383652328,0.9124217515649687
0.8054638907221856,0.764304713905722
0.43753124937501253,0.20389592208155838
0.5755884882302355,0.4667906641867163
0.5650086998260035,0.637267254654907
0.630067398652027,0.6376472470550589
0.7233255334893303,0.6931261374772505
0.8528829423411532,0.8629627407451851
0.17871642567148657,0.126137477250455
0.884742305153897,0.884462310753785
0.3539729205415892,0.33233335333293335
0.3671326573468531,0.2761744765104698
0.7253654926901463,0.6888262234755305
0.3623527529449411,0.4361912761744765
0.2746545069098618,0.251734965300694
0.8061838763224736,0.8135637287254255
0.24467510649787005,0.25675486490270194
0.5271894562108758,0.5439491210175796
0.7390052198956021,0.7162656746865063
0.49327013459730806,0.5803883922321553
0.26793464130717387,0.28801423971520573
0.6061278774424512,0.5642287154256915
0.5657686846263075,0.6394272114557709
0.9276614467710647,0.9205615887682247
0.24623507529849403,0.24215515689686207
0.8310833783324334,0.8441231175376492
0.08601827963440732,0.06811863762724746
0.4546109077818444,0.6582468350632987
0.4789104217915642,0.4601307973840523
0.9085018299634008,0.8961020779584409
0.5918881622367553,0.5461290774184516
0.9765004699906003,0.9693406131877362
0.1502769944601108,0.19351612967740645
0.7589848203035939,0.7690046199076018
0.2800343993120138,0.4332113357732845
0.3944521109577809,0.44263114737705245
0.10137797244055119,0.14883702325953482
0.4882902341953161,0.38641227175456494
0.9575208495830084,0.9698206035879283
0.33599328013439733,0.40923181536369274
0.30425391492170156,0.13373732525349494
0.7761844763104738,0.884062318753625
0.627347453050939,0.9130417391652167
0.9439211215775685,0.9177216455670887
0.2022559548809024,0.2703745925081498
0.6422671546569069,0.6833463330733386
0.20707585848283036,0.14387712245755085
0.9584608307833844,0.44749105017899643
0.38001239975200496,0.3859722805543889
0.31569368612627746,0.25651486970260595
0.33363332733345336,0.24531509369812604
0.3640727185456291,0.3423731525369493
0.3907921841563169,0.48351032979340414
0.23555528889422211,0.20761584768304633
0.379532409351813,0.7468450630987381
0.25371492570148596,0.3003339933201336
0.38071238575228494,0.8054838903221936
0.2754744905101898,0.20303593928121438
0.015259694806103879,0.018419631607367853
0.4521509569808604,0.37893242135157296
0.3648927021459571,0.38315233695326095
0.8296834063318734,0.8512229755404892
0.5356692866142677,0.49733005339893205
0.007079858402831944,0.005899882002359953
0.049639007219855605,0.06129877402451951
0.7919241615167697,0.8371832563348733
0.377012459750805,0.33747325053498933
0.08463830723385532,0.05837883242335153
0.5555088898222036,0.4004719905601888
0.9357612847743045,0.636927261454771
0.7243655126897462,0.6790464190716186
0.7877642447151058,0.7637247255054899
0.49703005939881206,0.42225155496890066
0.8041839163216736,0.8232435351292975
0.5482290354192917,0.6324073518529629
0.47893042139157216,0.4639707205855883
0.8260234795304094,0.887022259554809
0.9374412511749766,0.8891222175556489
0.09195816083678326,0.10153796924061519
0.624367512649747,0.621387572248555
0.2906341873162537,0.34919301613967724
0.42293154136917266,0.4235515289694206
0.11019779604407912,0.08561828763424732
0.07223855522889543,0.15835683286334273
0.014539709205815885,0.010519789604207916
0.9499810003799924,0.9681206375872483
0.31357372852542953,0.3441931161376773
0.32299354012919745,0.3885922281554369
0.35743285134297315,0.3878522429551409
0.1492770144597108,0.19251614967700648
0.5613487730245396,0.5691086178276434
0.8286034279314414,0.8069638607227856
0.9619007619847604,0.8942021159576808
0.745765084698306,0.742465150696986
0.5150496990060199,0.3332733345333093
0.9506009879802404,0.9770804583908322
0.9548209035819284,0.8547429051418972
0.40901181976360473,0.8501829963400732
0.6736465270694586,0.6664866702665947
0.3021139577208456,0.5520889582208356
0.3861522769544609,0.45915081698366034
0.2391552168956621,0.2642547149057019
0.753964920701586,0.15959680806383872
0.37893242135157296,0.4119917601647967
0.9817003659926802,0.9823203535929281
0.5744685106297874,0.6491470170596588
0.4692306153876923,0.40397192056158876
0.6765264694706106,0.6771664566708666
0.17291654166916662,0.26675466490670185
0.8262434751304975,0.8139437211255776
0.3369332613347733,0.35879282414351715
0.5625287494250115,0.4960500789984201
0.33191336173276537,0.2663946721065579
0.8682226355472891,0.9701205975880483
0.049319013619727604,0.07193856122877543
0.3018939621207576,0.28413431731365374
0.06681866362672746,0.09329813403731926
0.029859402811943762,0.049859002819943606
0.5850482990340193,0.6173076538469231
0.6005279894402112,0.6432471350572989
0.29807403851922964,0.24023519529609408
0.6004479910401792,0.5990680186396272
0.9597408051838964,0.9541409171816564
0.9276014479710406,0.9175416491670166
0.756044879102418,0.74752504949901
0.6613067738645227,0.6447071058578828
0.4382912341753165,0.43091138177236454
0.23249535009299815,0.36045279094418115
0.36149277014459713,0.37071258574828503
0.29457410851782967,0.22977540449191017
0.9607807843843124,0.9730605387892243
0.9353812923741526,0.9290014199716006
0.2617547649047019,0.32821343573128536
0.7965040699186017,0.8022239555208897
0.8020439591208176,0.8964220715585689
0.11083778324433512,0.23023539529209416
0.5012499750005001,0.5245495090098198
0.7135457290854184,0.6821263574728506
0.05555888882222356,0.05541889162216756
0.037159256814863706,0.019799604007919844
0.4917101657966841,0.377592448151037
0.06155876882462351,0.07869842603147938
0.1617167656646867,0.15327693446131077
0.8534829303413932,0.8461430771384573
0.5468090638187236,0.4009719805603888
0.11751764964700706,0.034739305213895726
0.3476730465390692,0.28247435051298975
0.5231495370092598,0.3829523409531809
0.250794984100318,0.0371192576148477
0.1767364652706946,0.19483610327793444
0.3605327893442131,0.36783264334713306
0.5807483850322994,0.4137917241655167
0.2289554208915822,0.25935481290374196
0.8210835783284335,0.8589028219435612
0.636567268654627,0.8141837163256735
0.7300653986920261,0.6662266754664907
0.30963380732385354,0.2855342893142137
0.22007559848803024,0.19689606207875843
0.9588408231835364,0.9395412091758165
0.8073038539229216,0.8348433031339374
0.28613427731445373,0.2241755164896702
0.1885362292754145,0.23119537609247817
0.5612487750244995,0.6096878062438752
0.505429891402172,0.6639867202655947
0.5234095318093638,0.5323093538129238
0.011579768404631909,0.008999820003599928
0.5307093858122838,0.9273014539709206
0.4122717545649087,0.4414311713765725
0.7903041939161217,0.8019639607207856
0.762604747905042,0.7552248955020899
0.8164436711265775,0.8021639567208656
0.31609367812643746,0.4117117657646847
0.5411691766164677,0.5283294334113318
0.5918281634367313,0.5950680986380272
0.9626407471850563,0.9543609127817444
0.8923421531569369,0.7400451990960181
0.5137297254054919,0.5432491350172997
0.1509969800603988,0.16005679886402271
0.7920241595168097,0.8218835623287535
0.44677106457870847,0.5812883742325153
0.5876482470350594,0.6583668326633467
0.7224455510889782,0.7250654986900262
0.19451610967780644,0.2708345833083338
0.9193216135677287,0.8873022539549209
0.125497490050199,0.12297754044919101
0.9637007259854803,0.9098218035639287
0.7153656926861462,0.744765104697906
0.1634967300653987,0.23757524849503012
0.2606147877042459,0.18989620207595848
0.21027579448411032,0.1756564868702626
0.9271214575708486,0.9587408251834963
0.9600007999840003,0.9388412231755365
0.23257534849303016,0.28263434731305376
0.3011739765204696,0.4032319353612928
0.9354812903741926,0.9294614107717846
0.626647467050659,0.5811483770324594
0.7766244675106498,0.7722245555088898
0.16579668406631867,0.22319553608927822
0.8512229755404892,0.880842383152337
0.3312133757324854,0.19575608487830243
0.37179256414871703,0.19183616327673447
0.5566488670226596,0.4903501929961401
0.44753104937901245,0.3998920021599568
0.9029619407611849,0.8255634887302254
0.3642127157456851,0.2879142417151657
0.33445331093378133,0.29511409771804564
0.26909461810763785,0.32735345293094137
0.3879322413551729,0.22811543769124618
0.7585248295034099,0.5669286614267715
0.5956480870382592,0.5854082918341633
0.09483810323793525,0.1984560308793824
0.9646807063858723,0.9648007039859203
0.24763504729905403,0.14775704485910282
0.7776244475110498,0.8074038519229616
0.7424051518969621,0.7937841243175137
0.1509169816603668,0.12005759884802304
0.7459250814983701,0.8133837323253535
0.888282234355313,0.9281214375712487
0.2773544529109418,0.3392932141357173
0.2753544929101418,0.887702245955081
0.9597608047839044,0.9644607107857843
0.6416071678566428,0.6837463250734985
0.18121637567248655,0.15375692486150278
0.37019259614807704,0.29263414731705367
0.2633147337053259,0.2654746905061899
0.9428011439771204,0.8603627927441452
0.3870322593548129,0.37263254734905304
0.21571568568628627,0.17043659126817465
0.2659746805063899,0.31699366012679747
0.44621107577848446,0.5592288154236915
0.6056478870422591,0.4147317053658927
0.7977440451190977,0.8006039879202417
0.6152276954460911,0.5484490310193796
0.4903901921961561,0.5376492470150597
0.30615387692246154,0.868702625947481
0.36987260254794907,0.2832943341133177
0.8162836743265135,0.8181036379272415
0.4749105017899642,0.5575688486230276
0.8406831863362733,0.8294234115317694
0.3497330053398932,0.3064538709225816
0.4023119537609248,0.5482490350192997
0.11721765564688706,0.1003179936401272
0.8376232475350494,0.7424251514969701
0.031999360012799745,0.01647967040659187
0.6766464670706586,0.745805083898322
0.2884542309153817,0.39675206495870086
0.9031019379612408,0.5887082258354833
0.8583628327433451,0.8467230655386893
0.256834863302734,0.2634947301053979
0.8155836883262335,0.9233815323693526
0.27235455290894184,0.01603967920641587
0.5500689986200277,0.5895882082358354
0.1121177576448471,0.10459790804183916
0.8254234915301695,0.8317633647327054
0.7287054258914822,0.7341853162936741
0.250494990100198,0.3073138537229256
0.014079718405631887,0.026279474410511792
0.2033959320813584,0.12965740685186297
0.010679786404271915,0.010159796804063918
0.8525629487410252,0.8932221355572889
0.46995060098798025,0.31873362532749344
0.5223095538089239,0.4764304713905722
0.1726365472690546,0.11491770164596708
0.22307553848923023,0.6522869542609148
0.7016859662806744,0.7008259834803304
0.9063218735625288,0.8990020199596008
0.18057638847223056,0.34447311053778923
0.2287554248915022,0.25961480770384593
0.9253414931701366,0.9322813543729126
0.9508409831803364,0.5136497270054599
0.08303833923321534,0.06971860562788744
0.7109057818843624,0.8232235355292894
0.05433891322173557,0.12281754364912702
0.6454470910581789,0.6461470770584589
0.03475930481390372,0.048539029219415615
0.4739105217895642,0.5371892562148757
0.06763864722705547,0.06899862002759945
0.10627787444251115,0.06831863362732746
0.3121937561248775,0.17969640607187856
0.4405511889762205,0.46217075658486834
0.9286014279714406,0.9559808803823924
0.6958460830783385,0.35909281814363714
0.27069458610827785,0.24111517769644608
0.8224435511289775,0.8096038079238416
0.6893462130757385,0.6131677366452671
0.9537209255814884,0.9513409731805365
0.3311533769324614,0.33111337773244537
0.8290634187316254,0.8270234595308094
0.8023439531209376,0.7336853262934742
0.2620147597048059,0.23451530969380613
0.4391912161756765,0.3410931781364373
0.15821683566328673,0.1880762384752305
0.9074618507629848,0.9188016239675206
0.4217115657686846,0.41867162656746865
0.30783384332313357,0.25473490530189397
0.07925841483170337,0.08977820443591128
0.33639327213455733,0.31511369772604547
0.995640087198256,0.9747205055898882
0.13479730405391893,0.14541709165816685
0.9046219075618488,0.9112417751644968
0.8650026999460011,0.8168036639267215
0.4768304633907322,0.6771064578708426
0.9173416531669367,0.256034879302414
0.5538089238215236,0.5780684386312274
0.4753704925901482,0.4887302253954921
0.620707585848283,0.5415691686166277
0.022459550808983823,0.03157936841263175
0.43365132697346054,0.46617067658646827
0.0496990060198796,0.07481850362992741
0.44433111337773246,0.4540309193816124
0.005299894002119958,0.0046599068018639625
0.24927501449971,0.2140357192856143
0.378052438951221,0.3899322013559729
0.6229275414491711,0.6955260894782105
0.5211495770084599,0.5715285694286114
0.4422311553768925,0.4632307353852923
0.5091698166036679,0.508869822603548
0.6328473430531389,0.621467570648587
0.8517629647407052,0.8331433371332574
0.5980280394392112,0.5431891362172757
0.24559508809823805,0.2987340253194936
0.6589468210635787,0.6807863842723145
0.40053198936021284,0.39717205655886884
0.9820603587928242,0.9826603467930641
0.6807463850722986,0.7621647567048659
0.8986420271594568,0.9409011819763605
0.7618847623047539,0.6662866742665147
0.882242355152897,0.5244895102097958
0.4502509949801004,0.06857862842743145
0.18309633807323855,0.15991680166396674
0.7734845303093938,0.7392852142957141
0.5600687986240276,0.626707465850683
0.8678826423471531,0.8659426811463771
0.7835043299134018,0.8388832223355533
0.8348233035339293,0.8696426071478571
0.08921821563568728,0.11707765844683107
0.5996480070398592,0.5079898402031959
0.876362472750545,0.7913441731165377
0.3641527169456611,0.43593128137437254
0.2632347353052939,0.2919341613167737
0.6452870942581148,0.6077678446431072
0.1882962340753185,0.16651666966660666
0.883002339953201,0.4838703225935481
0.3006939861202776,0.4123317533649327
0.05661886762264755,0.04895902081958361
0.6923861522769544,0.6656666866662667
0.5258494830103398,0.5432891342173157
0.5862682746345074,0.7730645387092259
0.7115657686846263,0.5225895482090358
0.9607007859842803,0.9562808743825124
0.5521489570208596,0.7065458690826184
0.380552388952221,0.33179336413271737
0.744765104697906,0.7694646107077858
0.4012519749605008,0.3503729925401492
0.6070278594428111,0.7429051418971621
0.7993640127197457,0.8208035839283214
0.7117857642847143,0.6663066738665226
0.6649667006659867,0.3624327513449731
0.32569348613027743,0.380392392152157
0.8390032199356013,0.8275234495310094
0.1521769564608708,0.14569708605827883
0.7489250214995701,0.8410031799364013
0.4010919781604368,0.3892722145557089
0.7939241215175696,0.8015639687206256
0.4317313653726926,0.4049719005619888
0.07889842203155938,0.10541789164216717
0.11765764684706306,0.1776164476710466
0.46143077138457234,0.44363112737745247
0.23407531849363014,0.21771564568708626
0.4276714465710686,0.33157336853262936
0.4867302653946921,0.38545229095418093
0.4242915141697166,0.4427711445771085
0.9186816263674726,0.7106257874842503
0.4117117657646847,0.45599088018239636
0.7685446291074178,0.7842643147137057
0.7855642887142258,0.6941461170776585
0.99870002599948,0.9989000219995601
0.8497230055398892,0.8107837843243135
0.5851682966340673,0.4618107637847243
0.15269694606107878,0.2236355272894542
0.372652546949061,0.8925621487570249
0.24037519249615008,0.16481670366592668
0.8539229215415692,0.8359832803343933
0.9905801883962321,0.9914801703965921
0.028019439611207776,0.029679406411871764
0.23409531809363812,0.23589528209435812
0.07203855922881543,0.053878922421551574
0.9673606527869443,0.9870002599948001
0.7637047259054819,0.8397632047359053
0.32289354212915744,0.29757404851902963
0.07881842363152737,0.08705825883482331
0.24525509489810204,0.1631367372652547
0.029579408411831765,0.0498990020199596
0.5915481690366193,0.5454090918181637
0.18219635607287854,0.14123717525649487
0.12861742765144699,0.10387792244155117
0.15913681726365472,0.14633707325853484
0.8873822523549529,0.889862202755945
0.5275894482110358,0.6817263654726906
0.4782304353912922,0.5192496150076998
0.2589348213035739,0.2384952300953981
0.8110037799244015,0.8247835043299134
0.7145657086858264,0.9564208715825684
0.04619907601847963,0.07729845403091938
0.9583208335833283,0.9366212675746486
0.23501529969400614,0.3320133597328054
0.08987820243595128,0.14057718845623088
0.8006839863202736,0.4906501869962601
0.9134417311653767,0.9071818563628727
0.7096058078838423,0.8023439531209376
0.5780884382312353,0.5550288994220116
0.20383592328153438,0.20401591968160637
0.9015819683606329,0.9189216215675687
0.2692346153076939,0.250434991300174
0.9379612407751845,0.9382412351752966
0.07199856002879942,0.09455810883782324
0.008299834003319934,0.03569928601427971
0.15453690926181476,0.15899682006359872
0.11979760404791905,0.13363732725345492
0.024679506409871804,0.02393952120957581
0.45713085738285236,0.3536729265414692
0.5596688066238675,0.6001479970400592
0.6942461150776985,0.7200455990880182
0.0999580008399832,0.15599688006239876
0.7284254314913702,0.8906021879562409
0.3663326733465331,0.35737285254294915
0.20485590288194236,0.2771144577108458
0.12793744125117498,0.10737785244295114
0.17711645767084658,0.14577708445831083
0.28333433331333374,0.42495150096998063
0.2663346733065339,0.2263554728905422
0.878302433951321,0.8640427191456171
0.501389972200556,0.5223695526089478
0.2686146277074459,0.2282154356912862
0.9107417851642967,0.8934221315573689
0.26961460770784584,0.4055318893622128
0.6651666966660666,0.43759124817503653
0.2655746885062299,0.22047559048819024
0.043399132017359655,0.5237095258094838
0.9879002419951601,0.9888602227955441
0.2796344073118538,0.2790144197116058
0.8315433691326174,0.8611227775444491
0.376732465350693,0.3272734545309094
0.8078238435231295,0.8121237575248496
0.7722845543089139,0.8599828003439931
0.3895122097558049,0.34261314773704526
0.034639307213855726,0.05987880242395152
0.7009059818803625,0.6407471850562989
0.6708665826683466,0.7043259134817303
0.753004939901202,0.7933641327173456
0.4846103077938441,0.5176896462070759
0.7289054218915622,0.753744925101498
0.5553888922221556,0.5197296054078918
0.8485230295394093,0.7860642787144257
0.8244835103297934,0.9050018999620008
0.3261134777304454,0.5637687246255075
0.50144997100058,0.499990000199996
0.4490910181796364,0.41061178776424473
0.5527889442211156,0.628007439851203
0.998180036399272,0.99780004399912
0.4396312073758525,0.5261694766104678
0.6840463190736186,0.49691006179876407
0.08491830163396732,0.08327833443331134
0.9862202755944881,0.9457010859782805
0.8442231155376893,0.8456630867382653
0.8498030039399213,0.8577628447431052
0.9789604207915842,0.9786204275914482
0.743605127897442,0.7310453790924182
0.9865202695946081,0.9865802683946321
0.6021879562408752,0.2627747445051099
0.634327313453731,0.7050258994820103
0.3030739385212296,0.28539429211415773
0.20753584928301436,0.08865822683546329
0.9649207015859683,0.6006079878402432
0.5385692286154277,0.50434991300174
0.8412631747365052,0.8304633907321853
0.8902021959560809,0.5641887162256755
0.4008119837603248,0.44101117977640447
0.15463690726185478,0.08709825803483931
0.2773744525109498,0.26927461450770984
0.5352892942141158,0.5613287734245316
0.5317693646127077,0.4398912021759565
0.6547669046619068,0.7269054618907622
0.31917361652766946,0.4517709645807084
0.9264014719705607,0.9328613427731446
0.5068698626027479,0.5648287034259315
0.3405731885362293,0.3292734145317094
0.9746005079898402,0.9826003479930402
0.9032219355612888,0.8547029059418811
0.40025199496010083,0.2630147397052059
0.9786004279914402,0.9839403211935762
0.7044059118817624,0.6126877462450752
0.8823823523529529,0.875782484350313
0.626327473450531,0.5161696766064678
0.3167936641267175,0.20987580248395032
0.43643127137457255,0.5717485650286994
0.8637427251454971,0.8464430711385773
0.6567268654626908,0.6779064418711626
0.47019059618807624,0.5276094478110438
0.28197436051278973,0.49471010579788405
0.14583708325833483,0.12287754244915103
0.9199416011679766,0.9201815963680726
0.27005459890802186,0.12497750044999101
0.27967440651186976,0.2121157576848463
0.021679566408671826,0.034919301613967724
0.9633407331853363,0.377512449751005
0.21915561688766225,0.2992340153196936
0.24975500489990202,0.38371232575348496
0.6177476450470991,0.5741685166296674
0.8605027899442012,0.8420631587368252
0.5967880642387152,0.7082858342833144
0.33295334093318135,0.2766744665106698
0.5169696606067878,0.5692486150276994
0.8293634127317454,0.8087838243235136
0.7167056658866823,0.7883242335153298
0.5288294234115318,0.5720485590288195
0.5959280814383713,0.6923261534769305
0.15595688086238277,0.08519829603407932
0.7131857362852744,0.6889262214755705
0.06599868002639947,0.09175816483670327
0.5200295994080119,0.5312293754124918
0.4310513789724206,0.43141137177256456
0.9171616567668647,0.9361012779744405
0.8102437951240975,0.9859602807943841
0.49455010899782004,0.4890302193956121
0.1374772504549909,0.16967660646787064
0.46577068458630827,0.752084958300834
0.2622747545049099,0.3018339633207336
0.3128937421251575,0.74782504349913
0.043379132417351654,0.10445791084178317
0.9144617107657848,0.9094818103637927
0.08485830283394333,0.12313753724925502
0.7347253054938901,0.7836643267134658
0.9476010479790404,0.9428011439771204
0.05251894962100758,0.050538989220215595
0.34817303653926923,0.374592508149837
0.07325853482930342,0.08245835083298335
0.13481730365392694,0.025659486810263796
0.7271054578908422,0.8208435831283375
0.06551868962620748,0.14731705365892683
0.1125777484450311,0.09395812083758324
0.23311533769324613,0.3169136617267655
0.9675006499870002,0.9607207855842883
0.5232095358092839,0.7265454690906182
0.5300093998120038,0.48539029219415614
0.5892482150356994,0.5715885682286355
0.6077278454430911,0.5940681186376273
0.5774084518309635,0.5398892022159557
0.8381032379352413,0.6925261494770105
0.252234955300894,0.887222255554889
0.5727685446291074,0.5195896082078358
0.9427011459770805,0.6124077518449631
0.4908901821963561,0.7324853502929942
0.6638867222655547,0.6213075738485231
0.5901881962360753,0.5188696226075479
0.13167736645267095,0.11927761444771105
0.00011999760004799905,0.0001399972000559989
0.9449811003779924,0.9589208215835684
0.7486850262994741,0.7076458470830583
0.4357912841743165,0.6049679006419871
0.12857742845143097,0.1141777164456711
0.07487850242995141,0.09697806043879123
0.9892202155956881,0.38163236735265293
0.8400231995360093,0.9059618807623848
0.6363872722545549,0.9259414811703767
0.255854882902342,0.23089538209235816
0.8235235295294094,0.8360632787344253
0.06435871282574349,0.06439871202575949
0.22183556328873424,0.20925581488370235
0.9614207715845683,0.9589608207835844
0.1890162196756065,0.27767444651106976
0.5207895842083159,0.5232895342093158
0.5136097278054439,0.44953100937981244
0.8335633287334253,0.8427831443371133
0.9459810803783925,0.9455610887782244
0.6804463910721785,0.7035859282814344
0.14015719685606287,0.10171796564068719
0.6543069138617228,0.32307353852922943
0.8869222615547689,0.9222815543689127
0.04771904561908762,0.04617907641847163
0.8343233135337293,0.8295834083318334
0.50644987100258,0.5316093678126438
0.33209335813283736,0.3515529689406212
0.41895162096758065,0.2666546669066619
0.8671426571468571,0.8961820763584729
0.8350832983340334,0.8834223315533689
0.3306333873322534,0.19725605487890244
0.18295634087318255,0.249815003699926
0.6654666906661867,0.7339053218935622
0.9723405531889363,0.9656606867862643
0.2699746005079898,0.3180536389272215
0.8163836723265535,0.8422431551368973
0.6791264174716506,0.5618887622247555
0.9096618067638648,0.8936421271574568
0.0250394992100158,0.02877942441151177
0.6516869662606748,0.624927501449971
0.6940661186776265,0.7343853122937541
0.8394832103357933,0.2150356992860143
0.2929741405171897,0.20313593728125437
0.6537669246615068,0.9375412491750166
0.7125857482850343,0.49845003099938
0.43177136457270854,0.4446511069778605
0.881382372352553,0.8910421791564169
0.6631667366652667,0.6461270774584509
0.9342413151736966,0.9478810423791525
0.6605467890642187,0.6098678026439471
0.6947661046779064,0.6834063318733625
0.4889102217955641,0.47589048219035623
0.3371732565348693,0.3104137917241655
0.6605667886642267,0.6133877322453551
0.11405771884562309,0.1605167896642067
0.14159716805663888,0.19349613007739846
0.46881062378752425,0.4521109577808444
0.9939801203975921,0.995640087198256
0.3988920221595568,0.40025199496010083
0.009699806003879922,0.007979840403191937
0.8737025259494811,0.8903021939561209
0.03247935041299174,0.0374792504149917
0.8103637927241455,0.8189836203275935
0.29733405331893364,0.30311393772124556
0.48309033819323616,0.6566068678626428
0.21101577968440632,0.1749165016699666
0.29041419171616567,0.1504369912601748
0.17093658126837463,0.23603527929441412
0.07013859722805545,0.01975960480790384
0.9021419571608568,0.9802403951920962
0.9248015039699207,0.9377612447751046
0.7054858902821943,0.7766444671106578
0.0876582468350633,0.0748385032299354
0.5353292934141317,0.4876902461950761
0.6731865362692746,0.7064258714825704
0.8216635667286655,0.8163036739265215
0.9594608107837843,0.9468410631787365
0.9023019539609208,0.9245615087698247
0.1365572688546229,0.0760584788304234
0.7874842503149937,0.8110237795244095
0.37675246495070097,0.504069918601628
0.8361232775344494,0.750964980700386
0.8990620187596249,0.869402611947761
0.6914461710765785,0.8000439991200177
0.7250454990900183,0.5335693286134278
0.1884162316753665,0.27205455890882185
0.9300213995720086,0.9445611087778245
0.3882322353552929,0.5777484450310993
0.6915661686766265,0.6642867142657147
0.6042079158416832,0.5846083078338433
0.6048479030419391,0.7324653506929861
0.22297554048919022,0.20223595528089439
0.4748305033899322,0.3147537049259015
0.15941681166376673,0.1640167196656067
0.04907901841963161,0.05391892162156757
0.8677226455470891,0.8713825723485531
0.8321033579328414,0.9078618427631447
0.6585068298634028,0.6980060398792024
0.5809683806323874,0.49361012779744406
0.29625407491850164,0.12185756284874302
0.9730005399892002,0.5348293034139318
0.2792544149117018,0.07355852882942342
0.742245155096898,0.28361432771344575
0.5594288114237715,0.5539889202215956
0.47091058178836426,0.5112097758044839
0.5203095938081238,0.6385672286554269
0.08899822003559929,0.22979540409191818
0.08431831363372733,0.3183536329273415
0.12179756404871903,0.11819763604727906
0.8843223135537289,0.8995020099598008
0.14243715125697487,0.14493710125797485
0.6349273014539709,0.5460290794184116
0.1885562288754225,0.23045539089218217
0.379592408151837,0.380792384152317
0.4647307053858923,0.510809783804324
0.006599868002639947,0.010779784404311914
0.11043779124417512,0.39773204535909285
0.6093278134437311,0.8399832003359933
0.4593908121837563,0.46839063218735627
0.16983660326793465,0.0759384812303754
0.22975540489190216,0.24315513689726206
0.19635607287854243,0.2129957400851983
0.4010719785604288,0.37061258774824507
0.03585928281434372,0.5117697646047079
0.0751784964300714,0.07045859082818344
0.7969240615187696,0.7887642247155057
0.8347433051338974,0.8357832843343134
0.381352372952541,0.37423251534969304
0.47903041939161217,0.36257274854502913
0.08655826883462331,0.09703805923881523
0.5638287234255315,0.4175516489670207
0.508369832603348,0.5076698466030679
0.10211795764084719,0.022019559608807825
0.28087438251234975,0.8252634947301054
0.8894622107557849,0.9271614567708646
0.633047339053219,0.38247235055298895
0.08939821203575929,0.13533729325413493
0.4561908761824764,0.375832483350333
0.4624707505849883,0.4553308933821324
0.6175476490470191,0.6078478430431392
0.7378452430951381,0.7713445731085379
0.19605607887842244,0.1621767564648707
0.9553408931821364,0.751244975100498
0.41271174576508474,0.29643407131857363
0.0747585048299034,0.08455830883382333
0.17385652286954262,0.10729785404291914
0.8056638867222656,0.8529029419411612
0.7032659346813064,0.7414651706965861
0.8414231715365693,0.8485630287394252
0.6553668926621468,0.6033679326413472
0.8268034639307215,0.7875042499150017
0.8207235855282895,0.8257634847303055
0.5789884202315954,0.6640067198656027
0.6637667246655067,0.7044259114817704
0.20457590848183038,0.21805563888722226
0.6634267314653707,0.6547469050618988
0.5732685346293074,0.3121937561248775
0.7883242335153298,0.7274654506909862
0.005619887602247955,0.004719905601887962
0.2660346793064139,0.23951520969580609
0.6463470730585389,0.9884602307953841
0.7094858102837943,0.7204455910881783
0.34855302893942125,0.872342553148937
0.509769804603908,0.43323133537329256
0.7117257654846904,0.8152236955260895
0.16911661766764666,0.17381652366952663
0.00251994960100798,0.002659946801063979
0.39533209335813285,0.33143337133257333
0.629227415451691,0.7209855802883942
0.21667566648667028,0.21683566328673426
0.382212355752885,0.4417711645767085
0.2121957560848783,0.3316133677326454
0.5904481910361793,0.5289294214115717
0.9391612167756646,0.6850862982740346
0.2991540169196616,0.3287534249315014
0.48665026699466013,0.23203535929281416
0.4915101697966041,0.5926081478370433
0.23049539009219816,0.17937641247175057
0.7963240735185296,0.8692026159476811
0.869382612347753,0.8638227235455291
0.252714945701086,0.24655506889862203
0.15571688566228675,0.10689786204275915
0.1018579628407432,0.12207755844883103
0.7595848083038339,0.9028619427611448
0.7635447291054179,0.629947401051979
0.7190456190876183,0.761244775104498
0.3044539109217816,0.14605707885842284
0.02243955120897582,0.020339593208135838
0.6814863702725946,0.5170096598068039
0.9711405771884563,0.993460130797384
0.6506469870602588,0.8188236235275295
0.12361752764944701,0.1638567228655427
0.06973860522789545,0.0623787524249515
0.07309853802923942,0.08553828923421532
0.7048259034819304,0.620827583448331
0.8491630167396652,0.4260114797704046
0.07081858362832744,0.046219075618487634
0.33255334893302135,0.09531809363812724
0.01869962600747985,0.017019659606807864
0.6856462870742586,0.7405651886962261
0.48163036739265214,0.33581328373432534
0.7134857302853943,0.6958460830783385
0.2388352232955341,0.17253654926901463
0.9676206475870482,0.9289214215715687
0.8197636047279054,0.8286434271314574
0.3391132177356453,0.35981280374392516
0.7070658586828263,0.7147857042859143
0.21775564488710228,0.21993560128797424
0.374732505349893,0.3014939701205976
0.19315613687726246,0.255114897702046
0.5802683946321073,0.9285214295714086
0.6246275074498511,0.6962460750784984
0.1631367372652547,0.12415751684966302
0.4132117357652847,0.24629507409851803
0.757604847903042,0.5321093578128437
0.25959480810383795,0.13077738445231096
0.055998880022399555,0.08563828723425532
0.2644547109057819,0.2593348133037339
0.06459870802583949,0.07689846203075938
0.6911661766764665,0.6944661106777865
0.13269734605307895,0.13903721925561488
0.3432131357372853,0.35919281614367715
0.24767504649907002,0.24209515809683807
0.7378852422951542,0.7425051498970021
0.9862802743945122,0.9888002239955201
0.9934401311973761,0.9909401811963761
0.6599268014639708,0.6460470790584188
0.4018719625607488,0.35779284414311713
0.7344253114937701,0.870442591148177
0.09083818323633527,0.08577828443431132
0.743365132697346,0.7563648727025459
0.6295474090518189,0.4129117417651647
0.25599488010239796,0.16947661046779064
0.9422411551768965,0.1130577388452231
0.15783684326313474,0.10659786804263915
0.6003879922401553,0.5128297434051319
0.014519709605807885,0.013439731205375893
0.9926801463970721,0.9890602187956241
0.2280754384912302,0.09401811963760726
0.4555108897822044,0.500569988600228
0.7620047599048019,0.8371632567348654
0.9631407371852563,0.9702605947881042
0.5514289714205716,0.6476270474590509
0.15483690326193478,0.17195656086878264
0.8203435931281374,0.8462230755384893
0.5080898382032359,0.510229795404092
0.028599428011439772,0.020859582808343834
0.055798884022319556,0.039959200815983684
0.8208235835283295,0.8142237155256895
0.995860082798344,0.997580048399032
0.28317433651326973,0.19583608327833443
0.2148357032859343,0.3916521669566609
0.9012219755604888,0.75352492950141
0.6862462750744985,0.7205455890882183
0.251094978100438,0.22017559648807025
0.43525129497410053,0.39575208495830083
0.27927441451170976,0.21959560808783826
0.6852662946741065,0.627227455450891
0.7399052018959621,0.35801283974320514
0.5282894342113158,0.6475070498590029
0.5505489890202196,0.5037499250015
0.41861162776744465,0.34289314213715727
0.36829263414731706,0.4027719445611088
0.027279454410911782,0.03317933641327173
0.8041639167216655,0.8262434751304975
0.8653026939461211,0.8534429311413771
0.19397612047759044,0.10335793284134318
0.17991640167196657,0.08597828043439132
0.9046419071618568,0.7666846663066739
0.11933761324773505,0.10917781644367112
0.09781804363912722,0.12239755204895902
0.050618987620247594,0.05383892322153557
0.5319893602127957,0.5147897042059159
0.3647927041459171,0.3214935701285974
0.4742105157896842,0.39573208535829285
0.512189756204876,0.47955040899182017
0.20865582688346235,0.19325613487730245
0.05533889322213556,0.06461870762584748
0.8674626507469851,0.876122477550449
0.7387252254954901,0.7000659986800264
0.4935301293974121,0.31959360812783744
0.6904861902761945,0.7472250554988901
0.034299314013719724,0.025819483610327796
0.18697626047479052,0.12831743365132697
0.6966060678786424,0.45039099218015644
0.6869862602747945,0.7391452170956581
0.9801003979920402,0.9630007399852003
0.6518469630607389,0.621847563048739
0.874222515549689,0.8844423111537769
0.6565068698626028,0.5236895262094758
0.5922481550368993,0.6012079758404832
0.09357812843743125,0.04215915681686366
0.5153296934061319,0.33655326893462134
0.4227515449691006,0.22931541369172617
0.3506529869402612,0.37291254174916505
0.08689826203475931,0.0882382352352953
0.9006219875602488,0.8948621027579449
0.7125657486850263,0.6589468210635787
0.6166676666466671,0.6781464370712585
0.8282234355312894,0.8224235515289694
0.6987460250794985,0.6488670226595469
0.12699746005079898,0.06769864602707946
0.6477670446591068,0.5237295254094918
0.37263254734905304,0.3553528929421412
0.49047019059618807,0.47989040219195617
0.880142397152057,0.878822423551529
0.5885682286354273,0.25823483530329394
0.9032419351612968,0.9376612467750646
0.0126197476050479,0.015279694406111878
0.7231655366892662,0.622647547049059
0.9028819423611528,0.9760404791904163
0.8189236215275695,0.44617107657846844
0.14567708645827085,0.19103617927641448
0.3112137757244855,0.32259354812903746
0.9838403231935362,0.9810803783924322
0.6509069818603628,0.6746865062698746
0.4812903741925162,0.46657066858662827
0.2759144817103658,0.2875542489150217
0.12393752124957501,0.1012579748405032
0.3006139877202456,0.21745565088698227
0.08025839483210336,0.09913801723965521
0.13559728805423893,0.09245815083698326
0.9262414751704966,0.7801043979120418
0.11591768164636708,0.14105717885642288
0.8860422791544169,0.9463410731785364
0.10409791804163918,0.12277754444911103
0.9544809103817924,0.9570008599828004
0.25411491770164596,0.13201735965280695
0.9803203935921282,0.9807603847923042
0.8540029199416012,0.750284994300114
0.31791364172716546,0.3020939581208376
0.749565008699826,0.7995040099198016
0.8095038099238016,0.7806843863122738
0.9298614027719446,0.8020439591208176
0.4684906301873963,0.45889082218355637
0.9248215035699286,0.9052218955620888
0.8422831543369133,0.8316433671326574
0.8090838183236335,0.7678646427071459
0.4517909641807164,0.36875262494750105
0.1002379952400952,0.1130777384452311
0.4378512429751405,0.6730265394692106
0.31591368172636547,0.2894742105157897
0.31843363132737346,0.21837563248735026
0.17181656366872664,0.2142157156856863
0.0876382472350553,0.33393332133357334
0.2754544909101818,0.23517529649407012
0.3543729125417492,0.3652926941461171
0.5891282174356514,0.633387332253355
0.49235015299694007,0.8364632707345854
0.46919061618767627,0.379632407351853
0.31019379612407755,0.32455350892982143
0.35873282534349316,0.3521929561408772
0.9431411371772565,0.9380412391752165
0.7814443711125778,0.8729025419491611
0.10277794444111119,0.10773784524309514
0.33003339933201337,0.35773284534309313
0.763744725105498,0.8896222075558489
0.9718405631887362,0.9404211915761685
0.44675106497870043,0.5695486090278195
0.254254914901702,0.28105437891242174
0.7227055458890822,0.8432231355372893
0.760564788704226,0.6935461290774185
0.6751064978700426,0.7409251814963701
0.31797364052718946,0.29575408491830163
0.1737565248695026,0.2257554848903022
0.8046239075218496,0.6631467370652587
0.13141737165256695,0.13225735485290294
0.23531529369412613,0.17201655966880663
0.09665806683866324,0.16037679246415074
0.36801263974720505,0.31591368172636547
0.9281414371712566,0.9234615307693846
0.5755084898302034,0.4803703925921482
0.9038019239615208,0.9058218835623287
0.9768804623907522,0.9743605127897442
0.11825763484730306,0.11659766804663907
0.6915461690766185,0.6381472370552589
0.6632867342653147,0.6101277974440511
0.3863922721545569,0.6806063878722426
0.873982520349593,0.8866022679546409
0.3431531369372613,0.124557508849823
0.25357492850143,0.3471530569388612
0.18533629327413453,0.22035559288814224
0.9022019559608808,0.9543809123817524
0.3218935621287574,0.3225735485290294
0.018119637607247857,0.015639687206255876
0.24315513689726206,0.17699646007079858
0.1760964780704386,0.19513609727805445
0.5268694626107479,0.4913701725965481
0.2405951880962381,0.1993960120797584
0.14709705805883883,0.15487690246195077
0.5062698746025079,0.3141137177256455
0.13223735525289496,0.016099678006439872
0.9871002579948401,0.9881002379952402
0.0124997500049999,0.019939601207975843
0.0752584948301034,0.05889882202355953
0.43821123577528454,0.4374512509749805
0.9091018179636408,0.9256014879702407
0.9907401851962961,0.9901801963960721
0.08289834203315934,0.10613787724245516
0.8926021479570408,0.8586228275434492
0.04575908481830364,0.03901921961560769
0.4157916841663167,0.506669866602668
0.373352532949341,0.4393912121757565
0.7108457830843383,0.7669646607067859
0.8646427071458571,0.8968620627587448
0.18131637367252657,0.2881742365152697
0.05121897562048759,0.07157856842863143
0.3928521429571409,0.881962360752785
0.9799004019919602,0.6552868942621147
0.17011659766804665,0.20803583928321434
0.373792524149517,0.752204955900882
0.3379932401351973,0.2370152596948061
0.6149877002459951,0.6828863422731546
0.4057118857622848,0.48035039299214016
0.047819043619127616,0.04171916561668767
0.249135017299654,0.3971920561588768
0.6413471730565389,0.6789064218715626
0.41037179256414874,0.40483190336193275
0.3658726825463491,0.4193716125677487
0.4879702405951881,0.2958740825183496
0.9963600727985441,0.996880062398752
0.04151916961660767,0.02273954520909582
0.3328733425331494,0.37103257934841305
0.5647287054258915,0.4242915141697166
0.6441271174576508,0.6641667166656667
0.9685206295874083,0.9576608467830644
0.9690206195876083,0.9619207615847684
0.18617627647447052,0.3026139477210456
0.015399692006159878,0.2725945481090378
0.2237555248895022,0.3491130177396452
0.8285234295314094,0.8432631347373053
0.3380132397352053,0.2795744085118298
0.005079898402031959,0.006879862402751945
0.5532889342213156,0.6634667306653868
0.8390432191356173,0.7894242115157697
0.48087038259234816,0.3980920381592368
0.3675326493470131,0.26727465450690985
0.9742405151896962,0.9823003539929201
0.5184096318073639,0.6636667266654667
0.05813883722325554,0.04567908641827163
0.749645007099858,0.7292454150916982
0.2126357472850543,0.08231835363292735
0.12827743445131098,0.11015779684406313
0.8916221675566489,0.9048419031619368
0.7217455650886982,0.6253274934501311
0.507709845803084,0.6397272054558909
0.9878402431951361,0.9895402091958161
0.14723705525889483,0.3579728405431892
0.40923181536369274,0.3624727505449891
0.6465470690586188,0.6331073378532429
0.4089718205635887,0.5309293814123718
0.9577008459830804,0.9572208555828884
0.30505389892202156,0.3235935281294374
0.6948061038779225,0.6003879922401553
0.4028719425611488,0.4273114537709246
0.9762604747905043,0.9768804623907522
0.8437431251374973,0.869062618747625
0.995420091598168,0.9931801363972721
0.8494630107397853,0.9486610267794644
0.8525029499410012,0.7354052918941621
0.999260014799704,0.996340073198536
0.9201015979680407,0.9273614527709446
0.4060518789624208,0.4077118457630848
0.15967680646387072,0.22183556328873424
0.048239035219295616,0.029259414811703768
0.02785944281114378,0.039659206815863685
0.0008399832003359933,0.0010399792004159916
0.8234835303293935,0.7974240515189697
0.4913701725965481,0.49805003899922
0.503829923401532,0.4572908541829164
0.2153156936861263,0.2807943841123178
0.377392452150957,0.3912921741565169
0.502489950200996,0.45855082898342037
0.9348213035739286,0.9438611227775445
0.1129577408451831,0.6044679106417872
0.4125717485650287,0.4683306333873323
0.06675866482670346,0.06179876402471951
0.7038059238815224,0.6903261934761306
0.8060638787224256,0.8706025879482411
0.5484890302193957,0.4143317133657327
0.1007179856402872,0.0993980120397592
0.14651706965860684,0.10647787044259115
0.1887562248755025,0.43101137977240456
0.06465870682586349,0.07227855442891143
0.7886242275154497,0.7797044059118818
0.9596208075838484,0.9674006519869603
0.27165456690866185,0.42079158416831663
0.19081618367632647,0.4683706325873483
0.6992860142797145,0.6196276074478511
0.27021459570808587,0.2138357232855343
0.9054218915621688,0.8024839503209936
0.9638607227855444,0.9781604367912642
0.3419731605367893,0.38029239415211696
0.02381952360952781,0.024099518009639807
0.6215475690486191,0.9133017339653208
0.5142897142057159,0.5503089938201237
0.3492330153396932,0.6136877262454751
0.8072638547229055,0.8669426611467771
0.9655606887862244,0.9732005359892802
0.9656206875862483,0.9552008959820804
0.2129557408851823,0.25885482290354195
0.8276434471310574,0.5543689126217476
0.3854722905541889,0.41637167256654867
0.13265734685306294,0.20395592088158238
0.6504869902601949,0.5855882882342354
0.5241695166096678,0.5244295114097718
0.40305193896122077,0.6917861642767145
0.02137957240855183,0.07441851162976741
0.7849643007139857,0.8377032459350813
0.4426911461770765,0.16751664966700666
0.46891062178756426,0.46805063898722027
0.9262814743705127,0.5887882242355154
0.9491810163796724,0.9357412851742966
0.16667666646667068,0.2248755024899502
0.882182356352873,0.9095618087638248
0.9581008379832404,0.9427411451770965
0.2859342813143737,0.2751744965100698
0.9569208615827683,0.9599008019839603
0.8534629307413852,0.8639627207455851
0.015159696806063879,0.052138957220855583
0.7149857002859943,0.76212475750485
0.20921581568368633,0.12377752444951101
0.9969800603987921,0.9972000559988801
0.7316253674926502,0.5883882322353553
0.2614147717045659,0.5964880702385953
0.35371292574148516,0.3511129777404452
0.16805663886722266,0.31671366572668547
0.03831923361532769,0.04757904841903162
0.4774504509909802,0.4739705205895882
0.0371992560148797,0.5549689006219876
0.7610447791044179,0.7578648427031459
0.07987840243195136,0.2638947221055579
0.619327613447731,0.48275034499310016
0.06609867802643947,0.054658906821863563
0.7735045299094019,0.7691846163076739
0.8195636087278255,0.8725625487490251
0.5692286154276914,0.6062478750424992
0.18037639247215057,0.14259714805703885
0.41219175616487674,0.47355052898942024
0.7756244875102498,0.9876802463950721
0.5996280074398512,0.6069678606427872
0.9395412091758165,0.9449011019779605
0.625607487850243,0.6656066878662427
0.45879082418351635,0.3874722505549889
0.5768084638307234,0.6666066678666427
0.6358472830543389,0.5932881342373153
0.07113857722845543,0.07307853842923141
0.9199016019679607,0.9389012219755605
0.3168536629267415,0.4218315633687326
0.9504409911801764,0.9611807763844723
0.7130657386852263,0.622547549049019
0.4497910041799164,0.37017259654806906
0.9185216295674087,0.9116017679646408
0.8583828323433531,0.8544029119417612
0.4639307213855723,0.6825863482730345
0.8091238175236496,0.8336833263334733
0.08649827003459931,0.06545869082618348
0.15795684086318273,0.10661786764264715
0.5715485690286195,0.5767284654306915
0.04333913321733565,0.11653766924661507
0.07947841043179137,0.07461850762984741
0.06933861322773545,0.0759184816303674
0.45741085178296437,0.3869722605547889
0.08051838963220737,0.07975840483190337
0.24285514289714208,0.10249795004099918
0.8673826523469531,0.9289414211715766
0.7609247815043699,0.881402371952561
0.10873782524349514,0.19425611487770245
0.7916241675166497,0.751504969900602
0.8029639407211856,0.8151436971260575
0.3314933701325974,0.371112577748445
0.2911341773164537,0.3159336813263735
0.6656266874662506,0.6049879002419952
0.6640467190656187,0.6992860142797145
0.09821803563928722,0.14419711605767885
0.26641467170656585,0.2591148177036459
0.24687506249875002,0.1884762304753905
0.00509989800203996,0.03011939761204776
0.25845483090338195,0.2629547409051819
0.48001039979200416,0.624827503449931
0.1368972620547589,0.2111757764844703
0.15629687406251874,0.15465690686186276
0.14783704325913483,0.2269354612907742
0.2788944221115578,0.502029959400812
0.6554268914621708,0.629387412251755
0.5244295114097718,0.503209935801284
0.13329733405331895,0.2817543649127018
0.06189876202475951,0.057198856022879545
0.11803763924721505,0.19201615967680646
0.44399112017759645,0.3358332833343333
0.4066318673626528,0.36731265374692507
0.511389772204556,0.7850242995140098
0.6668666626667467,0.7611647767044659
0.5441291174176517,0.49395012099758007
0.7849043019139618,0.7226455470890583
0.08445831083378333,0.15507689846203077
0.6725265494690107,0.627507449851003
0.7166256674866502,0.7264854702905942
0.6922661546769064,0.6757464850702987
0.2907141857162857,0.38251234975300497
0.4388112237755245,0.5173096538069238
0.7277654446911062,0.7148057038859223
0.37943241135177297,0.6082878342433151
0.5381692366152677,0.4659306813863723
0.2380952380952381,0.23319533609327814
0.7469650606987861,0.6656866862662747
0.8427231455370893,0.8061838763224736
0.3585928281434371,0.4472110557788844
0.9886002279954401,0.9884002319953601
0.06195876082478351,0.0631187376252475
0.05503889922201556,0.1361572768544629
0.018099638007239856,0.004519909601807964
0.373072538549229,0.49609007819843604
0.7787444251114978,0.8116837663246735
0.09477810443791125,0.06595868082638348
0.7601647967040659,0.7913841723165537
0.02767944641107178,0.01733965320693586
0.14427711445771085,0.15527689446211076
0.07209855802883942,0.03161936761264775
0.28543429131417375,0.13697726045479092
0.5965080698386033,0.6415671686566269
0.0012799744005119898,0.6135677286454271
0.632687346253075,0.4188716225675487
0.9431811363772725,0.5856082878342433
0.0862182756344873,0.06775864482710346
0.6139677206455871,0.47417051658966825
0.3607727845443091,0.34437311253774927
0.9964800703985921,0.9891002179956401
0.11669766604667907,0.0890782184356313
0.9465610687786244,0.9567808643827124
0.8098438031239376,0.7881642367152657
0.29939401211975764,0.3152736945261095
0.30231395372092557,0.49727005459890805
0.5327293454130918,0.25731485370292595
0.7726245475090499,0.30627387452250954
0.3169736605267895,0.2740345193096138
0.36063278734425314,0.33781324373512533
0.9170016599668007,0.9145217095658087
0.5851082978340434,0.504009919801604
0.22813543729125418,0.23407531849363014
0.5412691746165077,0.47023059538809225
0.17173656526869463,0.16997660046799065
0.9418811623767525,0.9413611727765445
0.7964440711185776,0.8166436671266575
0.3134737305253895,0.31483370332593347
0.4934101317973641,0.49623007539849207
0.4960500789984201,0.7678246435071299
0.020939581208375833,0.04673906521869563
0.2360152796944061,0.10827783444331114
0.5458890822183556,0.5197696046079079
0.2877742445151097,0.6428671426571468
0.7577448451030979,0.7819043619127618
0.18223635527289456,0.2134557308853823
0.41925161496770064,0.4599708005839883
0.38317233655326893,0.22163556728865424
0.12099758004839904,0.20635587288254237
0.8993420131597368,0.9058418831623368
0.13295734085318295,0.126537469250615
0.3162336753264935,0.30019399612007763
0.882462350752985,0.8351432971340573
0.3276134477310454,0.5288894222115558
0.25433491330173397,0.34221315573688527
0.7930041399172016,0.8336233275334494
0.39803203935921283,0.3232735345293094
0.5743285134297315,0.5576288474230515
0.5911681766364673,0.8305233895322094
0.5829883402331953,0.7235455290894183
0.21783564328713426,0.23215535689286215
0.45663086738265235,0.44747105057898845
0.45999080018399635,0.40587188256234874
0.5506489870202597,0.5401091978160437
0.33211335773284534,0.3006939861202776
0.7801843963120738,0.7602447951040979
0.9604407911841764,0.9538609227815444
0.5688686226275474,0.4639507209855803
0.4440111197776045,0.4946701065978681
0.6071078578428432,0.5726085478290435
0.8299634007319854,0.6819863602727946
0.24737505249895003,0.6965660686786265
0.9049819003619928,0.9020219595608088
0.370832583348333,0.14617707645847083
0.9338013239735206,0.9434811303773925
0.9829203415931682,0.9822003559928801
0.4149917001659967,0.33353332933341334
0.30649387012259754,0.6377872442551149
0.1363572728545429,0.17177656446871062
0.8902621947561049,0.8946621067578648
0.05593888122237555,0.08085838283234335
0.8324633507329854,0.885642287154257
0.10565788684226315,0.1019579608407832
0.2712345753084938,0.2246755064898702
0.8267034659306814,0.8185036299274014
0.7053658926821463,0.6705865882682347
0.36027279454410915,0.3499730005399892
0.8154236915261696,0.8363832723345533
0.2922341553168937,0.3012739745205096
0.14337713245735087,0.12659746805063898
0.39607207855842885,0.34585308293834127
0.17123657526849465,0.1379772404551909
0.4922701545969081,0.5244695106097879
0.50064998700026,0.7016659666806664
0.7262254754904902,0.7755044899102018
0.02255954880902382,0.038579228415431696
0.6709865802683946,0.18041639167216655
0.5637287254254915,0.5759084818303634
0.4637907241855163,0.45091098178036443
0.9221815563688727,0.4402311953760925
0.09245815083698326,0.07151856962860743
0.8618227635447291,0.8617227655446892
0.0887182256354873,0.1491170176596468
0.14275714485710286,0.10397792044159117
0.7342853142937141,0.5406691866162677
0.9738005239895202,0.9730005399892002
0.14299714005719885,0.11763764724705507
0.6700065998680027,0.1627167456650867
0.9130017399652007,0.8911221775564488
0.6755464890702186,0.6934261314773704
0.2014559708805824,0.1858762824743505
0.4518709625807484,0.48277034459310814
0.41283174336513273,0.40699186016279676
0.3999320013599728,0.5253694926101479
0.9939401211975761,0.9947001059978801
0.5677286454270914,0.5723485530289394
0.4143917121657567,0.24361512769744606
0.41517169656606867,0.4874502509949801
0.3645927081458371,0.3153936921261575
0.04905901881962361,0.037239255214895704
0.9145017099658007,0.7731845363092739
0.16827663446731067,0.24689506209875803
0.9059418811623768,0.8555228895422092
0.15339693206135877,0.1499370012599748
0.4651506969860603,0.2920541589168217
0.4636107277854443,0.4768704625907482
0.14009719805603887,0.39945201095978083
0.6684866302673946,0.6544669106617867
0.4612707745845083,0.18331633367332653
0.505789884202316,0.5487490250194996
0.6661666766664667,0.5464690706185876
0.2153756924861503,0.18353632927341454
0.12891742165156697,0.3645927081458371
0.17739645207095858,0.14495710085798286
0.14175716485670287,0.12337753244935101
0.9921801563968721,0.996320073598528
0.8445831083378332,0.8213435731285375
0.35445291094178116,0.5942281154376913
0.43245135097298054,0.7059058818823624
0.2610747785044299,0.021599568008639828
0.37595248095038103,0.38007239855202896
0.626947461050779,0.45741085178296437
0.0009599808003839924,0.000999980000399992
0.4280114397712046,0.45685086298274036
0.9402211955760885,0.9448011039779205
0.24723505529889403,0.3528329433411332
0.8656226875462492,0.8593628127437452
0.07301853962920742,0.12375752484950302
0.9561008779824404,0.9588608227835443
0.8613027739445211,0.8213235735285295
0.6481270374592508,0.6695266094678106
0.17167656646867063,0.15795684086318273
0.06079878402431951,0.06551868962620748
0.49241015179696407,0.2774544509109818
0.8252434951300974,0.8298834023319533
0.615427691446171,0.6445471090578189
0.16979660406791866,0.1512169756604868
0.06095878082438352,0.29979400411991763
0.0501389972200556,0.023559528809423812
0.1981360372792544,0.09509809803803924
0.9380212395752086,0.873862522749545
0.2795944081118378,0.2763144737105258
0.9472210555788885,0.9460410791784165
0.254954900901982,0.23265534689306214
0.7105857882842344,0.630827383452331
0.8917821643567129,0.8893822123557529
0.018059638807223857,0.020379592408151837
0.748285034299314,0.635207295854083
0.019239615207695848,0.02151956960860783
0.2641947161056779,0.24643507129857403
0.6771264574708507,0.4652306953860923
0.18107637847243055,0.15269694606107878
0.8755024899502011,0.8486830263394732
0.2847743045139097,0.38727225455490893
0.9076818463630728,0.9210015799684007
0.07339853202935942,0.08405831883362333
0.8926821463570729,0.882782344353113
0.632267354652907,0.630767384652307
0.8164636707265855,0.758844823103538
0.39501209975800483,0.43867122657546853
0.4506509869802604,0.378972420551589
0.4382512349753005,0.49397012059758805
0.6540269194616108,0.505909881802364
0.39563208735825284,0.45377092458150836
0.7721645567088659,0.8493230135397293
0.3627527449451011,0.25891482170356594
0.5863482730345393,0.627287454250915
0.5717085658286835,0.5291494170116597
0.08829823403531929,0.09197816043679127
0.373972520549589,0.2134157316853663
0.23479530409391813,0.5591488170236596
0.5908481830363393,0.6015879682406352
0.14573708525829485,0.6913061738765225
0.8602827943441131,0.8892422151556969
0.4032319353612928,0.5763484730305394
0.8480830383392333,0.9051018979620408
0.7694846103077939,0.8051038979220416
0.48423031539369216,0.4013319733605328
0.373932521349573,0.370372592548149
0.3632527349453011,0.04639907201855963
0.42117157656846865,0.39333213335733286
0.16617667646647066,0.1991160176796464
0.8249635007299855,0.5224095518089639
0.9608407831843363,0.9678606427871443
0.1995960080798384,0.11989760204795905
0.38509229815403695,0.4867102657946841
0.7053058938821224,0.08215835683286335
0.8537029259414812,0.8731025379492411
0.8989420211595769,0.8455030899382012
0.5569688606227876,0.5614687706245876
0.9587208255834884,0.8014039719205616
0.873182536349273,0.8927621447571049
0.7125257494850104,0.7288854222915542
0.14399712005759885,0.12195756084878302
0.5227295454090919,0.5581088378232436
0.6324073518529629,0.6916661666766665
0.41059178816423675,0.3926321473570529
0.1605167896642067,0.18319633607327854
0.8581228375432491,0.8917821643567129
0.13391732165356693,0.14437711245775084
0.1657766844663107,0.1993160136797264
0.015719685606287875,0.012099758004839903
0.6874462510749785,0.8568828623427531
0.627507449851003,0.6685466290674187
0.015659686806263874,0.03337933241335173
0.4255714885702286,0.3461330773384532
0.7317653646927061,0.749885002299954
0.059318813623727526,0.06705865882682346
0.22811543769124618,0.253354932901342
0.6976660466790664,0.5221895562088759
0.038359232815343695,0.028099438011239777
0.7304453910921782,0.7704645907081858
0.5222495550088998,0.5305093898122037
0.7625047499050019,0.32301353972920543
0.23083538329233416,0.24559508809823805
0.7255054898902022,0.5163296734065319
0.379412411751765,0.3074338513229736
0.20505589888202236,0.3392132157356853
0.7868642627147457,0.9062818743625127
0.8590428191436171,0.7790644187116258
0.8058038839223216,0.6654066918661627
0.7941641167176656,0.7403451930961381
0.8441831163376733,0.7883442331153377
0.037019259614807704,0.22941541169176619
0.23245535089298214,0.22127557448851023
0.04653906921861563,0.06823863522729545
0.7714045719085618,0.7862042759144817
0.0887782244355113,0.08015839683206336
0.5948881022379553,0.44569108617827646
0.6909061818763625,0.8357232855342893
0.9489810203795924,0.7395652086958261
0.14585708285834284,0.3110137797244055
0.22955540889182216,0.22027559448811024
0.29499410011799765,0.29041419171616567
0.8011839763204737,0.19791604167916643
0.1879362412751745,0.10477790444191117
0.6529069418611628,0.6197276054478911
0.5415091698166037,0.5536089278214436
0.8895622087558249,0.881842363152737
0.46893062138757224,0.629927401451971
0.5461690766184677,0.5196096078078438
0.18399632007359853,0.1382572348553029
0.9028019439611208,0.9060818783624328
0.19555608887822246,0.26979460410791783
0.06491870162596748,0.06717865642687146
0.8705625887482251,0.8518829623407532
0.21713565728685427,0.2733545329093418
0.25137497250055,0.31985360292794146
0.9670406591868163,0.9576208475830483
0.8215235695286095,0.8138437231255375
0.5060698786024279,0.2606147877042459
0.5279494410111798,0.28435431291374175
0.36925261494770106,0.39339213215735686
0.30841383172336556,0.34329313413731727
0.2128957420851583,0.23591528169436612
0.6729065418691627,0.7642647147057059
0.3133937321253575,0.18485630287394253
0.8630427391452171,0.8607427851442971
0.21971560568788626,0.252634947301054
0.5846883062338754,0.7074058518829623
0.8144437111257775,0.8709425811483771
0.759364812703746,0.5519489610207796
0.48053038939221215,0.4290314193716126
0.9863202735945281,0.9851002979940402
0.877742445151097,0.9323213535729286
0.06099878002439951,0.06649867002659947
0.41965160696786064,0.37983240335193297
0.8464230715385692,0.8470630587388253
0.764664706705866,0.7191256174876502
0.1127177456450871,0.22001559968800624
0.9019019619607608,0.8890222195556089
0.2006359872802544,0.44803103937921246
0.0998380032399352,0.0753384932301354
0.7434451310973781,0.4780704385912282
0.8831623367532649,0.8665026699466011
0.874562508749825,0.4078318433631328
0.44971100577988443,0.5526689466210676
0.0880582388352233,0.10671786564268715
0.751084978300434,0.760904781904362
0.513209735805284,0.5542289154216916
0.2787344253114938,0.2719145617087658
0.7277454450910982,0.6796864062718746
0.9207215855682886,0.9186816263674726
0.8228635427291454,0.7886242275154497
0.501589968200636,0.3036139277214456
0.9430411391772164,0.9519809603807924
0.8558228835423292,0.2406751864962701
0.9794004119917602,0.9816003679926402
0.2990740185196296,0.3040539189216216
0.7795044099118018,0.9572608547829043
0.2708945821083578,0.2257754844903102
0.07775844483110338,0.2663746725065499
0.7970440591188177,0.7853242935141297
0.5216495670086598,0.4357712845743085
0.3481330373392532,0.40795184096318077
0.4057718845623088,0.4378512429751405
0.6194676106477871,0.7766244675106498
0.625307493850123,0.4506909861802764
0.9390012199756005,0.9190016199676007
0.04755904881902362,0.021059578808423834
0.7904441911161777,0.7888842223155537
0.09365812683746326,0.05257894842103158
0.9720605587888242,0.9392412151756965
0.40609187816243675,0.38411231775364496
0.2361552768944621,0.26257474850502993
0.2614547709045819,0.3544129117417652
0.8895422091558169,0.876042479150417
0.42895142097158057,0.4034919301613968
0.8711425771484571,0.8640027199456011
0.6054278914421711,0.6479070418591628
0.09873802523949521,0.125117497650047
0.15965680686386272,0.09393812123757525
0.39293214135717286,0.3431531369372613
0.632147357052859,0.5658286834263315
0.5364092718145638,0.4368112637747245
0.12757744845103097,0.125357492850143
0.030879382412351754,0.24773504529909401
0.45989080218395634,0.5186496270074599
0.4631907361852763,0.48503029939401215
0.9778804423911522,0.9818603627927441
0.3998120037599248,0.4779104417911642
0.886342273154537,0.9069418611627768
0.6348073038539229,0.4000919981600368
0.9624807503849924,0.9321813563728726
0.052378952420951586,0.039259214815703686
0.3132537349253015,0.33269334613307733
0.31437371252574947,0.33323333533329336
0.4042119157616848,0.44609107817843646
0.5765484690306194,0.5430491390172196
0.17295654086918263,0.16771664566708666
0.9400611987760246,0.9476010479790404
0.24887502249955,0.4148517029659407
0.40827183456330873,0.9195616087678247
0.7229055418891622,0.6224475510489791
0.2125557488850223,0.19621607567848642
0.7003059938801224,0.6446071078578429
0.6824863502729945,0.9528609427811444
0.9617407651846963,0.9291014179716406
0.8527629447411053,0.872582548349033
0.623107537849243,0.22445551088978222
0.8343033139337214,0.8146437071258575
0.6331073378532429,0.6434871302573949
0.2391952160956781,0.25849483010339797
0.41191176176476474,0.16025679486410271
0.5378492430151397,0.4907901841963161
0.30877382452350954,0.30961380772384556
0.17997640047199057,0.11605767884642308
0.04859902801943961,0.061838763224735506
0.3031339373212536,0.22217555648887022
0.8458030839383213,0.9041619167616648
0.011419771604567908,0.013099738005239895
0.2905141897162057,0.1742365152696946
0.02389952200955981,0.029539409211815765
0.22173556528869423,0.3047939041219176
0.25611487770244595,0.35987280254394916
0.04881902361952761,0.041679166416671666
0.8957620847583049,0.8939421211575769
0.19677606447871043,0.33079338413231735
0.247935041299174,0.22195556088878224
0.19025619487610249,0.17413651726965462
0.626867462650747,0.08301833963320734
0.8227635447291054,0.7994240115197696
0.2267154656906862,0.1866962660746785
0.8240435191296175,0.8372232555348893
0.6401471970560589,0.5792684146317074
0.8518229635407292,0.8284834303313934
0.6018879622407552,0.5494490110197796
0.2909541809163817,0.3911521769564609
0.9270614587708246,0.9212815743685127
0.377532449351013,0.4475710485790284
0.1879162416751665,0.16127677446451072
0.46063078738425234,0.4780904381912362
0.8200835983280335,0.8078238435231295
0.748405031899362,0.7110657786844263
0.1774164516709666,0.6084878302433951
0.43039139217215655,0.4388312233755325
0.512409751804964,0.3247935041299174
0.501929961400772,0.46881062378752425
0.6934661306773865,0.7399052018959621
0.6154876902461951,0.7374452510949782
0.9551808963820724,0.9585608287834244
0.2002159956800864,0.15561688766224677
0.5299294014119718,0.5525089498210036
0.05177896442071159,0.20423591528169438
0.5608687826243476,0.49349013019739607
0.5507689846203077,0.4804503909921802
0.24329513409731807,0.40603187936241275
0.8123037539249215,0.6051478970420592
0.6628467430651387,0.623467530649387
0.4930101397972041,0.4528309433811324
0.6610067798644027,0.6628867422651548
0.9566208675826484,0.9420411591768165
0.9134617307653847,0.8745825083498331
0.501729965400692,0.5961880762384753
0.76212475750485,0.7730845383092338
0.3501329973400532,0.19597608047839044
0.7220255594888102,0.8949621007579849
0.998820023599528,0.999080018399632
0.6000279994400112,0.5889482210355793
0.5638087238255235,0.6027279454410912
0.9387812243755125,0.9238215235695286
0.47069058618827625,0.4395912081758365
0.5159296814063719,0.5423491530169396
0.124637507249855,0.020499590008199838
0.6644467110657787,0.5916481670366592
0.010499790004199917,0.009839803203935921
0.8716025679486411,0.875222495550089
0.7836843263134737,0.5242095158096838
0.50494990100198,0.49527009459810806
0.29455410891782163,0.2918341633167337
0.6734665306693867,0.6617867642647147
0.09175816483670327,0.2692346153076939
0.44439111217775645,0.45735085298294037
0.7752244955100899,0.9027219455610888
0.6938261234775305,0.7008459830803384
0.626467470650587,0.4590508189836203
0.04893902121957561,0.1382972340553189
0.00891982160356793,0.00885982280354393
0.7721045579088418,0.7991240175196497
0.5448291034179317,0.5093898122037559
0.627067458650827,0.7109457810843783
0.9773004539909202,0.9718605627887442
0.10459790804183916,0.1013979720405592
0.23349533009339815,0.23637527249455012
0.15727685446291076,0.047919041619167616
0.10935781284374313,0.0503189936201276
0.014459710805783885,0.0124797504049919
0.8511829763404732,0.8534229315413692
0.7900241995160097,0.8001839963200736
0.9780004399912002,0.8077038459230815
0.3662526749465011,0.35815283694326117
0.7125457490850183,0.6810263794724106
0.4222915541689166,0.6072278554428912
0.9603607927841443,0.9664806703865924
0.6721065578688427,0.4131317373652527
0.9879402411951761,0.9700205995880082
0.8262034759304814,0.8567628647427051
0.29745405091898164,0.30889382212355754
0.003379932401351973,0.0051998960020799585
0.019679606407871843,0.05311893762124758
0.887122257554849,0.8956620867582649
0.8949221015579689,0.8506829863402732
0.9785404291914163,0.9817603647927042
0.7823643527129458,0.8934621307573849
0.5222095558088838,0.15925681486370274
0.6549469010619788,0.32277354452910945
0.49277014459710805,0.7138857222855544
0.4385112297754045,0.2673946521069579
0.4012119757604848,0.34547309053818925
0.9855202895942081,0.9905601887962241
0.2878142437151257,0.20307593848123037
0.7188056238875222,0.7886642267154658
0.19453610927781445,0.14781704365912682
0.4542509149817004,0.5302893942121157
0.6632667346653067,0.07249855002899942
0.4907901841963161,0.5207495850082998
0.8998620027599449,0.2129357412851743
0.8451230975380493,0.869262614747705
0.23771524569508612,0.2634547309053819
0.024399512009759806,0.027939441211175777
0.8382832343353134,0.8543629127417451
0.9796604067918642,0.9834203315933682
0.9285614287714246,0.9398412031759366
0.9084818303633928,0.8963420731585369
0.3582528349433011,0.37187256254874906
0.6293274134517309,0.6832863342733145
0.8865822683546329,0.9351212975740486
0.5691686166276675,0.6393872122557549
0.9703205935881283,0.9677006459870803
0.7702645947081058,0.8223435531289375
0.9372212555748886,0.9266614667706646
0.4872502549949001,0.5431291374172517
0.34343313133737324,0.18545629087418253
0.5743085138297235,0.2909541809163817
0.6714865702685947,0.7245655086898263
0.6008479830403393,0.5880282394352113
0.6998860022799545,0.6736065278694426
0.35433291334173317,0.379452410951781
0.4910101797964041,0.635427291454171
0.6691266174676507,0.375772484550309
0.47333053338933223,0.38653226935461293
0.6051678966420672,0.32953340933181335
0.5203895922081558,0.5207095858082839
0.7205055898882022,0.6093878122437552
0.7276254474910502,0.7154056918861623
0.3391932161356773,0.4538909221815564
0.27147457050858986,0.2837543249135017
0.632707345853083,0.6709065818683626
0.6012279754404912,0.07889842203155938
0.8527229455410892,0.884742305153897
0.2370152596948061,0.19105617887642248
0.631787364252715,0.8027839443211136
0.7093258134837304,0.7918041639167217
0.628647427051459,0.5761484770304595
0.4917501649967001,0.5187896242075158
0.4488710225795484,0.3524729505409892
0.9609607807843843,0.9498410031799365
0.744885102297954,0.6783864322713546
0.008119837603247936,0.013239735205295894
0.7306453870922581,0.762244755104898
0.030539389212215756,0.017939641207175856
0.7919041619167617,0.6970060598788025
0.6359472810543789,0.5637287254254915
0.7670846583068339,0.4735105297894042
0.8438031239375213,0.6647667046659067
0.1732365352692946,0.20551588968220635
0.5810883782324354,0.6076878462430751
0.28339433211335774,0.28323433531329373
0.9048019039619208,0.9322413551728965
0.22431551368972621,0.38355232895342095
0.49535009299814003,0.4797504049919002
0.07083858322833543,0.0996380072398552
0.6734065318693626,0.5802483950320994
0.7763444731105378,0.8060838783224336
0.32147357052858944,0.43147137057258855
0.5806683866322674,0.5297294054118917
0.8842223155536889,0.880102397952041
0.6936261274774504,0.6641467170656588
0.8875422491550169,0.8186236275274494
0.7738445231095379,0.76442471150577
0.884182316353673,0.9115017699646007
0.753544929101418,0.7269854602907942
0.8645627087458251,0.8739225215495691
0.5813283734325314,0.48279034419311617
0.4887702245955081,0.5296694066118678
0.1374372512549749,0.13457730845383092
0.5429891402171957,0.5177096458070839
0.8986620267594648,0.7681646367072659
0.04215915681686366,0.03383932321353573
0.5351092978140437,0.4896302073958521
0.8146437071258575,0.8164436711265775
0.623907521849563,0.623167536649267
0.18177636447271056,0.3488130237395252
0.16929661406771865,0.21651566968660627
0.2800543989120218,0.4250914981700366
0.5150296994060118,0.41055178896422073
0.2143157136857263,0.22915541689166216
0.19419611607767845,0.16801663966720667
0.8015839683206336,0.752164956700866
0.42081158376832467,0.37011259774804506
0.5785884282314354,0.5845083098338033
0.17341653166936663,0.08657826843463132
0.46109077818443633,0.3506129877402452
0.4891702165956681,0.49413011739765206
0.7341053178936422,0.7414851702965941
0.5453890922181557,0.4033719325613488
0.054258914821703565,0.035739285214295716
0.1009379812403752,0.08343833123337534
0.7404251914961701,0.8053638927221456
0.7766644667106658,0.8228235435291295
0.6512669746605068,0.6467070658586829
0.4618507629847403,0.6724665506689866
0.4746105077898442,0.5183696326073479
0.0019599608007839844,0.0016799664006719867
0.2836343273134537,0.50334993300134
0.07351852962940741,0.09821803563928722
0.4854702905941881,0.505789884202316
0.760284794304114,0.8241235175296494
0.7118857622847543,0.6834263314733705
0.9927601447971041,0.9926401471970561
0.8065438691226176,0.8062838743225136
0.5861682766344674,0.8330233395332094
0.02877942441151177,0.016699666006679867
0.22191556168876622,0.1647167056658867
0.3528329433411332,0.5357092858142838
0.008079838403231936,0.006419871602567949
0.029879402411951764,0.023359532809343813
0.5829683406331874,0.6848263034739306
0.5152496950060999,0.14279714405711885
0.8084238315233696,0.7206055878882422
0.6536069278614428,0.5208095838083239
0.3537329253414932,0.48487030259394814
0.7380252394952102,0.6424071518569628
0.03615927681446371,0.05129897402051959
0.5938281234375312,0.5614287714245715
0.6946661066778664,0.7817843643127138
0.8125637487250256,0.889062218755625
0.24635507289854203,0.4741905161896762
0.6792864142717145,0.6515669686606268
0.06499870002599949,0.11059778804423911
0.33827323453530933,0.3460730785384292
0.8168036639267215,0.6902261954760905
0.45553088938221237,0.4915701685966281
0.6785064298714026,0.7698446031079379
0.30409391812163755,0.2744545109097818
0.4761704765904682,0.3161736765264695
0.8010039799204016,0.75732485350293
0.7846243075138497,0.9321213575728485
0.5260694786104279,0.5245095098098038
0.5859882802343953,0.5723285534289314
0.16647667046659068,0.38585228295434093
0.7665846683066339,0.6438471230575389
0.6503869922601548,0.5430891382172357
0.5197496050078999,0.4910701785964281
0.045399092018159636,0.059618807623847525
0.15747685046299076,0.1650966980660387
0.9930601387972241,0.993680126397472
0.5175496490070198,0.37211255774884505
0.9494810103797925,0.9498810023799524
0.03373932521349573,0.2757544849103018
0.4738105237895242,0.5909881802363953
0.38093238135237295,0.34577308453830924
0.7711245775084499,0.616347673046539
0.5957480850382992,0.5624887502249956
0.02121957560848783,0.03577928441431172
0.8474030519389613,0.8593828123437531
0.9869802603947921,0.9867602647947041
0.056398872022559554,0.04345913081738365
0.16589668206635869,0.17073658526829463
0.08115837683246335,0.0886382272354553
0.3673926521469571,0.38447231055378894
0.251294974100518,0.12901741965160698
0.7405451890962181,0.7034659306813864
0.6098478030439392,0.5712885742285154
0.6471670566588669,0.6452270954580909
0.9538409231815363,0.8830623387532249
0.4161916761664767,0.5421091578168437
0.18303633927321455,0.1128377432451351
0.18329633407331855,0.21149577008459833
0.47067058658826827,0.42919141617167655
0.8690026199476011,0.8253834923301534
0.6391472170556589,0.6337673246535069
0.9965000699986001,0.9970600587988241
0.507109857802844,0.7446851062978741
0.03335933281334373,0.030699386012279756
0.34783304333913323,0.3241935161296774
0.6950260994780104,0.6800663986720266
0.6361872762544749,0.7020059598808024
0.1642567148657027,0.1370972580548389
0.9435811283774325,0.9534809303813924
0.43305133897322057,0.3644127117457651
0.3233735325293494,0.373072538549229
0.020999580008399833,0.03275934481310374
0.4596308073838523,0.4031919361612768
0.8270234595308094,0.7869242615147697
0.7953440931181377,0.874062518749625
0.3102337953240935,0.508429831403372
0.0630187396252075,0.06135877282454351
0.013139737205255896,0.011539769204615908
0.5576888462230756,0.6201475970480591
0.371512569748605,0.39121217575648487
0.1873362532749345,0.20663586728265435
0.3520329593408132,0.3129337413251735
0.3490330193396132,0.3167536649267015
0.4785904281914362,0.29203415931681365
0.6502469950600989,0.6419071618567629
0.29335413291734164,0.3425931481370373
0.7921241575168497,0.7253854922901543
0.5316293674126518,0.48081038379232416
0.08405831883362333,0.4141517169656607
0.2878742425151497,0.2611747765044699
0.18183636327273456,0.20587588248235036
0.3236535269294614,0.5306293874122517
0.250034999300014,0.23059538809223817
0.0252394952100958,0.05433891322173557
0.9396612067758645,0.9458410831783365
0.19467610647787045,0.18365632687346253
0.3892322153556929,0.36223275534489313
0.3551128977420452,0.4275114497710046
0.16861662766744664,0.9935601287974241
0.498790024199516,0.5377892442151158
0.6068078638427231,0.4263514729705406
0.4285714285714286,0.5356092878142438
0.7236655266894663,0.506889862202756
0.03277934441311174,0.025459490810183796
0.9320213595728086,0.9297214055718886
0.1999960000799984,0.3035939281214376
0.15925681486370274,0.2145157096858063
0.6685266294674107,0.17131657366852662
0.6617867642647147,0.7929041419171616
0.2811943761124778,0.32173356532869346
0.8510629787404252,0.8696826063478731
0.4603707925841483,0.4047519049619008
0.5730085398292034,0.5823683526329474
0.49641007179856406,0.6658466830663387
0.8168636627267455,0.8925221495570089
0.5187496250074999,0.29663406731865366
0.04717905641887162,0.012019759604807905
0.7973840523189536,0.6668266634667307
0.18395632087358255,0.0747985040299194
0.12961740765184696,0.052078958420831586
0.7478850422991541,0.7838443231135378
0.5296294074118518,0.7460650786984261
0.24163516729665407,0.29081418371632567
0.5919681606367873,0.7446051078978421
0.23251534969300613,0.11893762124757505
0.15985680286394272,0.4065118697626048
0.0043399132017359655,0.003919921601567969
0.44457110857782844,0.46635067298654026
0.37967240655186896,0.4440711185776285
0.7264054718905623,0.7299454010919781
0.7200055998880023,0.7437051258974821
0.11657766844663107,0.17117657646847065
0.7974240515189697,0.6305873882522349
0.7111257774844504,0.6828463430731385
0.6952860942781145,0.7187656246875063
0.2141557168856623,0.28209435811283773
0.13599728005439893,0.4321313573728526
0.5898882022359553,0.5200695986080278
0.25857482850342994,0.2843943121137577
0.24351512969740607,0.22215555688886224
0.25651486970260595,0.3023739525209496
0.7385052298954021,0.6596068078638427
0.5925681486370272,0.7829243415131698
0.6069078618427631,0.7425651486970261
0.028079438411231776,0.04399912001759965
0.22943541129177417,0.4267314653706926
0.6048879022419552,0.9373412531749366
0.2125157496850063,0.12929741405171896
0.33057338853222934,0.20639587208255836
0.6481670366592668,0.6141277174456511
0.1515769684606308,0.13139737205255894
0.4236715265694686,0.6323073538529229
0.9950000999980001,0.9961200775984481
0.015319693606127878,0.002879942401151977
0.4859902801943961,0.3639727205455891
0.22075558488830224,0.3355532889342213
0.06105877882442352,0.13083738325233496
0.05361892762144757,0.18703625927481451
0.9698606027879443,0.9688006239875203
0.2261554768904622,0.5683486330273395
0.04289914201715966,0.08465830683386333
0.08585828283434331,0.2879542409151817
0.1882162356752865,0.17405651886962262
0.8067638647227056,0.8225835483290335
0.6091678166436671,0.5296494070118598
0.5973680526389472,0.636367272654547
0.6924661506769865,0.7255654886902262
0.36873262534749307,0.36951260974780503
0.5445491090178196,0.4834703305933882
0.21147577048459032,0.15419691606167876
0.21881562368752625,0.1755364892702146
0.30557388852222955,0.33351332973340536
0.35547289054218917,0.26911461770764583
0.6818663626727466,0.6019079618407632
0.7771644567108658,0.6916461670766585
0.021639567208655827,0.02639947201055979
0.374852502949941,0.47051058978820426
0.5436691266174677,0.6754664906701866
0.3887922241555169,0.3500729985400292
0.05967880642387152,0.08663826723465531
0.7072258554828904,0.6669066618667627
0.36755264894702105,0.29333413331733366
0.5335893282134357,0.7519049619007621
0.6750264994700106,0.6726065478690426
0.20637587248255035,0.18473630527389454
0.3916521669566609,0.39607207855842885
0.3096538069238615,0.09571808563828724
0.633287334253315,0.6490470190596188
0.370772584548309,0.19331613367732647
0.9705205895882083,0.9516409671806564
0.8538029239415212,0.8170836583268335
0.5456890862182756,0.49945001099978004
0.24553508929821405,0.20769584608307834
0.4261914761704766,0.38617227655446895
0.9645007099858003,0.9647407051858963
0.8631227375452492,0.5323893522129558
0.37013259734805304,0.3313933721325574
0.5749885002299954,0.5812083758324834
0.9001819963600728,0.9077818443631128
0.03011939761204776,0.03951920961580768
0.505569888602228,0.6652866942661148
0.6123877522449551,0.7318253634927302
0.9424211515769685,0.9505409891802165
0.43357132857342856,0.5840483190336193
0.8924421511569769,0.9422011559768805
0.4876502469950601,0.5641487170256595
0.32323353532929344,0.35509289814203715
0.0620987580248395,0.07773844523109538
0.6673066538669227,0.630847383052339
0.6336673266534669,0.6224675506489871
0.18095638087238256,0.4869702605947881
0.23651526969460612,0.24291514169716608
0.11987760244795105,0.1376172476550469
0.5420491590168197,0.6141677166456672
0.632727345453091,0.6467270654586909
0.5407491850162996,0.5127897442051159
0.754664906701866,0.8189036219275615
0.026959460810783785,0.02757944841103178
0.8532229355412893,0.8637627247455051
0.7084658306833863,0.7574048519029619
0.11081778364432712,0.13631727365452692
0.1621167576648467,0.13657726845463092
0.9634807303853923,0.9116817663646727
0.31973360532789347,0.5605087898242035
0.7414051718965621,0.32199356012879743
0.45561088778224434,0.6907861842763146
0.7201655966880662,0.9678006439871203
0.018579628407431853,0.013519729605407892
0.49441011179776406,0.5924281514369713
0.09155816883662327,0.1120177596448071
0.17859642807143858,0.1882762344753105
0.9019819603607928,0.873542529149417
0.24077518449631008,0.23619527609447813
0.4766304673906522,0.39475210495790086
0.5695886082278354,0.5290494190116198
0.8054838903221936,0.8283634327313454
0.6893262134757305,0.6849263014739705
0.8140037199256015,0.9143217135657287
0.16711665766684666,0.17247655046899063
0.3363132737345253,0.37233255334893306
0.6162676746465071,0.4168116637667247
0.2882742345153097,0.3611727765444691
0.628327433451331,0.6430471390572189
0.5962280754384912,0.6426671466570669
0.753384932301354,0.6145277094458111
0.4154916901661967,0.41563168736625267
0.1390172196556069,0.17887642247155058
0.1377372452550949,0.16805663886722266
0.5866082678346434,0.4794104117917642
0.3922721545569089,0.38143237135257296
0.7291654166916662,0.6761064778704426
0.9104417911641768,0.9258614827703446
0.15843683126337474,0.2150556988860223
0.8773424531509371,0.8668226635467291
0.23139537209255814,0.18113637727245455
0.13617727645447092,0.11433771324573509
0.2649547009059819,0.26125477490450194
0.6450070998580029,0.5856482870342593
0.2637147257054859,0.32969340613187736
0.09021819563608728,0.09063818723625527
0.15347693046139077,0.20757584848303035
0.9071818563628727,0.8206435871282575
0.8448631027379453,0.9852202955940882
0.8167436651266975,0.625267494650107
0.8567628647427051,0.8724425511489771
0.32443351132977344,0.25901481970360596
0.10431791364172717,0.1009179816403672
0.007939841203175937,0.007819843603127938
0.9645807083858323,0.9157416851662967
0.12257754844903103,0.1379172416551669
0.6767664646707066,0.6165276694466111
0.020879582408351832,0.05421891562168757
0.18319633607327854,0.23187536249275015
0.6108277834443311,0.6013679726405472
0.7096858062838743,0.6860462790744185
0.5821083578328433,0.5062698746025079
0.2736945261094778,0.40871182576348475
0.2857142857142857,0.35507289854202917
0.4211515769684607,0.5622687546249076
0.9413811723765525,0.9463810723785525
0.883902321953561,0.7742445151096978
0.5625487490250195,0.5981480370392592
0.49543009139817207,0.4074318513629728
0.7588648227035459,0.2908341833163337
0.3529529409411812,0.35577288454230915
0.4919701605967881,0.4916301673966521
0.4165716685666287,0.6656466870662587
0.5162496750064999,0.6985460290794184
0.7129657406851864,0.6668866622667546
0.9910201795964081,0.9851402971940562
0.6821463570728585,0.3195536089278215
0.630507389852203,0.7018059638807224
0.9090618187636248,0.9213415731685367
0.8965220695586089,0.9268414631707366
0.42005159896802063,0.11829763404731906
0.10455790884182317,0.0753584928301434
0.5615487690246195,0.5266294674106518
0.5672886542269154,0.4646107077858443
0.3862122757544849,0.4878702425951481
0.5668086638267235,0.5537089258214836
0.33179336413271737,0.3079938401231975
0.6832463350732986,0.7930041399172016
0.626207475850483,0.7315453690926181
0.7312853742925142,0.7565848683026339
0.884242315153697,0.876842463150737
0.4297114057718846,0.4391712165756685
0.9514609707805844,0.9172416551668967
0.379752404951901,0.40961180776384476
0.6991860162796745,0.7320853582928342
0.5230695386092278,0.6116077678446431
0.042399152016959665,0.08357832843343134
0.9767004659906802,0.9746605067898643
0.9890202195956082,0.8580628387432252
0.5535089298214035,0.5303693926121478
0.5186096278074439,0.7358652826943461
0.5243495130097399,0.6153276934461311
0.2124557508849823,0.18031639367212657
0.5382092358152837,0.39843203135937283
0.869602607947841,0.8380632387352254
0.4039519209615808,0.2982940341193176
0.254414911701766,0.2003359932801344
0.8380032399352013,0.7898642027159457
0.6573468530629387,0.7309053818923622
0.6351672966540669,0.5892882142357153
0.03273934521309574,0.039059218815623686
0.3910121797564049,0.4751304973900522
0.20409591808163838,0.1907961840763185
0.20561588768224637,0.22093558128837423
0.7249455010899782,0.747645047099058
0.40763184736305275,0.500089998200036
0.7212055758884822,0.6814063718725626
0.8828423431531369,0.8976620467590648
0.3000939981200376,0.4297114057718846
0.9089418211635768,0.9102617947641047
0.6151276974460511,0.6011079778404432
0.872742545149097,0.7327253454930902
0.2290154196916062,0.24077518449631008
0.6850462990740186,0.6950860982780345
0.631187376252475,0.6780064398712026
0.2982740345193096,0.3222335553288934
0.7792444151116978,0.4528909421811564
0.7865442691146177,0.8273034539309214
0.627447451050979,0.6362872742545149
0.5285694286114277,0.4384912301753965
0.9421211575768484,0.9358212835743286
0.749365012699746,0.7254854902901943
0.17929641407171856,0.17051658966820665
0.7968640627187457,0.7952640947181057
0.21473570528589428,0.2596748065038699
0.4818703625927482,0.5214695706085879
0.13355732885342295,0.1517769644607108
0.6048279034419312,0.6985860282794344
0.3652726945461091,0.2793144137117258
0.2728945421091578,0.34645307093858124
0.13113737725245495,0.19081618367632647
0.5412891742165157,0.624267514649707
0.747845043099138,0.759264814703706
0.8298634027319454,0.9703205935881283
0.24169516609667807,0.22305553888922222
0.27371452570948585,0.21925561488770226
0.372492550148997,0.34455310893782126
0.14351712965740684,0.13153736925261494
0.8319833603327934,0.8464830703385933
0.8737825243495131,0.8355032899342013
0.16087678246435072,0.16041679166416672
0.7271254574908502,0.6904461910761786
0.9450810983780324,0.9701405971880562
0.881142377152457,0.8666626667466651
0.08281834363312734,0.0751984960300794
0.27961440771184576,0.6801063978720426
0.5396892062158757,0.5541089178216436
0.5027499450011,0.8707225855482891
0.14101717965640687,0.24031519369612608
0.44187116257674847,0.5235095298094038
0.878902421951561,0.9677406451870962
0.1632967340653187,0.25981480370392596
0.8973420531589369,0.7992240155196896
0.5618887622247555,0.6083678326433472
0.9597008059838803,0.878242435151297
0.3113537729245415,0.37091258174836506
0.2618147637047259,0.29825403491930164
0.04967900641987161,0.04093918121637567
0.6811063778724425,0.9434611307773845
0.5502889942201156,0.7618247635047299
0.125517489650207,0.3134337313253735
0.5360492790144197,0.4509509809803804
0.6953660926781464,0.7216455670886582
0.18563628727425452,0.14251714965700688
0.7042459150816984,0.8228635427291454
0.5075498490030199,0.49569008619827604
0.25953480930381395,0.3270134597308054
0.17075658486830264,0.1766364672706546
0.5292894142117158,0.37101257974840507
0.762364752704946,0.7982640347193056
0.3264734705305894,0.2748945021099578
0.09103817923641527,0.1018579628407432
0.8141237175256495,0.8504629907401853
0.8296634067318653,0.9120817583648327
0.7965240695186097,0.7752244955100899
0.6529469410611788,0.879642407151857
0.4332113357732845,0.24151516969660608
0.5666686666266675,0.5565688686226276
0.38383232335353296,0.3897922041559169
0.7119857602847943,0.7434451310973781
0.14705705885882284,0.10411791764164717
0.4589908201835963,0.44509109817803644
0.7827843443131137,0.6008279834403312
0.3266534669306614,0.5935881282374352
0.8083838323233535,0.7943841123177536
0.9628407431851363,0.9614007719845603
0.5648687026259475,0.48047039059218816
0.0251394972100558,0.024199516009679806
0.5941681166376672,0.8510029799404012
0.5374692506149877,0.4536109277814444
0.4404511909761805,0.29335413291734164
0.4023319533609328,0.48583028339433215
0.7075458490830183,0.5750684986300274
0.31947361052778944,0.15789684206315874
0.8353832923341533,0.8057438851222976
0.4243315133697326,0.5477490450190996
0.22169556608867824,0.26755464890702185
0.9316413671726566,0.9530209395812084
0.5528089438211236,0.5854282914341713
0.39791204175916484,0.4251114977700446
0.06365872682546349,0.14139717205655888
0.1885962280754385,0.19383612327753447
0.2881942361152777,0.5821883562328753
0.2997140057198856,0.24381512369752606
0.36761264774704505,0.32041359172816547
0.5786684266314673,0.5766284674306514
0.49711005779884404,0.5454290914181716
0.7679046419071619,0.8088038239235216
0.006399872002559949,0.005539889202215956
0.8967220655586888,0.882862342753145
0.01607967840643187,0.03015939681206376
0.15975680486390273,0.2742745145097098
0.4069718605627888,0.23323533529329415
0.9327413451730966,0.4174916501669967
0.6024679506409872,0.5810683786324273
0.6039879202415952,0.6708665826683466
0.375872482550349,0.25599488010239796
0.8604427911441771,0.7826443471130577
0.758704825903482,0.6360872782544349
0.2642747145057099,0.18099638007239857
0.6659466810663787,0.6187876242475151
0.46939061218775624,0.5146097078058439
0.007479850402991941,0.00629987400251995
0.8177236455270895,0.8459430811383772
0.17817643647127057,0.17737645247095057
0.10225795484090319,0.10151796964060719
0.1504369912601748,0.17237655246895062
0.7320253594928102,0.4539109217815644
0.05281894362112758,0.045919081618367635
0.007099858002839943,0.010759784804303915
0.6344873102537949,0.5321493570128598
0.3441931161376773,0.3133937321253575
0.16977660446791065,0.19407611847763045
0.628227435451291,0.6787664246715066
0.8109837803243936,0.8603427931441372
0.07679846403071938,0.07969840603187936
0.08425831483370333,0.1136177276454471
0.6871662566748665,0.9278014439711206
0.8139037219255615,0.5964480710385792
0.99860002799944,0.998620027599448
0.7475450490990181,0.6668466630667387
0.5187096258074839,0.9263214735705286
0.6402071958560829,0.7093258134837304
0.8704825903481931,0.8514829703405932
0.00377992440151197,0.003899922001559969
0.19631607367852644,0.24201515969680606
0.9510809783804324,0.9544409111817764
0.3099938001239975,0.34021319573608527
0.15835683286334273,0.17783644327113457
0.4511709765804684,0.35605287894242116
0.17485650286994261,0.1735765284694306
0.4931901361972761,0.3434531309373813
0.29535409291814163,0.15843683126337474
0.34085318293634126,0.29495410091798163
0.16655666886662268,0.1750364992700146
0.8153036939261215,0.8368632627347453
0.6020479590408192,0.5992280154396912
0.005219895602087958,0.006659866802663947
0.22823543529129417,0.1633167336653267
0.9835403291934162,0.9738205235895282
0.8569628607427852,0.8916421671566569
0.7127657446851063,0.7239655206895862
0.12873742525149498,0.13195736085278295
0.02639947201055979,0.023579528409431814
0.42523149537009264,0.45587088258234837
0.4141917161656767,0.3893322133557329
0.8656626867462651,0.8326833463330734
0.7310453790924182,0.6695066098678026
0.6419271614567709,0.627707445851083
0.9567408651826964,0.9273814523709526
0.374892502149957,0.29189416211675767
0.8227835443291135,0.7677046459070819
0.05923881522369553,0.20439591208175836
0.2973140537189256,0.4144117117657647
0.9062218755624888,0.8552428951420972
0.6887462250754985,0.5959680806383872
0.30957380852382954,0.2910341793164137
0.6472470550588988,0.6419871602567949
0.4937101257974841,0.36845263094738107
0.07653846923061539,0.12177756444871103
0.25793484130317396,0.6130277394452112
0.3864322713545729,0.2877942441151177
0.2143557128857423,0.1512769744605108
0.9293414131717366,0.8219435611287774
0.25839483210335795,0.28383432331353375
0.1889962200755985,0.127017459650807
0.29877402451950963,0.33263334733305333
0.3388732225355493,0.27853442931141376
0.5573488530229396,0.47087058258834824
0.10919781604367913,0.7156856862862743
0.49597008059838804,0.49469010619787607
0.74932501349973,0.7998840023199536
0.9072418551628968,0.9206015879682407
0.001779964400711986,0.003639927201455971
0.6069678606427872,0.5399092018159637
0.48509029819403615,0.4389912201755965
0.026039479210415793,0.09799804003919922
0.8349233015339693,0.8694826103477931
0.503909921801564,0.5153896922061559
0.8283634327313454,0.8102837943241136
0.055878882422351554,0.039979200415991685
0.33381332373352535,0.38847223055538893
0.6897862042759145,0.6771464570708586
0.4770504589908202,0.29293414131717366
0.6745065098698027,0.42027159456810864
0.4898702025959481,0.5472690546189076
0.4350312993740125,0.5576688466230676
0.8538629227415452,0.8156236875262495
0.0036599268014639707,0.004599908001839964
0.38283234335313293,0.49139017219655606
0.9908601827963441,0.9884202315953682
0.27075458490830184,0.3102937941241175
0.376972460550789,0.35639287214255716
0.8496830063398733,0.8636827263454732
0.4766504669906602,0.5833083338333234
0.7862442751144978,0.6932061358772825
0.7417251654966901,0.7803443931121378
0.3490930181396372,0.4405911881762365
0.17119657606847863,0.15317693646127079
0.5575488490230196,0.5991880162396752
0.8423031539369213,0.6927661446771065
0.8266834663306735,0.8066038679226416
0.061138777224455515,0.06773864522709545
0.5575688486230276,0.49581008379832403
0.16999660006799863,0.3951920961580769
0.7334253314933702,0.7094858102837943
0.061118777624447514,0.11885762284754306
0.9191816163676727,0.8127037459250815
0.5427091458170836,0.5718085638287235
0.08211835763284735,0.05509889802203956
0.24265514689706208,0.24663506729865403
0.7388052238955222,0.7025259494810104
0.21653566928661427,0.19543609127817443
0.9818803623927522,0.9879202415951681
0.3620927581448371,0.26069478610427793
0.615767684646307,0.5613887722245555
0.060838783224335516,0.040879182416351675
0.40951180976380475,0.28245435091298177
0.41013179736405275,0.4765704685906282
0.4675106497870043,0.4763904721905562
0.4646907061858763,0.4830103397932042
0.9571808563828724,0.9591808163836724
0.5247695046099078,0.35851282974340515
0.11745765084698306,0.12153756924861503
0.5359292814143717,0.5655686886262274
0.9534409311813764,0.9523009539809204
0.8293434131317374,0.5371292574148517
0.35895282094358116,0.4769504609907802
0.12295754084918302,0.11443771124577509
0.626487470250595,0.6489870202595949
0.035959280814383716,0.03507929841403172
0.29403411931761364,0.3429331413371733
0.6530669386612268,0.5823883522329554
0.6472870542589149,0.5672286554268915
0.75662486750265,0.7839643207135858
0.02135957280854383,0.027339453210935782
0.0029999400011999763,0.0006999860002799944
0.27269454610907784,0.1390572188556229
0.7750444991100178,0.7783444331113378
0.5703685926281474,0.5306693866122678
0.23791524169516612,0.2139157216855663
0.752004959900802,0.7863842723145538
0.16727665446691067,0.14447711045779085
0.1527769444611108,0.18261634767304655
0.8262634747305054,0.7914441711165777
0.36847263054738905,0.370772584548309
0.46887062258754825,0.34249315013699727
0.9797204055918882,0.9816803663926722
0.8997620047599049,0.882442351152977
0.74132517349653,0.739605207895842
0.8875022499550009,0.8984220315593688
0.3289334213315734,0.43501129977400455
0.745105097898042,0.7337453250934981
0.9062618747625047,0.9196616067678647
0.2142957140857183,0.250334993300134
0.5514089718205636,0.22999540009199818
0.4879902401951961,0.1867562648747025
0.5794084118317634,0.6117277654446911
0.8583028339433212,0.8965420691586169
0.18357632847343053,0.12765744685106298
0.1864162716745665,0.3996320073598528
0.35513289734205317,0.6181076378472431
0.8637827243455131,0.871202575948481
0.9184016319673607,0.9241615167696646
0.48151036979260414,0.500209995800084
0.3260534789304214,0.3872922541549169
0.9091618167636648,0.9064018719625608
0.13623727525449492,0.18751624967500652
0.4756504869902602,0.4135317293654127
0.9102017959640808,0.8827223455530889
0.8066238675226496,0.8270434591308174
0.057098858022839545,0.05293894122117558
0.7113257734845303,0.8147637047259055
0.5934281314373713,0.5332693346133077
0.0374792504149917,0.24081518369632607
0.51514969700606,0.5978880422391553
0.881982360352793,0.9070018599628008
0.8843423131537369,0.8355632887342254
0.13225735485290294,0.10563788724225516
0.3487530249395012,0.32991340173196537
0.34537309253814924,0.4248115037699246
0.6989660206795865,0.627787444251115
0.5804083918321634,0.4274714505709886
0.05737885242295154,0.27029459410811785
0.629187416251675,0.7385852282954342
0.22223555528889424,0.24343513129737407
0.7093458130837383,0.6971660566788664
0.41099178016439675,0.4173316533669327
0.07745845083098338,0.08949821003579929
0.8205435891282175,0.6797064058718826
0.027119457610847785,0.03619927601447971
0.37497250054998904,0.5365092698146037
0.3230935381292374,0.22887542249155018
0.6719665606687867,0.6052678946421072
0.6950060998780024,0.8980620387592249
0.4655906881862363,0.46891062178756426
0.0027199456010879785,0.0020999580008399833
0.885162296754065,0.9724005519889602
0.2377952440951181,0.2822743545129098
0.6089278214435712,0.7249655006899862
0.9238015239695206,0.8393632127357453
0.4148917021659567,0.50264994700106
0.7241055178896423,0.625947481050379
0.0621987560248795,0.07057858842823143
0.11831763364732706,0.15987680246395072
0.0632187356252875,0.05665886682266355
0.6416871662566749,0.6491070178596429
0.75542489150217,0.7256654866902662
0.4205715885682286,0.44325113497730045
0.4159916801663967,0.626907461850763
0.24843503129937403,0.37407251854962903
0.16059678806423872,0.18505629887402253
0.9060218795624088,0.885522289554209
0.07191856162876743,0.03631927361452771
0.7916841663166737,0.9174416511669767
0.23325533489330214,0.16987660246795064
0.750484990300194,0.6076278474430512
0.5832283354332913,0.5784084318313634
0.06015879682406352,0.10775784484310315
0.8997820043599128,0.9098018039639207
0.7434251314973701,0.7149857002859943
0.6955260894782105,0.624207515849683
0.9223615527689446,0.9457210855782885
0.7839843203135938,0.7829843403131937
0.09559808803823924,0.4892302153956921
0.7071458570828584,0.6913461730765385
0.04113917721645567,0.04881902361952761
0.03649927001459971,0.07143857122857543
0.8638627227455451,0.882322353552929
0.5534089318213636,0.5724085518289634
0.4647907041859163,0.5104297914041719
0.620787584248315,0.6997060058798824
0.75782484350313,0.885662286754265
0.34609307813843726,0.30603387932241355
0.635107297854043,0.628787424251515
0.8217235655286894,0.8471830563388733
0.7638847223055539,0.45507089858202837
0.8157836843263135,0.372832543349133
0.11733765324693507,0.14069718605627887
0.12925741485170297,0.1389372212555749
0.15419691606167876,0.15905681886362275
0.33655326893462134,0.3058938821223576
0.36107277854442915,0.6561468770624588
0.039859202815943684,0.03369932601347973
0.5771484570308594,0.5528489430211396
0.0014999700005999882,0.013079738405231895
0.4428711425771485,0.34171316573668525
0.019459610807783845,0.05543889122217556
0.36845263094738107,0.375932481350373
0.99630007399852,0.9971600567988641
0.7724045519089618,0.8027039459210816
0.6632267354652908,0.618407631847363
0.08183836323273534,0.10179796404071918
0.1775564488710226,0.16779664406711867
0.17439651206975862,0.20677586448271035
0.27023459530809385,0.2657546849063019
0.3342333153336933,0.17797644047119057
0.12659746805063898,0.2720345593088138
0.9412211755764885,0.9468210635787284
0.2899742005159897,0.38323233535329293
0.17001659966800664,0.12331753364932702
0.5259294814103718,0.5735285294294115
0.5751484970300594,0.4680906381872363
0.43439131217375654,0.38291234175316496
0.4402511949761005,0.6199476010479791
0.9411811763764725,0.8880022399552009
0.7749245015099698,0.747585048299034
0.6030879382412352,0.6817663646727066
0.15493690126197476,0.3117537649247015
0.30849383012339754,0.2601947961040779
0.2143757124857503,0.23325533489330214
0.750664986700266,0.7286454270914582
0.37259254814903703,0.3992520149597008
0.4387712245755085,0.3656326873462531
0.24031519369612608,0.1858162836743265
0.35657286854262915,0.371292574148517
0.33313333733325334,0.3469930601387972
0.3881522369552609,0.4258314833703326
0.3158336833263335,0.25659486810263793
0.3154536909261815,0.33217335653286933
0.03355932881342373,0.022139557208855822
0.03245935081298374,0.06495870082598348
0.16193676126477471,0.2107157856842863
0.8119037619247615,0.7911041779164417
0.09441811163776725,0.08197836043279134
0.9871802563948722,0.9911801763964722
0.5657486850262995,0.6044879102417952
0.749685006299874,0.8001039979200416
0.4916301673966521,0.30501389972200554
0.8882422351552969,0.9129417411651767
0.8571228575428492,0.372672546549069
0.7191256174876502,0.7939041219175617
0.3899922001559969,0.3944521109577809
0.18301633967320655,0.10233795324093518
0.3417331653366933,0.4101117977640447
0.9015419691606168,0.9185416291674167
0.9150816983660327,0.42477150456990864
0.48429031419371615,0.501389972200556
0.20631587368252635,0.1511969760604788
0.9577408451830963,0.9148017039659208
0.502809943801124,0.5186896262074758
0.4018919621607568,0.3943321133577329
0.9643607127857443,0.9717405651886962
0.054458910821783564,0.052458950820983584
0.2230355392892142,0.2363552728945421
0.6677666446671067,0.5688686226275474
0.9854402911941762,0.9840803183936322
0.5107697846043079,0.5489690206195876
0.17759644807103858,0.27019459610807783
0.38505229895402093,0.2586548269034619
0.5733085338293235,0.2848543029139417
0.7586648267034659,0.75212495750085
0.07847843043139137,0.007059858802823944
0.5759284814303715,0.2254754904901902
0.21215575688486232,0.3113137737245255
0.2864942701145977,0.32947341053178936
0.8627027459450811,0.7261854762904743
0.5305093898122037,0.375672486550269
0.501329973400532,0.4376712465750685
0.41095178096438073,0.48195036099278016
0.05351892962140757,0.12191756164876703
0.009219815603687927,0.045999080018399634
0.7190056198876023,0.7387452250954981
0.7233855322893542,0.6962860742785144
0.24475510489790206,0.18083638327233456
0.7632047359052819,0.8150036999260015
0.30855382892342154,0.26057478850422994
0.5783284334313314,0.6551668966620667
0.3939321213575729,0.14137717245655088
0.3267534649307014,0.49573008539829205
0.252414951700966,0.24835503289934202
0.04957900841983161,0.13997720045599088
0.4653906921861563,0.6897462050758985
0.8928021439571209,0.6139477210455792
0.8153236935261295,0.7299654006919862
0.17987640247195058,0.39185216295674086
0.8323033539329213,0.46721065578688425
0.43067138657226856,0.4419511609767805
0.21859562808743827,0.16975660486790264
0.5160296794064119,0.4306313873722526
0.04677906441871163,0.030419391612167758
0.6640267194656108,0.6643267134657307
0.750844983100338,0.5343493130137398
0.06863862722745545,0.07613847723045539
0.8487630247395053,0.8894822103557929
0.3878922421551569,0.3248735025299494
0.9541009179816404,0.9532009359812804
0.7101057978840424,0.7287454250914982
0.8993220135597289,0.9036619267614648
0.31179376412471754,0.21783564328713426
0.6098278034439312,0.7611447771044579
0.37159256814863706,0.44215115697686047
0.3028539429211416,0.4787304253914922
0.49443011139777204,0.48099038019239615
0.40317193656126876,0.38279234415311697
0.014699706005879883,0.015179696406071879
0.9303613927721446,0.870982580348393
0.07263854722905543,0.10871782564348713
0.8565028699426012,0.8104837903241936
0.4138717225655487,0.47119057618847626
0.18559628807423853,0.13087738245235095
0.8096038079238416,0.753704925901482
0.4137317253654927,0.35943281134377314
0.20479590408191836,0.22785544289114218
0.3645127097458051,0.27229455410891784
0.044599108017839645,0.05899882002359953
0.5591688166236676,0.5117897642047159
0.6576268474630508,0.6698466030679386
0.3958720825583488,0.25801483970320593
0.9092418151636967,0.9071218575628488
0.48161036779264416,0.5628687426251475
0.0031999360012799744,0.0030799384012319755
0.3224735505289894,0.7775444491110178
0.26109477810443793,0.31523369532609347
0.5197296054078918,0.5103097938041239
0.75032499350013,0.7623447531049379
0.4700905981880363,0.633967320653587
0.37903241935161297,0.3393932121357573
0.6686466270674587,0.6739465210695786
0.8068438631227376,0.7700645987080259
0.001519969600607988,0.05309893802123958
0.6214475710485791,0.6451870962580749
0.12991740165196697,0.10549789004219916
0.9634607307853843,0.9587208255834884
0.885282294354113,0.9010419791604168
0.21441571168576629,0.18071638567228657
0.4932501349973001,0.49379012419751606
0.19963600727985442,0.09691806163876723
0.5191496170076598,0.503329933401332
0.6627267454650907,0.7195856082878342
0.7906641867162657,0.9085218295634088
0.9879802403951922,0.9885602287954242
0.7224255514889703,0.760444791104178
0.44141117177656447,0.48053038939221215
0.11707765844683107,0.11569768604627907
0.5699086018279634,0.5835283294334114
0.9414211715765685,0.9121017579648407
0.7920441591168177,0.6986060278794425
0.023179536409271815,0.016799664006719867
0.46807063858722825,0.4405711885762285
0.9656406871862563,0.9736605267894642
0.7216655666886662,0.48025039499210015
0.6556268874622507,0.7075458490830183
0.9761004779904402,0.9767604647907042
0.35903281934361314,0.2261754764904702
0.8571428571428572,0.8469230615387693
0.5229495410091798,0.6027479450410992
0.22249555008899824,0.4027919441611168
0.14287714245715086,0.7119457610847784
0.8354632907341853,0.8308833823323534
0.7796244075118498,0.5693086138277235
0.3865722685546289,0.4557508849823004
0.35537289254214915,0.3996520069598608
0.3925521489570209,0.3557928841423172
0.372672546549069,0.24177516449671008
0.9007819843603129,0.8973220535589288
0.013379732405351893,0.009219815603687927
0.6354072918541629,0.5567688646227076
0.6089678206435871,0.5658486830263395
0.22979540409191818,0.11129777404451911
0.6930661386772264,0.34793304133917324
0.3015939681206376,0.2808343833123338
0.6037079258414831,0.631087378252435
0.252154956900862,0.1760364792704146
0.9694606107877842,0.9661806763864723
0.9188016239675206,0.9355012899742006
0.16699666006679867,0.20817583648327034
0.7724445511089778,0.8475030499390013
0.9948801023979521,0.9957000859982801
0.07921841563168737,0.17227655446891063
0.40867182656346873,0.7414051718965621
0.1387172256554869,0.10001799964000721
0.43229135417291653,0.34457310853782924
0.11195776084478311,0.06339873202535949
0.34387312253754926,0.14011719765604688
0.8453030939381213,0.875422491550169
0.4731305373892522,0.44331113377732445
0.8434631307373853,0.7929641407171857
0.1977360452790944,0.22499550008999822
0.8091038179236416,0.8084038319233615
0.6797864042719146,0.6998860022799545
0.21981560368792624,0.20481590368192637
0.16119677606447871,0.14065718685626288
0.9814603707925842,0.9854202915941681
0.7773644527109458,0.7690246195076099
0.32185356292874145,0.32047359052818947
0.16079678406431872,0.0866182676346473
0.6825063498730025,0.7126257474850504
0.10637787244255115,0.07417851642967141
0.07381852362952741,0.10367792644147117
0.638187236255275,0.6942061158776824
0.29391412171756565,0.37325253494930105
0.9229415411691766,0.9039819203615928
0.5987280254394912,0.5896282074358513
0.24639507209855804,0.23037539249215017
0.506709865802684,0.501829963400732
0.059838803223935526,0.14673706525869484
0.5365292694146118,0.5538689226215476
0.8302433951320974,0.7746845063098738
0.7203855922881542,0.757564848703026
0.5449491010179797,0.7808843823123538
0.08595828083438331,0.20965580688386232
0.054678906421871565,0.06757864842703146
0.38853222935541293,0.4270514589708206
0.45981080378392436,0.24243515129697407
0.23505529889402213,0.24069518609627807
0.6454670906581869,0.6135277294454111
0.8338233235335294,0.75422491550169
0.8016039679206416,0.6980660386792265
0.4255514889702206,0.3019739605207896
0.007359852802943941,0.004319913601727966
0.9865002699946002,0.9830403391932162
0.8489830203395933,0.372212555748885
0.4522109557808844,0.4789104217915642
0.6680666386672267,0.6130477390452191
0.041779164416711666,0.06007879842403152
0.03171936561268775,0.033219335613287736
0.13235735285294295,0.5742885142297154
0.884042319153617,0.884602307953841
0.31803363932721346,0.31843363132737346
0.4200115997680047,0.27903441931161377
0.1004179916401672,0.10359792804143918
0.05485890282194356,0.04537909241815164
0.2393352132957341,0.44679106417871645
0.9150616987660247,0.9438011239775205
0.20619587608247836,0.20419591608167836
0.3504129917401652,0.4301713965720686
0.15903681926361474,0.09103817923641527
0.6664466710665787,0.6746065078698427
0.3457930841383172,0.44443111137777247
0.6743265134697306,0.7071658566828664
0.6795864082718346,0.6683466330673387
0.8659026819463611,0.8661226775464491
0.2978740425191496,0.1638967220655587
0.750544989100218,0.8074438511229776
0.056198876022479555,0.048519029619407614
0.9601007979840404,0.9554808903821924
0.6002879942401153,0.8151636967260655
0.8173236535269295,0.8163236735265295
0.2152356952860943,0.23209535809283816
0.7138657226855463,0.7876042479150417
0.4162916741665167,0.35423291534169316
0.7700845983080339,0.7411051778964421
0.014379712405751886,0.01723965520689586
0.3147537049259015,0.3073738525229496
0.10707785844283114,0.17121657566848664
0.5574888502229955,0.5643287134257315
0.36669266614667706,0.4940501189976201
0.7572848543029139,0.4022319553608928
0.5118097638047239,0.5290094198116038
0.23645527089458213,0.22039559208815823
0.15535689286214277,0.18091638167236657
0.47509049819003624,0.48659026819463613
0.7961440771184577,0.7040059198816024
0.9472610547789044,0.9652006959860803
0.8294634107317854,0.8544229115417692
0.5140497190056199,0.39847203055938885
0.3428331433371333,0.35691286174276515
0.5855882882342354,0.5731685366292675
0.3368332633347333,0.255634887302254
0.09791804163916722,0.19417611647767044
0.7314453710925781,0.7682246355072899
0.016499670006599867,0.02227955440891182
0.3268334633307334,0.4520109597808044
0.8639827203455931,0.881822363552729
0.29715405691886165,0.4296714065718686
0.883322333553329,0.8647827043459131
0.752284954300914,0.6647467050658987
0.3890922181556369,0.2616347673046539
0.9250814983700326,0.9568408631827364
0.19647607047859045,0.22261554768904623
0.08699826003479931,0.033819323613527734
0.9869602607947842,0.9874802503949921
0.616227675446491,0.4528109437811244
0.2908541829163417,0.2735945281094378
0.9902001959960801,0.9819603607927841
0.4427511449771005,0.2795944081118378
0.8115837683246335,0.7757244855102898
0.8940021199576009,0.3991320173596528
0.12865742685146297,0.14009719805603887
0.7677046459070819,0.7684646307073859
0.03405931881362373,0.05319893602127958
0.7202255954880903,0.6026079478410432
0.27207455850882983,0.19197616047679048
0.16903661926761465,0.24591508169836604
0.9387212255754885,0.9433811323773524
0.13293734125317494,0.22907541849163018
0.5701285974280514,0.5349093018139638
0.8180636387272255,0.8149837003259935
0.5165696686066279,0.3514329713405732
0.8008639827203456,0.7776244475110498
0.7075258494830103,0.7322653546929062
0.5007499850003,0.5868082638347233
0.5887482250354993,0.5546689066218676
0.8694826103477931,0.8651226975460491
0.11767764644707106,0.12939741205175898
0.4207515849683007,0.4103317933641327
0.6308073838523229,0.15617687646247075
0.7630247395052099,0.7767844643107138
0.03507929841403172,0.05907881842363153
0.21691566168676626,0.4063918721625568
0.9938601227975441,0.993580128397432
0.14311713765724687,0.22353552928941423
0.249195016099678,0.23393532129357414
0.4488910221795564,0.3901121977560449
0.4514509709805804,0.39933201335973284
0.14575708485830283,0.12247755044899103
0.6139877202455951,0.5988480230395392
0.4901101977960441,0.35955280894382113
0.23877522449551009,0.22933541329173418
0.7352852942941142,0.5111697766044679
0.4036119277614448,0.012339753204935902
0.8881822363552729,0.5623887522249555
0.7305253894922101,0.21079578408431832
0.4133517329653407,0.4133917321653567
0.7101657966840663,0.7012459750804985
0.15581688366232677,0.12161756764864703
0.037359252814943705,0.0873382532349353
0.6349473010539789,0.5986680266394673
0.15949681006379873,0.19479610407791845
0.1479370412591748,0.13395732085358295
0.6625467490650188,0.50864982700346
0.2625547489050219,0.21127577448451032
0.18321633567328655,0.15273694526109477
0.640247195056099,0.5440891182176356
0.8644827103457932,0.9141217175656488
0.3436731265374693,0.3373732525349493
0.9443211135777285,0.9311013779724406
0.9715605687886243,0.9752804943901122
0.01123977520449591,0.014819703605927883
0.5461090778184436,0.1874762504749905
0.5174296514069718,0.4801503969920602
0.06915861682766344,0.18523629527409452
0.19703605927881443,0.5953280934381313
0.2375552488950221,0.23339533209335814
0.8278234435311294,0.876582468350633
0.7091658166836664,0.8322833543329133
0.6545869082618347,0.9018619627607448
0.006519869602607948,0.0059598808023839525
0.43559128817423654,0.5299494010119797
0.9316213675726486,0.8862422751544969
0.29315413691726167,0.29469410611787766
0.6207675846483071,0.8457430851382972
0.38709225815483694,0.35663286734265315
0.05275894482110358,0.14639707205855884
0.29395412091758166,0.3255934881302374
0.9762204755904882,0.9757004859902803
0.004359912801743965,0.008459830803383932
0.7278854422911541,0.6508069838603228
0.9001219975600488,0.37115257694846104
0.751804963900722,0.4289714205715886
0.629347413051739,0.7028459430811383
0.022359552808943823,0.028539429211415772
0.7959640807183856,0.8254834903301934
0.5688286234275315,0.6070278594428111
0.34677306453870926,0.27991440171196574
0.7190256194876102,0.7409851802963942
0.7487050258994821,0.7104457910841784
0.887682246355073,0.9077218455630888
0.13451730965380693,0.12305753884922302
0.13557728845423092,0.20565588688226236
0.506089878202436,0.5161096778064439
0.6693866122677546,0.6939461210775785
0.19135617287654247,0.5237895242095159
0.8575028499430012,0.8432431351372973
0.10791784164316715,0.18253634927301454
0.4735105297894042,0.10431791364172717
0.878222435551289,0.1608567828643427
0.09773804523909523,0.11993760124797505
0.7888642227155457,0.6452070958580829
0.7894842103157937,0.8205835883282334
0.17317653646927061,0.20871582568348634
0.03717925641487171,0.06195876082478351
0.2989740205195896,0.29607407851842965
0.7286054278914422,0.7424451510969781
0.6425471490570189,0.7954040919181616
0.6146877062458751,0.5797284054318914
0.1765364692706146,0.16033679326413472
0.11777764444711106,0.1385372292554149
0.21973560528789424,0.2369952600947981
0.05715885682286354,0.10213795724085518
0.45205095898082037,0.4344713105737885
0.9090218195636087,0.874922501549969
0.883202335953281,0.882182356352873
0.4553508929821404,0.41083178336433274
0.7891442171156577,0.8330633387332254
0.6873462530749386,0.7854842903141938
0.2605347893042139,0.28583428331433375
0.5798884022319554,0.6652666946661067
0.26113477730445395,0.2382552348953021
0.6015479690406192,0.4729505409891802
0.9305413891722166,0.6703865922681547
0.6395872082558349,0.505569888602228
0.497930041399172,0.4356112877742445
0.6996460070798585,0.7435651286974261
0.9426411471770565,0.9023219535609288
0.8537629247415052,0.9144217115657687
0.5188296234075319,0.4386912261754765
0.027399452010959783,0.02873942521149577
0.7740645187096258,0.8187036259274815
0.7323853522929542,0.6095478090438191
0.17973640527189458,0.17281654366912663
0.06819863602727946,0.06207875842483151
0.2886542269154617,0.4837503249935001
0.7638247235055299,0.48309033819323616
0.9305613887722246,0.9459010819783604
0.22425551488970222,0.2393552128957421
0.9122417551648967,0.9118817623647527
0.5934481310373793,0.6052478950420992
0.09751804963900722,0.09257814843703126
0.513429731405372,0.625867482650347
0.505329893402132,0.5502689946201076
0.44307113857722846,0.621347573048539
0.29871402571948563,0.22975540489190216
0.1896562068758625,0.16553668926621468
0.8960820783584329,0.74772504549909
0.4559108817823644,0.48161036779264416
0.1886162276754465,0.18445631087378253
0.11561768764624708,0.10747785044299114
0.01865962680746385,0.031019379612407753
0.5367492650146998,0.31999360012799744
0.08369832603347933,0.07295854082918342
0.5806283874322514,0.4102917941641167
0.6320673586528269,0.5947081058378832
0.09069818603627927,0.1747765044699106
0.09471810563788724,0.10843783124337514
0.18323633527329455,0.49287014259714806
0.21923561528769425,0.37417251654966904
0.3608127837443251,0.36109277814443713
0.49409011819763604,0.3349933001339973
0.12121757564848704,0.14099718005639889
0.014319713605727886,0.017219655606887863
0.06877862442751145,0.09283814323713525
0.2666546669066619,0.5449091018179637
0.7157056858862823,0.6563468730625388
0.9389012219755605,0.7691246175076498
0.5401091978160437,0.5616887662246756
0.8401631967360653,0.8090238195236096
0.25757484850303,0.3513529729405412
0.14255714885702286,0.12253754924901503
0.6628067438651227,0.6470070598588028
0.9603407931841363,0.9597208055838884
0.5397092058158837,0.7717445651086978
0.632487350252995,0.617367652646947
0.8830623387532249,0.5270094598108038
0.5396692066158677,0.6246275074498511
0.8499430011399772,0.9502409951800964
0.3997520049599008,0.4552708945821084
0.1990560188796224,0.19441611167776646
0.23351532969340613,0.28715425691486174
0.4762504749905002,0.624847503049939
0.22325553488930222,0.2646147077058459
0.6387472250554989,0.5929281414371713
0.9471410571788564,0.9467210655786885
0.9481010379792405,0.9567008659826803
0.08163836723265536,0.07359852802943942
0.7964840703185937,0.74912501749965
0.7844443111137778,0.6431471370572589
0.9722805543889123,0.9780404391912162
0.9374812503749925,0.9364812703745925
0.8198436031279375,0.763184736305274
0.42175156496870064,0.42289154216915664
0.11649767004659907,0.08383832323353534
0.48479030419391617,0.4487710245795084
0.252434951300974,0.3154336913261735
0.2383952320953581,0.27967440651186976
0.21851562968740626,0.251914961700766
0.7557848843023139,0.8589228215435691
0.8069838603227936,0.9165216695666087
0.4743305133897322,0.3523329533409332
0.08271834563308735,0.24403511929761407
0.3531729365412692,0.4697506049879003
0.7758244835103298,0.7036459270814583
0.8565828683426332,0.7814843703125938
0.3885522289554209,0.3530329393412132
0.6851862962740746,0.7998440031199376
0.9366012679746405,0.8899022019559609
0.7742845143097138,0.7707645847083059
0.40449191016179675,0.5271094578108438
0.1993360132797344,0.11699766004679907
0.36887262254754905,0.3571128577428452
0.7775444491110178,0.7780044399112018
0.7817843643127138,0.8464630707385853
0.1003979920401592,0.2038559228815424
0.24185516289674208,0.23579528409431813
0.18241635167296655,0.1386972260554789
0.5566088678226435,0.43111137777244457
0.10757784844303114,0.04179916401671967
0.9712205755884883,0.9536409271814564
0.8888822223555529,0.9072418551628968
0.26947461050778987,0.2870942581148377
0.3243935121297574,0.6682066358672827
0.9925801483970321,0.9956600867982641
0.9605407891842164,0.9426211475770485
0.30431391372172556,0.2800943981120378
0.3509329813403732,0.3862722745545089
0.7374452510949782,0.749305013899722
0.7249055018899623,0.7171856562868743
0.40641187176256477,0.4002919941601168
0.6586268274634508,0.7339653206935861
0.17207655846883063,0.19057618847623048
0.38241235175296495,0.39389212215755687
0.6032079358412832,0.11641767164656708
0.29611407771844567,0.3026339473210536
0.8612827743445132,0.9004819903601928
0.5870082598348033,0.5989480210395792
0.619207615847683,0.6058678826423471
0.7987240255194896,0.7882442351152977
0.6845663086738265,0.6977660446791064
0.8002439951200976,0.9373012539749206
0.9117817643647127,0.9240815183696326
0.9014819703605929,0.8648627027459451
0.43329133417331656,0.49807003859922805
0.7759844803103938,0.8548029039419212
0.4640507189856203,0.24845503089938203
0.6463070738585228,0.2147157056858863
0.22035559288814224,0.03147937041259175
0.33259334813303737,0.5671086578268435
0.4280714385712286,0.3256134877302454
0.1883962320753585,0.14681706365872682
0.8352432951340973,0.8457630847383053
0.6641667166656667,0.6775064498710026
0.10333793324133518,0.10465790684186317
0.5730885382292354,0.5851682966340673
0.5510889782204356,0.4807903841923162
0.24355512889742206,0.44491110177796445
0.2781544369112618,0.26337473250534993
0.4863702725945481,0.39423211535769287
0.32295354092918144,0.26899462010759784
0.5440091198176037,0.4279114417711646
0.6849463010739786,0.5791084178316434
0.7156856862862743,0.7585248295034099
0.6339873202535949,0.5711485770284594
0.4592308153836923,0.5221695566088679
0.9895402091958161,0.994260114797704
0.8274234515309694,0.8171836563268735
0.9385812283754326,0.9067418651626967
0.3381932361352773,0.4012119757604848
0.6296674066518669,0.20521589568208637
0.035819283614327714,0.0379792404151917
0.633847323053539,0.4277714445711086
0.638307233855323,0.7155256894862103
0.8445231095378093,0.8508229835403293
0.6222075558488831,0.6507469850602988
0.22263554728905421,0.2799344013119738
0.5583288334233315,0.5779284414311714
0.24277514449711007,0.29463410731785367
0.2626947461050779,0.24581508369832605
0.5435691286174277,0.5192896142077159
0.33633327333453333,0.373912521749565
0.7932241355172897,0.7753444931101379
0.5784084318313634,0.5775684486310274
0.13671726565468692,0.05617887642247155
0.9324213515729686,0.9079418411631768
0.126157476850463,0.10263794724105518
0.37933241335173296,0.42895142097158057
0.495990080198396,0.4153316933661327
0.8381232375352493,0.7222655546889063
0.9256814863702726,0.9150616987660247
0.629567408651827,0.6533669326613468
0.3389732205355893,0.2397952040959181
0.9254014919701606,0.9099418011639767
0.249455010899782,0.17825643487130258
0.3142137157256855,0.41105177896442074
0.30607387852242957,0.3368732625347493
0.1505769884602308,0.1751164976700466
0.6049479010419792,0.6079478410431791
0.4176116477670447,0.4271914561708766
0.38229235415291696,0.42151156976860465
0.8359032819343614,0.8604027919441611
0.6491470170596588,0.7118057638847223
0.020439591208175838,0.017959640807183857
0.8995420091598169,0.8629427411451771
0.5725885482290355,0.5749885002299954
0.13197736045279096,0.1637167256654867
0.9623007539849203,0.9749005019899603
0.07363852722945541,0.09757804843903123
0.9329213415731685,0.9323613527729445
0.2406151876962461,0.22241555168896623
0.4621507569848603,0.5704285914281715
0.7895842083158338,0.7835843283134337
0.5892082158356833,0.6026879462410752
0.5989680206395872,0.627247455050899
0.012899742005159897,0.007319853602927941
0.019179616407671848,0.038259234815303696
0.18185636287274254,0.18279634407311854
0.756564868702626,0.6183276334473311
0.2681546369072619,0.2731745365092698
0.6775664486710266,0.6041879162416752
0.754884902301954,0.8053238935221296
0.4377312453750925,0.4786104277914442
0.2270954580908382,0.2889742205155897
0.9477210455790884,0.9084218315633688
0.9301213975720486,0.9491410171796565
0.3649327013459731,0.43523129537409255
0.15853682926341472,0.13243735125297496
0.4020519589608208,0.5213695726085479
0.09427811443771125,0.1120777584448311
0.9265814683706326,0.883822323553529
0.5360292794144117,0.5263094738105238
0.4629907401851963,0.5257094858102838
0.8572228555428891,0.8849023019539609
0.7412451750964981,0.7303453930921382
0.24509509809803806,0.253754924901502
0.7691846163076739,0.6835863282734346
0.5444091118177636,0.9353212935741285
0.6118877622447552,0.5982280354392913
0.7660846783064339,0.7180856382872343
0.6056678866422672,0.6609867802643947
0.9689806203875923,0.9715405691886163
0.6055078898422032,0.4156516869662607
0.8495830083398332,0.8389632207355853
0.41939161216775667,0.632207355852883
0.050738985220295595,0.05429891402171957
0.10995780084398313,0.11089778204435911
0.00871982560348793,0.011899762004759906
0.8408031839363213,0.9109017819643608
0.6839463210735786,0.6682666346673066
0.8267234655306894,0.7785244295114098
0.4004719905601888,0.5500889982200357
0.9393612127757445,0.9260214795704086
0.33257334853302933,0.6529469410611788
0.45885082298354035,0.42021159576808464
0.7963040739185216,0.5826483470330593
0.3025139497210056,0.09183816323673527
0.9546809063818724,0.9300613987720245
0.7219455610887783,0.7182056358872823
0.25937481250374994,0.26767464650706985
0.3909121817563649,0.3283734325313494
0.15771684566308675,0.6464470710585789
0.5334893302133957,0.3892322153556929
0.47287054258914824,0.49849003019939603
0.37105257894842103,0.38499230015399694
0.8493430131397373,0.4662506749865003
0.36983260334793305,0.4508909821803564
0.5174096518069639,0.3481930361392772
0.2368952620947581,0.3491530169396612
0.5984480310393793,0.6987260254794905
0.5764484710305794,0.8952020959580809
0.06457870842583148,0.05211895762084758
0.504029919401612,0.46079078418431635
0.31713365732685345,0.41819163616727667
0.249795004099918,0.39739205215895684
0.028519429611407774,0.016979660406791865
0.6079278414431711,0.49093018139637207
0.9317613647727045,0.9229815403691927
0.7319053618927621,0.7779044419111618
0.5189896202075959,0.5372092558148838
0.4023919521609568,0.43185136297274057
0.9954600907981841,0.995060098798024
0.9350212995740086,0.8916821663566729
0.36971260574788506,0.375112497750045
0.4684306313873723,0.5205095898082038
0.5126897462050759,0.5911881762364752
0.6053278934421312,0.5607487850242995
0.9845003099938001,0.9851802963940721
0.383072338553229,0.3346333073338533
0.6895462090758185,0.6700465990680187
0.3073738525229496,0.2737545249095018
0.08869822603547929,0.07083858322833543
0.5910281794364113,0.5930281394372112
0.27887442251154976,0.2395352092958141
0.11279774404511911,0.14343713125737487
0.250434991300174,0.22225555488890222
0.5606087878242435,0.628247435051299
0.9623407531849363,0.9845803083938321
0.09819803603927922,0.33003339933201337
0.1645567088658227,0.2253154936901262
0.5985480290394193,0.7083858322833544
0.6539069218615627,0.6853662926741465
0.3245135097298054,0.2867942641147177
0.8934621307573849,0.6177476450470991
0.06713865722685547,0.07467850642987141
0.628207435851283,0.44691106177876444
0.5269494610107798,0.5339293214135717
0.4935901281974361,0.4302913941721166
0.26955460890782185,0.2136557268854623
0.14511709765804684,0.38385232295354094
0.3052538949221016,0.2729545409091818
0.06617867642647147,0.13949721005579888
0.876242475150497,0.8178036439271215
0.8476830463390732,0.8120237595248095
0.7158656826863463,0.7179856402871942
0.17231655366892662,0.21525569488610227
0.41809163816723666,0.23499530009399813
0.09407811843763125,0.4776904461910762
0.253394932101358,0.2709545809083818
0.43003139937201257,0.8632627347453051
0.9445011099778005,0.9765404691906162
0.24451510969780604,0.19393612127757445
0.9734205315893683,0.9698806023879523
0.1631167376652467,0.10763784724305514
0.015519689606207877,0.007599848003039939
0.8975220495590088,0.9062018759624808
0.9614807703845923,0.9607407851842964
0.7131257374852503,0.6245075098498031
0.10491790164196717,0.13917721645567088
0.10683786324273514,0.050938981220375594
0.3378932421351573,0.41969160616787665
0.30899382012359755,0.4132117357652847
0.5277694446111078,0.7242055158896822
0.504429911401772,0.41945161096778066
0.6966660666786665,0.6953860922781545
0.9743605127897442,0.9429811403771925
0.8995820083598328,0.9172616547669047
0.6693266134677307,0.6960060798784025
0.06905861882762344,0.07379852402951942
0.6859062818743625,0.6203075938481231
0.7979640407191857,0.749465010699786
0.12333753324933502,0.09905801883962322
0.9430011399772005,0.9590408191836164
0.44325113497730045,0.4630107397852043
0.6160276794464111,0.3157736845263095
0.19713605727885444,0.2242955140897182
0.47051058978820426,0.6297874042519149
0.09041819163616728,0.08041839163216737
0.43279134417311654,0.5240295194096118
0.37315253694926104,0.3846123077538449
0.7376452470950581,0.7206255874882502
0.3472730545389092,0.45769084618307637
0.04521909561808764,0.03533929321413572
0.3158536829263415,0.2623347533049339
0.02025959480810384,0.020479590408191837
0.3007939841203176,0.37377252454950904
0.6878062438751226,0.7386452270954581
0.36119277614447715,0.26865462690746184
0.5425891482170356,0.46343073138537233
0.2129357412851743,0.4414911701765965
0.3629527409451811,0.13451730965380693
0.2755144897102058,0.38225235495290094
0.9518609627807444,0.9500209995800084
0.6912861742765145,0.4797704045919082
0.24657506849863003,0.2354152916941661
0.034719305613887724,0.055678886422271555
0.1900561988760225,0.1623967520649587
0.9428211435771285,0.9481610367792644
0.12339753204935902,0.05551888962220756
0.041979160416791665,0.07215855682886342
0.8245035099298015,0.8306233875322494
0.2916341673166537,0.22077558448831025
0.17219655606887863,0.19217615647687047
0.45915081698366034,0.5449491010179797
0.6096878062438752,0.5941881162376753
0.34683306333873326,0.09469810603787925
0.7242455150896983,0.3257334853302934
0.15503689926201478,0.24129517409651807
0.5714285714285714,0.5226495470090599
0.6830463390732185,0.6125277494450111
0.4609907801843963,0.4286314273714526
0.24419511609767805,0.3306533869322614
0.6169476610467791,0.6071878562428752
0.4276914461710766,0.3605527889442211
0.4786104277914442,0.28635427291454174
0.5621887562248755,0.6435471290574188
0.7597048059038819,0.6786464270714586
0.7684846303073939,0.8267234655306894
0.046699066018679625,0.062458750824983506
0.6154076918461631,0.633527329453411
0.8087038259234816,0.7726045479090419
0.871322573548529,0.9581008379832404
0.37061258774824507,0.3133737325253495
0.7324853502929942,0.7053658926821463
0.23481530369392614,0.29167416651666966
0.6883462330753385,0.48471030579388413
0.14025719485610288,0.14501709965800685
0.06689866202675947,0.07065858682826344
0.3405931881362373,0.2716945661086778
0.5953280934381313,0.7222855542889143
0.5830483390332194,0.6232475350492991
0.8430031399372013,0.6573468530629387
0.12477750444991101,0.18475630487390252
0.8953620927581448,0.9503809923801524
0.6560868782624347,0.7112057758844823
0.6104277914441711,0.7262854742905143
0.29853402931941364,0.3884522309553809
0.125277494450111,0.17203655926881464
0.1378372432551349,0.12111757764844704
0.622887542249155,0.7360652786944262
0.5259094818103638,0.6199676006479871
0.4081718365632688,0.30723385532289355
0.9460210795784084,0.9211815763684726
0.7032459350812984,0.9296214075718486
0.8540229195416092,0.880702385952281
0.08979820403591929,0.1008379832403352
0.9314013719725606,0.9155016899662007
0.2649347013059739,0.3391932161356773
0.31003379932401354,0.34855302893942125
0.74762504749905,0.4533509329813404
0.5698686026279475,0.5173896522069559
0.07801843963120737,0.06763864722705547
0.7452450950980981,0.7442051158976821
0.372992540149197,0.37199256014879706
0.6526269474610508,0.5978680426391473
0.09325813483730326,0.08397832043359132
0.7968240635187297,0.6810463790724186
0.20577588448231035,0.2118357632847343
0.4637107257854843,0.378832423351533
0.5105297894042119,0.5168496630067398
0.7090058198836023,0.7328853422931542
0.3902121957560849,0.36577268454630907
0.9762404751904962,0.9630607387852244
0.02261954760904782,0.023039539209215816
0.7893242135157297,0.755384892302154
0.44329113417731647,0.40747185056298874
0.15911681766364674,0.18167636647267055
0.5610487790244195,0.5362892742145158
0.9337813243735126,0.9208815823683527
0.3494530109397812,0.3216535669286614
0.38339233215335694,0.4432111357772845
0.44369112617747647,0.38223235535289296
0.9924001519969601,0.9927601447971041
0.6023079538409232,0.5328493430131398
0.4088518229635407,0.4513109737805244
0.3400331993360133,0.6858662826743466
0.2125957480850383,0.20359592808143837
0.8826023479530409,0.8898422031559369
0.0631387372252555,0.15543689126217478
0.13099738005239894,0.16615667686646268
0.869622607547849,0.8495630087398253
0.754364912701746,0.7373652526949461
0.5852482950340994,0.6585268294634108
0.21099578008439832,0.17731645367092658
0.38715225695486094,0.43009139817203657
0.5694486110277794,0.6743065138697226
0.004639907201855963,0.0052398952020959585
0.22995540089198216,0.20281594368112638
0.7543049139017219,0.6897862042759145
0.20723585528289434,0.2982340353192936
0.9288014239715207,0.9592608147837044
0.07663846723065539,0.09547809043819123
0.06299874002519949,0.054778904421911565
0.23525529489410213,0.23917521649567008
0.7631447371052579,0.7811043779124418
0.8190036199276015,0.8296834063318734
0.2782144357112858,0.4164716705665887
0.7853242935141297,0.8175836483270335
0.7748845023099539,0.8301233975320493
0.8943821123577529,0.8517829643407132
0.7366852662946741,0.5730885382292354
0.027219455610887785,0.027439451210975782
0.7172256554868903,0.6922661546769064
0.5548089038219236,0.38023239535209297
0.4138917221655567,0.6369872602547949
0.24669506609867803,0.250094998100038
0.39871202575948483,0.20829583408331834
0.2828943421131577,0.29877402451950963
0.8348033039339213,0.9097418051638968
0.8424431511369773,0.7168456630867382
0.7995840083198337,0.7144657106857863
0.31711365772684547,0.43511129777404456
0.886802263954721,0.9276014479710406
0.6067278654426912,0.5486490270194596
0.9488610227795444,0.9455810883782325
0.7214455710885782,0.5927481450370993
0.622647547049059,0.627187456250875
0.5725085498290035,0.5510689786204276
0.880902381952361,0.7257854842903142
0.41747165056698865,0.5386292274154517
0.7580848383032339,0.8571828563428732
0.9526209475810484,0.9417611647767045
0.9160416791664167,0.9170216595668087
0.25855482890342196,0.4420111597768045
0.879462410751785,0.8437431251374973
0.35685286294274116,0.4354512909741805
0.15155696886062278,0.14759704805903884
0.31985360292794146,0.2861742765144697
0.763164736705266,0.8159236815263695
0.2689546209075819,0.2891542169156617
0.5988680226395472,0.6110077798444031
0.38257234855302896,0.16213675726485471
0.9025619487610248,0.9333213335733286
0.3127337453250935,0.2749345013099738
0.7321053578928421,0.6405271894562109
0.7446851062978741,0.7805243895122098
0.4042319153616928,0.5419291614167717
0.0009799804003919922,0.14487710245795085
0.5863282734345313,0.5642887142257155
0.47801043979120417,0.6436671266574668
0.39991200175996483,0.42187156256874864
0.6097678046439071,0.5969680606387873
0.3358532829343413,0.31799364012719744
0.7928241435171297,0.7601447971040579
0.7431251374972501,0.7481450370992581
0.5477890442191157,0.3281734365312694
0.5213895722085559,0.5709485810283794
0.8504029919401612,0.8174636507269855
0.7471050578988421,0.7286854262914741
0.3383532329353413,0.34759304813903724
0.28619427611447773,0.3375732485350293
0.18537629247415052,0.35541289174216517
0.5260294794104118,0.5162296754064919
0.124937501249975,0.11193776124477511
0.632087358252835,0.5694086118277635
0.8174836503269934,0.8620627587448252
0.5194496110077799,0.34509309813803724
0.4411511769764605,0.4011719765604688
0.44549109017819644,0.4555108897822044
0.28271434571308574,0.31919361612767744
0.2891942161156777,0.15235695286094278
0.8584428311433772,0.7096658066838664
0.6688466230675387,0.6636867262654748
0.7646247075058499,0.7290654186916262
0.47269054618907624,0.29543409131817366
0.3651526969460611,0.5596688066238675
0.756404871902562,0.6971460570788585
0.47497050058998824,0.28059438811223775
0.8593628127437452,0.8374632507349853
0.4474510509789804,0.3360732785344293
0.6760664786704266,0.7835443291134178
0.6825263494730106,0.6958060838783224
0.5706285874282515,0.20907581848363033
0.7181656366872663,0.7979640407191857
0.9685006299874003,0.9666406671866563
0.7011059778804424,0.29675406491870165
0.8346033079338413,0.875582488350233
0.4163516729665407,0.5096898062038759
0.6706465870682586,0.6874462510749785
0.6766264674706506,0.7054858902821943
0.04357912841743165,0.033499330013399733
0.7355652886942261,0.45893082138357233
0.623427531449371,0.6123677526449471
0.16931661366772666,0.19261614767704646
0.04323913521729566,0.05177896442071159
0.5408891822163557,0.5534889302213956
0.7129257414851703,0.7175056498870023
0.3184736305273895,0.3254534909301814
0.8977820443591128,0.8963820723585528
0.254014919701606,0.3026739465210696
0.509109817803644,0.5278894422111557
0.011479770404591909,0.03347933041339173
0.9527609447811044,0.6588868222635548
0.4062918741625168,0.4288514229715406
0.9895202095958081,0.9829403411931762
0.10451790964180717,0.06951860962780744
0.6123477530449392,0.6421271574568509
0.6623067538649228,0.6780664386712266
0.8393632127357453,0.7321253574928501
0.9541809163816724,0.9670206595868083
0.636687266254675,0.625407491850163
0.8068238635227296,0.7402851942961141
0.4525509489810204,0.4613507729845403
0.2769144617107658,0.2003759924801504
0.02645947081058379,0.04835903281934362
0.21103577928441433,0.24499510009799805
0.037439251214975704,0.04265914681706366
0.40357192856142876,0.4144317113657727
0.5322293554128917,0.507709845803084
0.7373452530949381,0.6373672526549469
0.17321653566928663,0.19283614327713447
0.7252054958900822,0.6731265374692507
0.3502729945401092,0.4252114957700846
0.8452030959380813,0.8635027299454011
0.6591868162636747,0.6810063798724025
0.14179716405671888,0.23255534889302215
0.3277934441311174,0.38001239975200496
0.4265114697706046,0.4645707085858283
0.9338213235735285,0.8352032959340814
0.8606027879442412,0.8367832643347133
0.5144297114057719,0.5832883342333154
0.7269654606907862,0.6707065858682827
0.39019219615607686,0.3834723305533889
0.501909961800764,0.28397432051358973
0.3628527429451411,0.2892142157156857
0.35617287654246915,0.5271294574108518
0.6576468470630588,0.6950660986780265
0.9187416251674967,0.9359012819743605
0.631347373052539,0.18177636447271056
0.9594808103837924,0.9612607747845043
0.5551888962220756,0.6213275734485311
0.877102457950841,0.8546229075418492
0.13043739125217496,0.10631787364252715
0.055978880422391554,0.11737765244695106
0.18141637167256655,0.19373612527749445
0.6609067818643627,0.6432071358572828
0.2136357272854543,0.39921201575968485
0.25833483330333396,0.4346913061738765
0.055698886022279556,0.05845883082338353
0.26783464330713386,0.2593948121037579
0.5252694946101079,0.5472090558188837
0.45849083018339637,0.4436111277774445
0.5924681506369873,0.7174656506869863
0.7889442211155777,0.8489230215395692
0.2137357252854943,0.2025359492810144
0.4525309493810124,0.6567868642627148
0.03627927441451171,0.030679386412271754
0.8615427691446171,0.8481630367392653
0.5262294754104918,0.3374332513349733
0.40591188176236476,0.26961460770784584
0.7077258454830904,0.6639467210655787
0.16813663726725467,0.02917941641167177
0.3505329893402132,0.41277174456510873
0.8281234375312494,0.8639027219455612
0.12129757404851903,0.14485710285794284
0.2791944161116778,0.20825583488330235
0.5410691786164277,0.76132477350453
0.49461010779784403,0.6696866062678747
0.5524689506209876,0.7033059338813223
0.8915621687566249,0.7636647267054659
0.7331653366932661,0.6857862842743145
0.9692606147877043,0.9577208455830883
0.9875802483950321,0.9847603047939042
0.6685666286674267,0.5899482010359793
0.48411031779364416,0.49533009339813205
0.24555508889822206,0.21997560048799025
0.3061138777224456,0.3347533049339013
0.627467450650987,0.1383572328553429
0.9831803363932722,0.7802643947121057
0.2761744765104698,0.22297554048919022
0.9409411811763765,0.9452810943781125
0.5415891682166357,0.5802683946321073
0.50694986100278,0.3979920401591968
0.17205655886882262,0.13081738365232695
0.4150716985660287,0.42071158576828466
0.14109717805643887,0.2109157816843663
0.1494570108597828,0.19227615447691046
0.5955080898382032,0.6573668526629468
0.6780264394712106,0.747385052298954
0.8413031739365213,0.8438231235375293
0.31929361412771745,0.29197416051678965
0.8164836703265935,0.8157436851262975
0.7663446731065379,0.6444671106577868
0.31787364252714945,0.4037719245615088
0.45753084938301236,0.4607107857842843
0.9612607747845043,0.9569608607827844
0.5288094238115237,0.5205895882082359
0.6882462350752985,0.4586508269834603
0.9764604707905842,0.9882002359952802
0.9159016819663607,0.9035619287614248
0.4407711845763085,0.40031199376012483
0.2855942881142377,0.6530469390612188
0.23971520569588609,0.3379932401351973
0.8490430191396172,0.8227035459290815
0.125037499250015,0.10535789284214316
0.48537029259414816,0.4634107317853643
0.9655006899862003,0.9704205915881683
0.9806603867922642,0.9063818723625527
0.6827263454730905,0.7274054518909622
0.6527469450610988,0.5498290034199316
0.5214095718085638,0.5487290254194916
0.2376752464950701,0.06785864282714346
0.5451290974180517,0.7978040439191216
0.6341473170536589,0.6987860242795144
0.31941361172776545,0.25497490050198995
0.33037339253214937,0.4746505069898602
0.11491770164596708,0.12383752324953501
0.16347673046539068,0.2790744185116298
0.41007179856402876,0.4227515449691006
0.28659426811463773,0.013579728405431892
0.4613507729845403,0.5341893162136757
0.4258714825703486,0.9673006539869203
0.0374992500149997,0.061338773224535514
0.031179376412471753,0.03659926801463971
0.998140037199256,0.9978800423991521
0.0009199816003679927,0.0036799264014719707
0.250594988100238,0.32357352852942944
0.8338833223335533,0.6800263994720106
0.47921041579168416,0.5162096758064839
0.9080018399632007,0.9043219135617288
0.07833843323133538,0.08315833683326333
0.6352672946541069,0.6841263174736506
0.877162456750865,0.9236615267694647
0.8608827823443531,0.887922241555169
0.49745005099898004,0.2139757204855903
0.8669426611467771,0.7890642187156257
0.44605107897842045,0.49047019059618807
0.5712285754284915,0.5631887362252755
0.1397972040559189,0.1403371932561349
0.29263414731705367,0.29973400531989364
0.8573628527429452,0.889402211955761
0.502109957800844,0.07957840843183137
0.42501149977000463,0.44421111577768446
0.9325213495730086,0.9292814143717126
0.6915261694766105,0.7130657386852263
0.8627827443451132,0.7367452650946982
0.03259934801303974,0.025019499610007802
0.33987320253594927,0.3877922441551169
0.7004859902801944,0.1726365472690546
0.30407391852162957,0.24849503009939802
0.05461890762184757,0.051658966820663586
0.2379952400951981,0.3987320253594928
0.47297054058918825,0.5739685206295875
0.8642027159456811,0.8944421111577768
0.8355632887342254,0.8304233915321694
0.42907141857162856,0.2626747465050699
0.9764404711905762,0.9755204895902082
0.47309053818923624,0.5324093518129638
0.38023239535209297,0.3151336973260535
0.249815003699926,0.33163336733265336
0.2701545969080619,0.29345413091738165
0.14759704805903884,0.15963680726385474
0.3185736285274295,0.3517729645407092
0.8406231875362493,0.8203035939281215
0.4494910101797964,0.47893042139157216
0.5481090378192436,0.876802463950721
0.634087318253635,0.8257834843303135
0.05273894522109558,0.04937901241975161
0.5308293834123318,0.7711445771084579
0.30929381412371754,0.3033139337213256
0.4902701945961081,0.5556688866222675
0.06639867202655947,0.13619727605447893
0.1866962660746785,0.1744365112697746
0.624447511049779,0.5862882742345153
0.2747945041099178,0.10887782244355114
0.6386672266554669,0.5765884682306354
0.6013079738405233,0.623687526249475
0.42443151136977264,0.5945081098378032
0.6921061578768425,0.6473870522589549
0.8917421651566969,0.874202515949681
0.9617207655846883,0.9656406871862563
0.31901361972760545,0.22971540569188617
0.4190916181676367,0.2731345373092538
0.9788204235915282,0.9763404731905362
0.9540209195816084,0.9522409551808965
0.6549069018619628,0.6115877682446351
0.4360112797744045,0.6745465090698186
0.06469870602587949,0.055478890422191555
0.5622887542249155,0.5698286034279315
0.7417451650966981,0.8503829923401532
0.11517769644607108,0.15517689646207075
0.08135837283254335,0.0640787184256315
0.5393892122157558,0.5996280074398512
0.5700285994280114,0.5100297994040119
0.7965440691186176,0.7824843503129938
0.4053718925621488,0.3255334893302134
0.15449691006179878,0.0020599588008239837
0.4377912441751165,0.24553508929821405
0.09125817483650327,0.2627547449051019
0.5968280634387313,0.6109277814443711
0.5235095298094038,0.4938101237975241
0.12937741245175097,0.2033159336813264
0.4338913221735565,0.4848303033939321
0.5995480090398192,0.5254694906101878
0.6879062418751625,0.6840063198736025
0.08367832643347134,0.07003859922801545
0.503369932601348,0.6085478290434192
0.999960000799984,0.9999200015999681
0.3216535669286614,0.30345393092138156
0.9017819643607128,0.8708225835483291
0.4282314353712926,0.33479330413391734
0.8510429791404173,0.8638827223455531
0.34937301253974923,0.22985540289194217
0.1136177276454471,0.07491850162996741
0.2003159936801264,0.29779404411911764
0.09191816163676726,0.020279594408111837
0.15293694126117477,0.15779684406311875
0.10305793884122318,0.19327613447731046
0.06891862162756746,0.041859162816743664
0.47325053498930025,0.3651926961460771
0.8155636887262255,0.6159676806463871
0.4769104617907642,0.5737685246295074
0.030959380812383752,0.10267794644107119
0.9418611627767445,0.9455010899782005
0.5868682626347473,0.6693666126677467
0.869962600747985,0.8947621047579049
0.7012659746805064,0.5803283934321314
0.8131237375252495,0.8408231835363293
0.8239835203295934,0.8005039899202017
0.32283354332913344,0.29577408451830967
0.19265614687706248,0.2278754424911502
0.5252094958100838,0.629767404651907
0.26719465610687787,0.248795024099518
0.6909461810763785,0.9182416351672967
0.1880362392752145,0.14721705565888682
0.27293454130917383,0.2740945181096378
0.11137777244455112,0.10927781444371112
0.34429311413771724,0.2382352352952941
0.8273234535309294,0.8426631467370653
0.29893402131957364,0.2898942021159577
0.20773584528309436,0.3039339213215736
0.22485550288994222,0.6790264194716106
0.6728465430691386,0.6020879582408352
0.8546629067418652,0.7925441491170176
0.49483010339793204,0.621167576648467
0.9856402871942561,0.9756404871902562
0.17425651486970262,0.13319733605327894
0.14077718445631088,0.04527909441811164
0.5969880602387952,0.7297654046919062
0.29429411411771766,0.10703785924281514
0.34897302053958923,0.0864182716345673
0.27429451410971784,0.25881482370352593
0.2389352212955741,0.24505509889802204
0.08361832763344733,0.1495370092598148
0.749665006699866,0.7394052118957621
0.8595228095438091,0.9008819823603528
0.6594468110637788,0.6478270434591309
0.009739805203895922,0.008239835203295935
0.8913421731565369,0.8650626987460251
0.19641607167856642,0.11401771964560709
0.3539129217415652,0.2374552508949821
0.9707805843883123,0.9722205555888882
0.37097258054838905,0.4123517529649407
0.9449411011779765,0.9218615627687446
0.8272834543309134,0.8120437591248175
0.7807043859122818,0.8607027859442812
0.5519689606207876,0.5755484890302194
0.5257294854102919,0.5601087978240435
0.8607027859442812,0.8825023499530009
0.24097518049639008,0.38157236855262894
0.8258034839303214,0.7799444011119778
0.2665346693066139,0.2388352232955341
0.05099898002039959,0.051758964820703586
0.24131517369652608,0.18021639567208655
0.18457630847383052,0.3141937161256775
0.06731865362692746,0.07471850562988741
0.5560888782224356,0.6409271814563708
0.7887042259154817,0.7721845563088738
0.2775744485110298,0.29541409171816563
0.9293814123717526,0.9069218615627688
0.31649367012659746,0.2120357592848143
0.9738405231895363,0.9780204395912082
0.2997740045199096,0.2874742505149897
0.25669486610267794,0.23315533689326215
0.7810043799124018,0.8422631547369053
0.2767744645107098,0.6390472190556189
0.18983620327593448,0.2017959640807184
0.14261714765704686,0.13731725365492692
0.2379352412951741,0.2258754824903502
0.4059918801623968,0.3855322893542129
0.1389972200555989,0.13169736605267895
0.012159756804863904,0.009139817203655927
0.023619527609447813,0.023219535609287814
0.9146017079658407,0.7129657406851864
0.20321593568128637,0.30653386932261356
0.7170856582868342,0.5582888342233155
0.17691646167076658,0.18903621927561448
0.2895542089158217,0.25699486010279793
0.39367212655746886,0.375652486950261
0.7179056418871623,0.8105037899242016
0.26727465450690985,0.19729605407891843
0.19269614607707847,0.10757784844303114
0.02873942521149577,0.2656146877062459
0.4510909781804364,0.4564308713825724
0.4021919561608768,0.35045299094018123
0.07039859202815944,0.0634387312253755
0.6890462190756185,0.7651046979060419
0.5790884182316354,0.29797404051918963
0.6383272334553309,0.6996860062798744
0.10771784564308715,0.17427651446971062
0.6428071438571229,0.41015179696406073
0.04047919041619168,0.09467810643787125
0.5820683586328274,0.6220075598488031
0.011799764004719906,0.010579788404231915
0.0011799764004719905,0.0014399712005759885
0.20839583208335835,0.37457250854982904
0.43685126297474053,0.22427551448971023
0.9739805203895923,0.3243335133297334
0.5552888942221156,0.7252854942901142
0.11647767044659108,0.12987740245195095
0.29689406211875763,0.25827483450330996
0.4781504369912602,0.7317253654926902
0.43473130537389254,0.39283214335713285
0.6393472130557389,0.6705265894682106
0.7850442991140177,0.7256254874902502
0.036059278814423716,0.04707905841883162
0.20533589328213436,0.19529609407811843
0.9074218515629687,0.9261614767704647
0.748205035899282,0.7421051578968421
0.8936621267574649,0.3361332773344533
0.017059658806823863,0.014839703205935882
0.7870642587148258,0.7356252874942502
0.20985580288394232,0.13599728005439893
0.7099258014839703,0.6498270034599308
0.749245015099698,0.75172496550069
0.4304713905721886,0.39453210935781285
0.7634647307053859,0.7161856762864743
0.5216095678086439,0.24697506049879003
0.04081918361632768,0.05151896962060759
0.5209695806083878,0.27065458690826183
0.29367412651746966,0.25729485410291797
0.7592448151036979,0.8176036479270414
0.5491290174196516,0.5418491630167397
0.05363892722145557,0.05351892962140757
0.4755304893902122,0.4255514889702206
0.42037159256814866,0.5417091658166837
0.18857622847543049,0.11999760004799905
0.04257914841703166,0.03627927441451171
0.3137137257254855,0.4561308773824524
0.2627747445051099,0.6403671926561469
0.47053058938821224,0.4481910361792764
0.9819803603927921,0.9923801523969521
0.7140457190856183,0.874002519949601
0.4837503249935001,0.4560308793824124
0.02857942841143177,0.026239475210495793
0.37555248895022103,0.24661506769864602
0.75162496750065,0.5282894342113158
0.9662406751864963,0.9742205155896883
0.634387312253755,0.6982860342793145
0.14413711725765485,0.19315613687726246
0.2923941521169577,0.3211535769284614
0.5777284454310914,0.45479090418191637
0.877982440351193,0.8402231955360893
0.25999480010399795,0.2746145077098458
0.26933461330773384,0.50184996300074
0.5248095038099239,0.4164516709665807
0.21039579208415832,0.254654906901862
0.14889702205955882,0.0378592428151437
0.38165236695266097,0.3641327173456531
0.7684446311073779,0.764084718305634
0.33393332133357334,0.32381352372952543
0.41689166216675666,0.3629327413451731
0.5336893262134758,0.5598488030239396
0.9477810443791125,0.7092658146837063
0.2837543249135017,0.4129917401651967
0.8253834923301534,0.8568228635427292
0.507369852602948,0.5193296134077319
0.9912201755964881,0.993920121597568
0.7809443811123777,0.8278434431311374
0.7006659866802665,0.9338813223735526
0.7031059378812424,0.6547069058618827
0.8337233255334894,0.8898022039559209
0.26251474970500593,0.32139357212855746
0.10711785764284715,0.33325333493330134
0.014599708005839884,0.011479770404591909
0.1413371732565349,0.24187516249675006
0.19521609567808645,0.1871962560748785
0.7750644987100258,0.7104057918841623
0.5890082198356034,0.6646867062658747
0.6613467730645387,0.6556468870622588
0.3377332453350933,0.24795504089918202
0.3885122297554049,0.42467150656986863
0.9859602807943841,0.9858602827943441
0.5257494850102998,0.5289494210115798
0.14855702885942282,0.19473610527789445
0.8400631987360253,0.8592228155436892
0.4681506369872603,0.6681266374672507
0.8366032679346413,0.9295014099718006
0.48493030139397214,0.37007259854802904
0.24211515769684608,0.41791164176716467
0.03521929561408772,0.17249655006899864
0.12403751924961501,0.11005779884402313
0.7150456990860183,0.5643887122257555
0.26749465010699786,0.2967340653186936
0.9800603987920242,0.9820003599928002
0.7363452730945381,0.764544709105818
0.5362692746145077,0.5304893902121958
0.4263514729705406,0.47835043299134017
0.2812943741125178,0.40683186336273275
0.1754564908701826,0.2023959520809584
0.629167416651667,0.5553688926221476
0.28521429571408574,0.24837503249935003
0.32993340133197335,0.19045619087618249
0.7884042319153617,0.7450250994980101
0.5308093838123238,0.505729885402292
0.4113717725645487,0.46285074298514034
0.6654866902661947,0.7260254794904102
0.507729845403092,0.7028059438811224
0.6732265354692907,0.7158456830863383
0.5586888262234756,0.6424471510569789
0.12267754644907103,0.11567768644627108
0.9402011959760805,0.9283214335713286
0.7070458590828184,0.5282094358112838
0.9946601067978641,0.9955000899982
0.379112417751645,0.29355412891742166
0.4113117737645247,0.3251134977300454
0.50814983700326,0.22279554408911822
0.023059538809223817,0.02777944441111178
0.6729665406691866,0.7308453830923382
0.6600667986640267,0.4136717265654687
0.631907361852763,0.30305393892122157
0.7100257994840103,0.27897442051158977
0.07193856122877543,0.0754584908301834
0.6068678626427472,0.6581268374632507
0.2878542429151417,0.1906761864762705
0.44491110177796445,0.43353132937341254
0.7122457550848983,0.629427411451771
0.2893142137157257,0.7023659526809464
0.6394272114557709,0.637727245455091
0.1891962160756785,0.7277854442911142
0.6769064618707626,0.7659646807063859
0.2784344313113738,0.8067238655226896
0.5452290954180916,0.4502509949801004
0.7668446631067379,0.7875842483150337
0.124557508849823,0.12349753004939902
0.8719425611487771,0.9283014339713206
0.2610147797044059,0.29567408651826965
0.05157896842063159,0.07385852282954342
0.9219815603687926,0.9079818403631927
0.37115257694846104,0.05985880282394352
0.373292534149317,0.27395452090958183
0.8002239955200896,0.5864082718345633
0.3971320573588528,0.510209795804084
0.9175416491670166,0.8451030979380413
0.4456710865782684,0.4537909241815164
0.8140437191256176,0.7955840883182337
0.1740965180696386,0.15707685846283076
0.14127717445651086,0.08401831963360733
0.8637627247455051,0.7970040599188016
0.6451870962580749,0.7331053378932422
0.02665946681066379,0.02621947561048779
0.48413031739365214,0.29657406851862966
0.2988540229195416,0.15595688086238277
0.2759944801103978,0.2632347353052939
0.8669626607467851,0.8575228495430092
0.3919321613567729,0.40561188776224477
0.8479830403391933,0.8608827823443531
0.42993140137197255,0.5562288754224916
0.9148217035659287,0.9367012659746805
0.19797604047919043,0.1878162436751265
0.3509929801403972,0.39311213775724485
0.39327213455730886,0.16027679446411072
0.18311633767324653,0.18589628207435852
0.8418631627367453,0.7695246095078099
0.9197216055678886,0.9144617107657848
0.7085658286834263,0.19011619767604648
0.17215655686886264,0.1500769984600308
0.7286254274914502,0.1653766924661507
0.19043619127617448,0.16759664806703867
0.6835663286734266,0.6326473470530589
0.9866402671946561,0.9928001439971201
0.2774744505109898,0.3167336653266935
0.5498090038199236,0.41089178216435673
0.3163336733265335,0.5062898742025159
0.024159516809663807,0.02115957680846383
0.39555208895822086,0.4666506669866603
0.5255694886102278,0.4732305353892922
0.5610287794244115,0.6193476130477391
0.9043219135617288,0.6486270274594509
0.4288714225715486,0.3570528589428212
0.9503209935801284,0.880302393952121
0.0375392492150157,0.31185376292474154
0.8371632567348654,0.8352232955340894
0.11681766364672706,0.2387352252954941
0.6997860042799144,0.6863862722745545
0.8507829843403132,0.8097838043239135
0.5528689426211476,0.5859682806343873
0.8455630887382253,0.8149037019259615
0.16941661166776664,0.14915701685966282
0.8568028639427212,0.7173056538869222
0.07431851362972741,0.07725845483090338
0.9445411091778165,0.9726605467890642
0.44629107417851643,0.4217715645687086
0.4799304013919722,0.33867322653546933
0.025379492410151798,0.04269914601707966
0.5770884582308354,0.507569848603028
0.6913261734765305,0.6952660946781065
0.0753584928301434,0.28281434371312575
0.19721605567888642,0.253454930901382
0.01509969800603988,0.020979580408391832
0.0762584748305034,0.10199796004079918
0.5908281834363313,0.50504989900202
0.47339053218935623,0.5930681386372273
0.2122957540849183,0.19215615687686247
0.005259894802103958,0.0077598448031039385
0.24779504409911804,0.20585588288234236
0.7809643807123858,0.7423051538969221
0.8056838863222736,0.6103877922441552
0.49585008299834005,0.8969220615587689
0.39349213015739687,0.43497130057398853
0.6558468830623387,0.6659866802663947
0.16795664086718265,0.19263614727705447
0.5721685566288675,0.5813483730325394
0.29277414451710965,0.2589348213035739
0.09709805803883922,0.1358172836543269
0.624827503449931,0.6035279294414112
0.742705145897082,0.7853042939141217
0.003239935201295974,0.006759864802703946
0.43427131457370854,0.2972540549189016
0.5841283174336513,0.6134077318453631
0.8732025359492811,0.8840823183536329
0.17197656046879062,0.16707665846683067
0.872962540749185,0.880042399152017
0.1647767044659107,0.24191516169676608
0.38245235095298097,0.45737085258294835
0.9129617407651848,0.8907021859562809
0.8358032839343214,0.8053838923221536
0.9585408291834163,0.9517809643807125
0.3093738125237495,0.2834743305133897
0.7794244115117698,0.6847263054738906
0.2364152716945661,0.2392552148957021
0.8097038059238816,0.8048039039219216
0.40819183616327676,0.5065098698026039
0.10663786724265516,0.15347693046139077
0.051158976820463595,0.22103557928841425
0.2000759984800304,0.2129557408851823
0.8047039059218816,0.7041659166816664
0.5424891502169957,0.4652906941861163
0.6647067058658827,0.7041059178816423
0.7060858782824344,0.5913881722365553
0.8051638967220656,0.8476830463390732
0.9263014739705207,0.9232215355692887
0.08503829923401532,0.07851842963140737
0.374792504149917,0.33303333933321333
0.043079138417231655,0.028219435611287775
0.24383512329753407,0.248135037299254
0.12223755524889503,0.34489310213795726
0.7246655066898662,0.7200055998880023
0.5037699246015079,0.4260314793704126
0.9210415791684167,0.9160216795664087
0.25359492810143797,0.1988760224795504
0.4011919761604768,0.4210315793684126
0.5330293394132117,0.5674486510269795
0.0625587488250235,0.05735885282294354
0.6802463950720986,0.6888662226755465
0.5649487010259795,0.5840683186336273
0.9223215535689286,0.9444811103777925
0.5968080638387232,0.5881882362352753
0.1895362092758145,0.19213615727685446
0.5604487910241795,0.44429111417771644
0.8206435871282575,0.9499810003799924
0.5982280354392913,0.5166896662066759
0.3916921661566769,0.7370252594948101
0.7328653426931462,0.7395452090958181
0.8430231395372093,0.8095038099238016
0.7808443831123377,0.7866842663146737
0.8924221515569689,0.8721025579488411
0.4595108097838043,0.6013079738405233
0.7801043979120418,0.7922041559168816
0.74872502549949,0.8172636547269055
0.07085858282834344,0.12275754484910302
0.2138557228855423,0.2781544369112618
0.6079678406431872,0.41953160936781264
0.07931841363172737,0.08859822803543929
0.9240015199696007,0.9303613927721446
0.2749345013099738,0.2900341993160137
0.0030799384012319755,0.0025399492010159796
0.09347813043739125,0.19231615367692648
0.6751864962700747,0.8399432011359773
0.7103057938841223,0.7955040899182017
0.21935561288774225,0.20441591168176637
0.622487550248995,0.5439291214175717
0.6169276614467711,0.6699466010679787
0.2234955300893982,0.8226435471290574
0.7275054498910022,0.7742645147097058
0.49511009779804405,0.507129857402852
0.7986240275194496,0.8279634407311854
0.24775504489910202,0.35739285214295713
0.8725425491490171,0.8228435431291374
0.6366272674546509,0.636127277454451
0.4293914121717566,0.3533929321413572
0.7812443751124978,0.7387652246955061
0.9518009639807204,0.9779604407911842
0.5639087218255635,0.4106917861642767
0.7647247055058899,0.8583628327433451
0.9826003479930402,0.9850802983940321
0.5451090978180436,0.49375012499750004
0.42095158096838065,0.3178336433271335
0.502029959400812,0.5769284614307714
0.6899862002759946,0.636247275054499
0.34569308613827726,0.35709285814283714
0.250994980100398,0.6745265094698106
0.8099238015239696,0.8390432191356173
0.08325833483330333,0.0885782284354313
0.9464410711785765,0.9522009559808804
0.8910221795564089,0.9283614327713446
0.5686286274274515,0.5490490190196197
0.993680126397472,0.9892002159956801
0.19785604287914244,0.2364152716945661
0.49617007659846807,0.47365052698946025
0.3526129477410452,0.36027279454410915
0.18413631727365454,0.35949281014379714
0.35343293134137316,0.44085118297634046
0.5550488990220196,0.5103897922041559
0.878982420351593,0.9017619647607048
0.026719465610687786,0.02019959600807984
0.4239915201695966,0.379652406951861
0.000759984800303994,0.0001999960000799984
0.7775844483110338,0.6741465170696587
0.6211075778484431,0.4894902101957961
0.5193096138077239,0.6997860042799144
0.765804683906322,0.7110457790844184
0.4084518309633807,0.5947481050378992
0.11071778564428712,0.125557488850223
0.4949101017979641,0.3315533689326214
0.11565768684626308,0.13131737365252696
0.005139897202055959,0.05403891922161557
0.49739005219895605,0.12335753284934302
0.38075238495230096,0.6485870282594348
0.9055218895622088,0.8603827923441532
0.4257314853702926,0.3261934761304774
0.5422291554168917,0.4757104857902842
0.636707265854683,0.6127877442451152
0.6350672986540269,0.7137657246855064
0.8313833723325533,0.8524229515409693
0.0497790044199116,0.0379192416151677
0.2744545109097818,0.5358492830143398
0.6459270814583709,0.6801463970720586
0.879122417551649,0.877042459150817
0.7213655726885463,0.6418071638567229
0.1642367152656947,0.1889962200755985
0.05221895562088758,0.05279894402111958
0.6415671686566269,0.6736865262694747
0.1377572448551029,0.16883662326753465
0.5607887842243156,0.630627387452251
0.4037519249615008,0.5664286714265715
0.9578208435831284,0.9781804363912722
0.4263914721705566,0.5948881022379553
0.6833063338733225,0.7632447351052979
0.1615167696646067,0.17923641527169457
0.878342433151337,0.8917421651566969
0.6429871402571948,0.6010479790404192
0.636027279454411,0.9244215115697686
0.9546209075818484,0.9601807963840724
0.7958640827183456,0.7411451770964581
0.9868202635947282,0.9863602727945442
0.5239095218095638,0.5588488230235396
0.13949721005579888,0.1865362692746145
0.1394772104557909,0.13419731605367893
0.751944961100778,0.7724645507089859
0.8389632207355853,0.8180436391272174
0.8665826683466331,0.8480630387392253
0.5357492850142997,0.43077138457230857
0.017819643607127858,0.03487930241395172
0.8248835023299534,0.8911021779564409
0.5975280494390113,0.5070898582028359
0.6443871122577549,0.5173296534069319
0.39413211735765286,0.2128557428851423
0.9992200155996881,0.999260014799704
0.7921441571168577,0.8206835863282734
0.16609667806643869,0.049239015219695606
0.09549809003819924,0.11801763964720706
0.8570428591428172,0.869742605147897
0.6050678986420271,0.48721025579488414
0.004219915601687966,0.00251994960100798
0.6471870562588748,0.6200675986480271
0.27813443731125376,0.21777564448711026
0.6481470370592588,0.6491670166596668
0.024599508009839805,0.029819403611927763
0.008999820003599928,0.00761984760304794
0.1017579648407032,0.12257754844903103
0.12823743525129497,0.014679706405871884
0.02625947481050379,0.008499830003399933
0.0497990040199196,0.05593888122237555
0.879202415951681,0.9006619867602649
0.3260934781304374,0.42003159936801265
0.5259694806103878,0.4636507269854603
0.8361432771344574,0.6128277434451311
0.5857282854342913,0.6110277794444111
0.4691706165876683,0.7705645887082259
0.3632327353452931,0.3408331833363333
0.4834103317933641,0.5482690346193076
0.34571308573828524,0.3932521349573009
0.19889602207955842,0.22117557648847025
0.5639487210255795,0.5453490930181396
0.9933001339973201,0.9921601567968641
0.8932821343573129,0.883722325553489
0.9778404431911362,0.9659606807863843
0.4862102757944841,0.5307693846123078
0.31185376292474154,0.2726545469090618
0.2394952100957981,0.26737465250694986
0.7741845163096739,0.8036439271214576
0.5194296114077719,0.49951000979980403
0.06409871802563949,0.7345053098938021
0.7963640727185457,0.6363272734545309
0.5868882622347553,0.7169656606867862
0.07711845763084739,0.06993860122797545
0.04191916161676767,0.2394552108957821
0.633147337053259,0.6908061838763225
0.7667446651066979,0.7297254054918901
0.9277414451710966,0.8641027179456411
0.5267694646107078,0.5270494590108198
0.8663226735465291,0.8583228335433292
0.18461630767384654,0.26143477130457393
0.8317233655326893,0.8436631267374652
0.3678726425471491,0.49431011379772405
0.08633827323453531,0.09637807243855123
0.05947881042379153,0.05603887922241555
0.5708285834283314,0.7416251674966501
0.7921041579168417,0.8110837783244336
0.5232695346093078,0.4514909701805964
0.4551708965820684,0.49703005939881206
0.9786804263914722,0.9785804283914322
0.29945401091978163,0.4665506689866203
0.11813763724725505,0.09021819563608728
0.5273494530109398,0.503709925801484
0.19633607327853445,0.2777544449111018
0.2407351852962941,0.2651946961060779
0.49769004619907603,0.4133517329653407
0.5300693986120277,0.377232455350893
0.8156236875262495,0.744165116697666
0.9098618027639448,0.9256214875702486
0.12273754524909503,0.126117477650447
0.376032479350413,0.5479690406191876
0.7329853402931942,0.7141057178856424
0.20969580608387833,0.01113977720445591
0.1505369892602148,0.15923681526369474
0.09895802083958322,0.08515829683406333
0.6871262574748506,0.6127477450450991
0.757464850702986,0.8313633727325453
0.32187356252874944,0.3271934561308774
0.8218835623287535,0.7982440351192976
0.28025439491210175,0.3647127057458851
0.7152256954860903,0.628347433051339
0.9523009539809204,0.9210215795684087
0.8409031819363613,0.7288254234915302
0.640587188256235,0.5274094518109638
0.17499650006999862,0.1874362512749745
0.3534529309413812,0.5122497550048999
0.060018799624007524,0.05605887882242355
0.4719105617887642,0.6431271374572509
0.25989480210395793,0.26079478410431794
0.9441211175776485,0.9279614407711846
0.9259214815703686,0.9514609707805844
0.3673526529469411,0.5220895582088358
0.6096278074438511,0.6534469310613787
0.5756484870302594,0.6924661506769865
0.7095258094838104,0.6605267894642107
0.9473810523789524,0.9493010139797204
0.8578428431431372,0.8564628707425852
0.3310933781324374,0.45947081058378836
0.3237335253294934,0.30323393532129356
0.44403111937761247,0.31785364292714147
0.7176056478870423,0.6454670906581869
0.19765604687906244,0.28151436971260574
0.22831543369132618,0.15913681726365472
0.48571028579428416,0.5107297854042919
0.6107077858442831,0.6966660666786665
0.5129297414051719,0.7044059118817624
0.1128377432451351,0.28319433611327777
0.3372132557348853,0.21853562928741427
0.7704245915081699,0.8267034659306814
0.6884062318753625,0.6039279214415711
0.7652846943061139,0.8272034559308814
0.17239655206895863,0.127297454050919
0.007819843603127938,0.006899862002759945
0.07133857322853543,0.05553888922221556
0.022079558408831825,0.01379972400551989
0.08235835283294335,0.08875822483550329
0.04407911841763165,0.0629587408251835
0.1492570148597028,0.21879562408751826
0.6173076538469231,0.6638267234655307
0.751364972700546,0.8086438271234575
0.8255834883302334,0.8571228575428492
0.8487230255394892,0.874562508749825
0.0881782364352713,0.20579588408231836
0.382672346553069,0.40105197896042083
0.7979040419191616,0.9380212395752086
0.6508669826603468,0.8295634087318254
0.7419851602967941,0.7262654746905062
0.12343753124937501,0.08235835283294335
0.3156136877262455,0.4744905101897962
0.9562208755824884,0.9398012039759205
0.2415351692966141,0.30783384332313357
0.2766544669106618,0.30477390452190956
0.9246015079698406,0.9302013959720806
0.2786744265114698,0.30465390692186156
0.34411311773764525,0.31825363492730147
0.7330253394932101,0.6737065258694827
0.02769944601107978,0.07149857002859943
0.2616147677046459,0.24217515649687008
0.09305813883722326,0.1626967460650787
0.3892722145557089,0.380152396952061
0.11909761804763905,0.13011739765204697
0.03235935281294374,0.05299894002119958
0.2583148337033259,0.5660886782264355
0.5451490970180597,0.6099278014439712
0.15497690046199075,0.18971620567588648
0.8352832943341133,0.8296034079318414
0.5745885082298354,0.7254054918901622
0.4370512589748205,0.8050038999220016
0.43071138577228457,0.3851322973540529
0.2991940161196776,0.2980940381192376
0.628587428251435,0.2884942301153977
0.4019919601607968,0.12823743525129497
0.028619427611447774,0.08229835403291934
0.508609827803444,0.7307253854922902
0.7121257574848503,0.75472490550189
0.7384252314953701,0.8453430931381373
0.22279554408911822,0.0026199476010479793
0.44827103457930845,0.498330033399332
0.638427231455371,0.6676266474670507
0.632227355452891,0.619067618647627
0.23123537529249416,0.3894522109557809
0.25117497650047,0.29967400651986964
0.3254334913301734,0.373512529749405
0.6559468810623788,0.6742465150696987
0.75022499550009,0.7437651246975061
0.6438271234575309,0.6764264714705707
0.46211075778484434,0.6121077578448432
0.07257854842903143,0.09639807203855923
0.2631347373052539,0.2675146497070059
0.08383832323353534,0.028239435211295776
0.4328713425731486,0.629727405451891
0.6697266054678906,0.6101677966440672
0.2887942241155177,0.29321413571728566
0.7267654646907062,0.6579468410631788
0.6778464430711386,0.6895462090758185
0.0026799464010719785,0.0023399532009359815
0.5490890182196356,0.5316493670126597
0.28077438451230974,0.47121057578848424
0.7207055858882823,0.7145257094858103
0.25987480250394995,0.23021539569208616
0.11999760004799905,0.1518569628607428
0.09183816323673527,0.07871842563148737
0.40979180416391675,0.2611547769044619
0.5394692106157877,0.5243495130097399
0.2998140037199256,0.4395312093758125
0.35423291534169316,0.28451430971380576
0.09267814643707126,0.06503869922601548
0.6477270454590909,0.6029479410411792
0.7427251454970901,0.638647227055459
0.9827603447931041,0.9745205095898083
0.9485610287794245,0.9325413491730166
0.8336233275334494,0.8503429931401373
0.17919641607167858,0.23485530289394213
0.29589408211835766,0.08559828803423931
0.19877602447951043,0.31053378932421355
0.41203175936481273,0.6030279394412112
0.9445611087778245,0.9406011879762405
0.12155756884862304,0.10559788804223916
0.16779664406711867,0.18381632367352654
0.08943821123577529,0.025579488410231797
0.9245015099698006,0.9359412811743766
0.08901821963560728,0.2608947821043579
0.4398312033759325,0.5133497330053399
0.1391972160556789,0.12733745325093498
0.4531109377812444,0.6650266994660107
0.019339613207735844,0.019299614007719845
0.7371052578948422,0.6601467970640588
0.06485870282594348,0.05223895522089558
0.6579068418631627,0.6686266274674507
0.1619767604647907,0.14821703565928682
0.6794464110717786,0.6692466150676987
0.031599368012639746,0.018019639607207857
0.5433291334173317,0.5473090538189236
0.2930141397172057,0.26771464570708586
0.6496670066598669,0.631867362652747
0.5536289274214516,0.630607387852243
0.06379872402551949,0.09463810723785525
0.5568088638227235,0.4772504549909002
0.4519309613807724,0.28097438051238977
0.99620007599848,0.9960600787984241
0.4145117097658047,0.7268854622907542
0.10527789444211116,0.10919781604367913
0.9299414011719765,0.9612807743845123
0.9307213855722886,0.9581808363832723
0.2672946541069179,0.2272754544909102
0.02007959840803184,0.012139757204855904
0.5718485630287394,0.3516929661406772
0.020539589208215837,0.01877962440751185
0.8387632247355054,0.8112837743245135
0.2228355432891342,0.20009599808003842
0.7612647747045059,0.8191236175276495
0.5564288714225716,0.626547469050619
0.06741865162696746,0.08131837363252735
0.26917461650766983,0.42067158656826864
0.7317253654926902,0.6990860182796345
0.8441631167376653,0.8568428631427372
0.21587568248635028,0.25803483930321397
0.9078018439631208,0.8307033859322814
0.3517529649407012,0.3404931901361973
0.502009959800804,0.5368692626147478
0.8679426411471771,0.9086418271634568
0.8847623047539049,0.9455410891782164
0.626067478650427,0.5468090638187236
0.0622987540249195,0.06825863482730346
0.35771284574308515,0.17179656406871863
0.3117737645247095,0.9858802823943521
0.5217095658086839,0.5173696526069479
0.11457770844583108,0.16879662406751866
0.46909061818763625,0.636707265854683
0.1894762104757905,0.2652946941061179
0.10329793404131918,0.14509709805803883
0.3497530049399012,0.3532929341413172
0.5329093418131637,0.31711365772684547
0.30621387572248554,0.6440871182576349
0.5410491790164197,0.623627527449451
0.14321713565728686,0.16859662806743866
0.22379552408951822,0.249455010899782
0.4635907281854363,0.14621707565848682
0.9320613587728246,0.9485610287794245
0.4563108737825244,0.5879082418351633
0.3141737165256695,0.5278294434111318
0.39745205095898084,0.20773584528309436
0.03537929241415172,0.029159416811663768
0.7265254694906103,0.7316453670926581
0.07815843683126338,0.06047879042419152
0.7737845243095138,0.7375252494950101
0.5336493270134598,0.5155896882062359
0.3111337773244535,0.28505429891402173
0.25565488690226196,0.43231135377292457
0.6012679746405072,0.8069238615227696
0.9021219575608488,0.9003619927601448
0.03667926641467171,0.04887902241955161
0.4638907221855563,0.5057498850023
0.4874102517949641,0.40527189456210877
0.9300813983720326,0.9308213835723286
0.5707085858282834,0.5801883962320754
0.4229115417691646,0.4367512649747005
0.7198656026879463,0.6893262134757305
0.1880162396752065,0.19369612607747846
0.6439671206575869,0.6929461410771784
0.8062838743225136,0.874282514349713
0.22863542729145417,0.1862162756744865
0.6875662486750265,0.7941441171176576
0.8960620787584249,0.9225815483690326
0.6595468090638188,0.7569448611027779
0.628287434251315,0.4921701565968681
0.3667726645467091,0.4136517269654607
0.9158816823663527,0.9014419711605768
0.15329693406131878,0.14409711805763886
0.4508909821803564,0.6535069298614028
0.3263934721305574,0.06457870842583148
0.1617967640647187,0.47173056538869224
0.7825843483130338,0.8401631967360653
0.7653246935061299,0.8079038419231616
0.5353092938141237,0.5523889522209556
0.999420011599768,0.6550868982620348
0.9810403791924162,0.9115617687646247
0.9954400911981761,0.9742405151896962
0.08133837323253536,0.26909461810763785
0.3270734585308294,0.3975920481590368
0.250634987300254,0.6175276494470111
0.1640567188656227,0.2023359532809344
0.5240095198096039,0.5808083838323234
0.7260654786904263,0.7286654266914662
0.39459210815783685,0.4537509249815004
0.20511589768204636,0.4045719085618288
0.875842483150337,0.877562448751025
0.9453210935781284,0.9406611867762645
0.1518369632607348,0.16729665406691865
0.4632307353852923,0.5817083658326834
0.39545209095818085,0.3599728005439891
0.8282434351312974,0.7307853842923142
0.49631007379852404,0.2933741325173497
0.6578868422631547,0.6053478930421392
0.9416811663766725,0.9848003039939202
0.7762044759104818,0.7850042999140018
0.5355492890142197,0.8530029399412012
0.15485690286194276,0.15691686166276675
0.8872622547549049,0.7689646207075859
0.00003999920001599968,0.000059998800023999525
0.23583528329433412,0.24467510649787005
0.06725865482690346,0.05773884522309554
0.7168256634867303,0.7237055258894822
0.8066438671226576,0.7904841903161937
0.9002019959600809,0.8874422511549769
0.7850642987140257,0.6952460950780984
0.5297094058118837,0.6134477310453791
0.1630967380652387,0.1633767324653507
0.44861102777944445,0.5298494030119398
0.7236855262894742,0.6388472230555389
0.7972640547189056,0.75712485750285
0.8664626707465851,0.8269834603307934
0.377732445351093,0.3625327493450131
0.00761984760304794,0.00623987520249595
0.35653286934261313,0.4552308953820924
0.5623687526249476,0.8063238735225295
0.5745685086298274,0.620687586248275
0.6867262654746905,0.7087058258834824
0.6763864722705546,0.626047479050419
0.1626967460650787,0.2156956860862783
0.35593288134237316,0.49735005299894003
0.07755844883102338,0.125097498050039
0.32009359812803745,0.29647407051858965
0.33369332613347735,0.35675286494270114
0.4015719685606288,0.4892502149957001
0.761684766304674,0.6716665666686666
0.028099438011239777,0.028359432811343774
0.4328113437731246,0.6004479910401792
0.5812883742325153,0.43217135657286854
0.3635327293454131,0.6054878902421952
0.38801223975520494,0.4522509549809004
0.9003419931601369,0.8881222375552489
0.9551208975820484,0.9569408611827763
0.624607507849843,0.5414091718165637
0.08665826683466331,0.25815483690326196
0.4521109577808444,0.4224515509689806
0.3061738765224696,0.379532409351813
0.07491850162996741,0.10815783684326313
0.6466670666586668,0.7001259974800504
0.24243515129697407,0.2701545969080619
0.34731305373892524,0.376712465750685
0.7728645427091458,0.999540009199816
0.34217315653686925,0.39241215175696487
0.6633067338653227,0.35767284654306913
0.875762484750305,0.8947821043579128
0.29527409451810965,0.2600747985040299
0.8545429091418172,0.8521429571408572
0.6793264134717306,0.754964900701986
0.5343693126137478,0.46199076018479635
0.9652206955860884,0.9684806303873923
0.09801803963920722,0.11175776484470311
0.01017979640407192,0.009159816803663927
0.9639407211855763,0.9617607647847043
0.5886282274354513,0.7631047379052419
0.17917641647167057,0.05369892602147957
0.14355712885742286,0.1765764684706306
0.25759484810303795,0.42443151136977264
0.3274734505309894,0.3532329353412932
0.2871342573148537,0.3382932341353173
0.7970240595188096,0.7375052498950021
0.8944021119577609,0.9305813883722326
0.9038219235615288,0.9087218255634888
0.8050638987220256,0.48567028659426814
0.9538209235815284,0.9438811223775525
0.5951280974380513,0.5100497990040199
0.9290814183716326,0.9308413831723366
0.8040839183216336,0.8072838543229136
0.29407411851762966,0.12049759004819904
0.9584008319833603,0.7906441871162577
0.41991160176796466,0.3898522029559409
0.7678646427071459,0.754704905901882
0.9020419591608169,0.9249215015699687
0.6416671666566669,0.5946881062378753
0.9511809763804724,0.9359612807743846
0.374832503349933,0.34541309173816526
0.3298334033319334,0.28395432091358175
0.5357292854142918,0.503109937801244
0.48549029019419615,0.749765004699906
0.7992840143197136,0.7944641107177857
0.21739565208695827,0.3449931001379973
0.6090678186436271,0.6400871982560349
0.04251914961700766,0.04935901281974361
0.04617907641847163,0.0498790024199516
0.09587808243835123,0.0878382432351353
0.9101617967640647,0.9111217775644488
0.18423631527369452,0.19465610687786244
0.99710005799884,0.998640027199456
0.020899582008359834,0.02039959200815984
0.9348613027739445,0.9220615587688247
0.4879102417951641,0.3923321533569329
0.5705285894282115,0.45485090298194036
0.5678286434271315,0.45589088218235635
0.5636487270254595,0.7599048019039619
0.6565668686626268,0.5148497030059399
0.1499970000599988,0.509529809403812
0.5112097758044839,0.4523109537809244
0.6427871442571149,0.7127857442851143
0.28727425451490973,0.32879342413151735
0.38397232055358893,0.8609427811443772
0.6888062238755225,0.7215255694886102
0.5747085058298834,0.4914901701965961
0.9961200775984481,0.9946801063978721
0.8082238355232896,0.7685846283074339
0.8604827903441932,0.8865022699546009
0.19345613087738245,0.19259614807703845
0.30757384852302955,0.3469330613387732
0.03559928801423971,0.061938761224775506
0.22199556008879823,0.11415771684566309
0.5385092298154037,0.48515029699406015
0.7300253994920102,0.7310053798924022
0.31683366332673346,0.33621327573448534
0.6047279054418911,0.624327513449731
0.2785144297114058,0.17845643087138258
0.2749545009099818,0.2373352532949341
0.8931821363572728,0.7229055418891622
0.7221855562888743,0.748865022699546
0.6218875622487551,0.6476070478590429
0.7665646687066259,0.8371432571348574
0.4416311673766525,0.4435711285774285
0.03131937361252775,0.04717905641887162
0.248395032099358,0.28391432171356573
0.6978260434791305,0.7899842003159937
0.29551408971820564,0.3445331093378133
0.35947281054378916,0.4627107457850843
0.8641827163456731,0.7078058438831224
0.8963420731585369,0.9122417551648967
0.40409191816163675,0.3520929581408372
0.22351552968940622,0.1852162956740865
0.5133697326053479,0.6145477090458191
0.32121357572848547,0.4920901581968361
0.038659226815463694,0.7118457630847383
0.625727485450291,0.5407091858162837
0.08299834003319934,0.20383592328153438
0.8125237495250095,0.8186836263274735
0.5336293274134517,0.5212895742085158
0.11635767284654307,0.2135357292854143
0.8647827043459131,0.8712625747485051
0.9352612947741046,0.9411211775764485
0.1755964880702386,0.34393312133757326
0.03315933681326374,0.027019459610807785
0.44181116377672447,0.38333233335333294
0.1127377452450951,0.1129777404451911
0.14281714365712686,0.13645727085458292
0.7806043879122417,0.759404811903762
0.019079618407631848,0.012059758804823904
0.47057058858822826,0.4776304473910522
0.7852442951140978,0.7999840003199936
0.630327393452131,0.7404451910961781
0.12371752564948701,0.14565708685826284
0.07853842923141538,0.0879182416351673
0.3423531529369413,0.125617487650247
0.02921941561168777,0.035639287214255716
0.4225115497690046,0.6667466650666987
0.9169016619667607,0.876062478750425
0.1898562028759425,0.1386172276554469
0.8375232495350093,0.8097638047239055
0.8307433851322974,0.8643227135457291
0.17141657166856664,0.12323753524929502
0.9811003779924402,0.9791204175916483
0.1758364832703346,0.1387972240555189
0.377212455750885,0.45943081138377234
0.755504889902202,0.7362852742945142
0.1993160136797264,0.3124937501249975
0.2843343133137337,0.22943541129177417
0.26857462850742986,0.21021579568408633
0.6662066758664827,0.6157276854462911
0.883942321153577,0.879002419951601
0.9489610207795844,0.9364212715745686
0.013099738005239895,0.007639847203055939
0.10833783324333514,0.11029779404411912
0.6124477510449792,0.5589888202235955
0.5330893382132358,0.5233095338093239
0.2991340173196536,0.3293334133317334
0.9592808143837124,0.9593408131837363
0.13395732085358295,0.08475830483390333
0.34777304453910923,0.33531329373412533
0.7498450030999381,0.8243635127297454
0.75152496950061,0.8305433891322174
0.7920041599168017,0.8034039319213616
0.40671186576268475,0.4289114217715646
0.8074038519229616,0.7925041499170017
0.14189716205675887,0.13427731445371094
0.0254394912101758,0.026719465610687786
0.37199256014879706,0.4124117517649647
0.3901721965560689,0.5793884122317554
0.47337053258934825,0.39611207775844487
0.25659486810263793,0.27807443851122976
0.16963660726785465,0.20543589128217438
0.9624007519849603,0.9810603787924241
0.2012959740805184,0.18235635287294255
0.7847043059138817,0.7835643287134257
0.32215355692886144,0.2990740185196296
0.9537609247815044,0.9600607987840244
0.9957200855982881,0.9965200695986081
0.28315433691326175,0.20845583088338235
0.5824083518329634,0.5886482270354593
0.3254934901301974,0.22157556848863025
0.7882042359152818,0.7121057578848423
0.021959560808783824,0.07617847643047139
0.21759564808703827,0.4199516009679807
0.6543269134617308,0.8344633107337853
0.3648327033459331,0.3114737705245895
0.9165616687666247,0.8653626927461451
0.47201055978880424,0.513089738205236
0.9147217055658887,0.8988820223595528
0.6465270694586108,0.40453190936181277
0.7717045659086819,0.7020459590808185
0.9979600407991841,0.9983400331993361
0.8340433191336174,0.7624047519049619
0.09997800043999121,0.07833843323133538
0.8333433331333374,0.9611407771844563
0.7466450670986581,0.7334253314933702
0.5302693946121078,0.9337413251734966
0.21791564168716626,0.503589928201436
0.18557628847423052,0.1377372452550949
0.871002579948401,0.8523629527409452
0.29899402011959764,0.47327053458930823
0.15953680926381472,0.09957800843983121
0.9000619987600248,0.8955620887582249
0.871362572748545,0.9122217555648887
0.372312553748925,0.5832283354332913
0.3178336433271335,0.2628547429051419
0.18917621647567048,0.26021479570408595
0.04109917801643967,0.1143777124457511
0.758044839103218,0.6028079438411232
0.2002559948801024,0.22973540529189418
0.8947821043579128,0.9213015739685206
0.7107057858842823,0.75252494950101
0.8937021259574809,0.9134617307653847
0.3400931981360373,0.25277494450111
0.054558908821823564,0.11121777564448711
0.7988240235195296,0.8345833083338333
0.1000379992400152,0.20347593048139037
0.8324233515329694,0.7828643427131458
0.48715025699486014,0.4713505729885403
0.5148497030059399,0.5732685346293074
0.7264254714905702,0.6830463390732185
0.29349413011739767,0.3136937261254775
0.8183436331273375,0.8457030859382813
0.3657326853462931,0.29659406811863764
0.5463890722185556,0.5721285574288515
0.252294954100918,0.2644547109057819
0.09729805403891922,0.1406771864562709
0.6771664566708666,0.757104857902842
0.13777724445511091,0.12397752044959101
0.45883082338353237,0.5154096918061639
0.6943861122777545,0.7758244835103298
0.23289534209315815,0.3269334613307734
0.6714665706685866,0.6432871342573149
0.8396232075358493,0.8668626627467451
0.2773344533109338,0.19733605327893441
0.0012399752004959902,0.001619967600647987
0.16675666486670268,0.21267574648507032
0.8463430731385373,0.8576428471430572
0.03515929681406372,0.01855962880742385
0.1003179936401272,0.06727865442691146
0.6788864222715546,0.7412851742965141
0.12147757044859103,0.14267714645707086
0.13133737325253494,0.127037459250815
0.14107717845643086,0.09451810963780724
0.04683906321873563,0.11795764084718306
0.5698086038279234,0.8853622927541449
0.9860202795944082,0.9858002839943202
0.3263734725305494,0.3387532249355013
0.750504989900202,0.7632647347053059
0.5550688986220276,0.5510089798204036
0.04121917561648767,0.043199136017279656
0.5327893442131157,0.4609907801843963
0.6160076798464031,0.31867362652746944
0.5292294154116918,0.43015139697206056
0.41173176536469275,0.45733085338293233
0.36165276694466114,0.4417911641767165
0.30013399732005364,0.33523329533409335
0.8278834423311534,0.9012619747605048
0.9589408211835764,0.9486410271794564
0.049239015219695606,0.04047919041619168
0.8239035219295614,0.8376232475350494
0.09507809843803124,0.023199536009279816
0.19575608487830243,0.0887182256354873
0.3858722825543489,0.34971300573988523
0.8193636127277455,0.7947841043179137
0.9156216875662487,0.8357432851342973
0.2611747765044699,0.14835703285934282
0.6432871342573149,0.6728265434691306
0.2972540549189016,0.25197496050079
0.19513609727805445,0.8526029479410412
0.9510609787804244,0.9516609667806645
0.4683706325873483,0.5256694866102678
0.18197636047279056,0.09853802923941521
0.49539009219815605,0.49449011019779604
0.02765944681106378,0.02665946681066379
0.6827063458730825,0.9648607027859443
0.623447531049379,0.6574068518629628
0.3107937841243175,0.5437491250174997
0.19321613567728646,0.4159516809663807
0.4722105557888842,0.4777104457910842
0.623527529449411,0.6039479210415792
0.34331313373732525,0.378052438951221
0.013399732005359894,0.013559728805423893
0.35759284814303716,0.38733225335493293
0.8901221975560489,0.886882262354753
0.4500709985800284,0.3922121557568849
0.5390092198156037,0.6538269234615308
0.28023439531209376,0.26719465610687787
0.40997180056398874,0.5471290574188516
0.9518409631807364,0.2796944061118778
0.874922501549969,0.9068818623627528
0.8346233075338494,0.7742245155096898
0.251834963300734,0.21601567968640628
0.5770084598308034,0.5691286174276514
0.7337453250934981,0.5643087138257235
0.7649047019059619,0.7690446191076179
0.5146097078058439,0.8299234015319694
0.751744965100698,0.0250994980100398
0.28169436611267773,0.27023459530809385
0.247995040099198,0.3485930281394372
0.0759184816303674,0.0752184956300874
0.24105517889642208,0.1142777144457111
0.4040519189616208,0.11591768164636708
0.8492230155396893,0.7913041739165217
0.9068818623627528,0.9158416831663367
0.6815863682726345,0.6769264614707706
0.5936081278374433,0.5183296334073318
0.8581628367432652,0.8954420911581769
0.871222575548489,0.9334613307733846
0.35377292454150916,0.3959320813583728
0.7634247315053699,0.5931881362372753
0.12971740565188697,0.2240955180896382
0.1881162376752465,0.21009579808403833
0.5679686406271874,0.5762884742305154
0.9877002459950801,0.9901601967960642
0.632387352252955,0.5880082398352033
0.9435211295774085,0.9550208995820084
0.43027139457210856,0.29791404171916563
0.628727425451491,0.6514869702605948
0.3505729885402292,0.059218815623687526
0.42301153976920464,0.4281114377712446
0.12113757724845503,0.12063758724825505
0.7980040399192017,0.7907041859162817
0.3838123237535249,0.5333493330133398
0.7924441511169776,0.7780444391112178
0.5706685866282675,0.6912661746765065
0.09745805083898322,0.16307673846523071
0.20155596888062238,0.20169596608067838
0.022119557608847824,0.019519609607807846
0.34913301733965324,0.374092518149637
0.4754504909901802,0.41711165776684467
0.7840443191136177,0.8376632467350653
0.013539729205415893,0.01005979880402392
0.4420311593768125,0.35165296694066117
0.6972860542789144,0.7632247355052899
0.5696086078278435,0.5295294094118118
0.7337853242935142,0.5175096498070039
0.9705005899882003,0.9815603687926242
0.16075678486430273,0.038339233215335694
0.9011019779604408,0.9064618707625848
0.28293434131317374,0.2631547369052619
0.7622847543049139,0.6932261354772905
0.9387612247755045,0.9132417351652967
0.7187056258874823,0.752864942701146
0.9238815223695527,0.9301013979720406
0.7066658666826664,0.6503069938601228
0.4120717585648287,0.4761504769904602
0.6879862402751945,0.6618867622647547
0.48007039859202816,0.2622147557048859
0.8375632487350253,0.8517629647407052
0.2015159696806064,0.1387372252554949
0.048839023219535614,0.08429831403371933
0.7106657866842664,0.6846263074738506
0.7560248795024099,0.7522449551008981
0.10717785644287114,0.16935661286774265
0.7190656186876263,0.7422851542969141
0.19847603047939041,0.34371312573748525
0.10803783924321514,0.10711785764284715
0.8972620547589049,0.882902341953161
0.005179896402071959,0.006339873202535949
0.44261114777704447,0.35337293254134916
0.8595428091438172,0.8444431111377773
0.7340853182936341,0.9190816183676327
0.748065038699226,0.757704845903082
0.3984520309593808,0.44267114657706846
0.376772464550709,0.3126537469250615
0.22983540329193416,0.20241595168096638
0.020419591608167836,0.016199676006479872
0.17713645727085459,0.33261334773304535
0.37349253014939704,0.42011159776804463
0.9412611747765045,0.9106417871642567
0.9507209855802884,0.9578808423831524
0.4838703225935481,0.6084678306433872
0.503469930601388,0.507589848203036
0.0864182716345673,0.07637847243055139
0.8919221615567688,0.9607607847843044
0.3884522309553809,0.3874522509549809
0.4737505249895002,0.622947541049179
0.8953820923581529,0.7813443731125378
0.7334053318933622,0.8111437771244575
0.3555128897422052,0.32265354692906145
0.868362632747345,0.751544969100618
0.7895642087158257,0.7059858802823944
0.5332093358132838,0.5833483330333393
0.2284154316913662,0.3641727165456691
0.07229855402891942,0.06559868802623947
0.04173916521669567,0.02635947281054379
0.5734685306293874,0.5311093778124437
0.11845763084738306,0.12107757844843103
0.2873542529149417,0.29327413451730966
0.6509869802603948,0.7147057058858823
0.32923341533169337,0.38419231615367694
0.19469610607787846,0.23585528289434213
0.8258234835303294,0.8572228555428891
0.2951340973180536,0.07781844363112737
0.2587748245035099,0.28137437251254976
0.6976060478790425,0.8067038659226816
0.45975080498390036,0.6201675966480671
0.9784004319913602,0.9807203855922881
0.8019239615207696,0.8553828923421531
0.3921121577568449,0.36881262374752505
0.6488670226595469,0.5876282474350513
0.11499770004599909,0.05549889002219956
0.6382472350552989,0.5209895802083958
0.19061618767624647,0.1633367332653347
0.9351612967740646,0.9388812223755525
0.39305213895722085,0.5091498170036599
0.7273854522909542,0.7100857982840344
0.6347073058538829,0.7317653646927061
0.3985520289594208,0.2976940461190776
0.9286614267714646,0.8994820103597928
0.15661686766264676,0.13329733405331895
0.5886682266354674,0.5857882842343153
0.20523589528209438,0.1909361812763745
0.9343813123737525,0.6507069858602829
0.7783444331113378,0.8423231535369293
0.15873682526349472,0.17015659686806264
0.14657706845863083,0.1644567108657827
0.8576228475430492,0.8694426111477771
0.6707665846683066,0.8265434691306174
0.5141497170056599,0.636467270654587
0.33455330893382135,0.3024539509209816
0.38057238855222897,0.3534529309413812
0.07219855602887942,0.25757484850303
0.8378232435351294,0.877542449151017
0.2690146197076059,0.3022739545209096
0.09017819643607128,0.9379812403751925
0.2008559828803424,0.21891562168756626
0.6148277034459311,0.6730465390692186
0.6480470390592188,0.6472870542589149
0.625967480650387,0.9347413051738965
0.21615567688646228,0.3097738045239095
0.22493550128997422,0.23423531529369412
0.6978060438791225,0.14167716645667086
0.3464730705385892,0.12895742085158296
0.23015539689206216,0.34673306533869325
0.11205775884482311,0.11995760084798304
0.5094898102037959,0.48589028219435615
0.03369932601347973,0.031999360012799745
0.7769844603107938,0.7223055538889223
0.6776264474710506,0.6035479290414192
0.18123637527249456,0.124637507249855
0.630367392652147,0.8531029379412413
0.2019159616807664,0.2027359452810944
0.7037859242815144,0.4630707385852283
0.4869702605947881,0.4228515429691406
0.5976280474390513,0.5457490850182997
0.3645327093458131,0.34737305253894923
0.2992340153196936,0.3370532589348213
0.6713065738685227,0.21733565328693427
0.6654466910661787,0.7363452730945381
0.7067258654826903,0.6892862142757145
0.13361732765344694,0.30545389092218156
0.5882682346353073,0.37025259494810103
0.9214615707685847,0.9040219195616088
0.9867002659946802,0.9859002819943602
0.25417491650166996,0.27549449011019783
0.15859682806343875,0.18857622847543049
0.6114677706445871,0.43451130977380453
0.9256414871702566,0.9017419651606968
0.7085258294834104,0.3017939641207176
0.15561688766224677,0.18527629447411054
0.7803443931121378,0.7356052878942422
0.12159756804863903,0.15281694366112678
0.6791864162716746,0.7634847303053939
0.8621227575448491,0.9028819423611528
0.36189276214475713,0.41963160736785265
0.32827343453130936,0.4144917101657967
0.8172636547269055,0.8403831923361533
0.13179736405271894,0.14689706205875883
0.5808283834323313,0.5750284994300114
0.35595288094238114,0.3603127937441251
0.34931301373972523,0.25589488210235795
0.8676426471470571,0.6191276174476511
0.5478690426191476,0.4259314813703726
0.26839463210735787,0.43423131537369253
0.252554948901022,0.41019179616407675
0.2366752664946701,0.16527669446611068
0.8564228715425691,0.7484650306993861
0.8528229435411292,0.9496010079798405
0.47291054178916425,0.4140917181656367
0.14717705645887083,0.6976060478790425
0.6255474890502191,0.6355272894542109
0.9945201095978081,0.9944401111977761
0.9763404731905362,0.9820603587928242
0.6442871142577149,0.5830083398332033
0.9142617147657047,0.9059018819623608
0.4542709145817084,0.43457130857382853
0.13375732485350295,0.12225755484890302
0.6018479630407392,0.616447671046579
0.754064918701626,0.8701225975480491
0.23837523249535011,0.20931581368372634
0.1405971880562389,0.09381812363752726
0.6585268294634108,0.6035079298414032
0.5450890982180356,0.49877002459950803
0.6655066898662026,0.8752824943501131
0.7217655646887062,0.7946241075178496
0.4657106857862843,0.5147497050058999
0.757144857102858,0.7174056518869623
0.4218915621687566,0.8865822683546329
0.7331253374932502,0.8200435991280175
0.743945121097578,0.8536629267414652
0.8119637607247855,0.8245035099298015
0.21513569728605428,0.23777524449511012
0.0375192496150077,0.0048399032019359614
0.13837723245535088,0.26251474970500593
0.3282334353312934,0.44193116137677246
0.5947681046379073,0.5805883882322354
0.1634167316653667,0.1511769764604708
0.8031639367212656,0.8218035639287214
0.9572408551828964,0.9622807543849123
0.24545509089818204,0.29717405651886963
0.11949761004779905,0.02253954920901582
0.04553908921821564,0.0745385092298154
0.9263614727705446,0.9219015619687606
0.026179476410471792,0.02233955320893582
0.5403891922161557,0.5251294974100518
0.24757504849903003,0.3383932321353573
0.6085078298434031,0.5694686106277874
0.22399552008959822,0.11923761524769505
0.872502549949001,0.9248415031699366
0.1133377332453351,0.12237755244895103
0.04293914121717566,0.030019399612007763
0.2384952300953981,0.27985440291194175
0.14231715365692688,0.24443511129777407
0.3182336353272935,0.25251494970100596
0.7218855622887542,0.7891242175156498
0.35549289014219715,0.25689486210275797
0.23065538689226217,0.28279434411311777
0.007019859602807944,0.01011979760404792
0.06463870722585549,0.07597848043039139
0.8433431331373373,0.8333033339333213
0.6092878142437151,0.5736285274294515
0.6151476970460591,0.623507529849403
0.12671746565068698,0.0875782484350313
0.19171616567668648,0.17659646807063858
0.0379792404151917,0.044819103617927646
0.23495530089398212,0.5522489550208997
0.8974820503589929,0.9184816303673927
0.1996760064798704,0.17519649607007862
0.2262954740905182,0.32253354932901346
0.5514489710205797,0.48343033139337216
0.5098298034039319,0.4394912101757965
0.5134697306053879,0.5157096858062838
0.374992500149997,0.3012539749205016
0.2761944761104778,0.3034939301213976
0.5293094138117238,0.4184716305673887
0.9502009959800805,0.9510209795804084
0.9014219715605688,0.9292414151716966
0.11907761844763105,0.127357452850943
0.4536909261814764,0.4295514089718206
0.6730065398692027,0.6628267434651307
0.2873742525149497,0.3951320973580528
0.28081438371232575,0.375192496150077
0.7775244495110099,0.8683226335473291
0.7561248775024499,0.5716285674286514
0.045819083618327636,0.04657906841863163
0.10881782364352713,0.048559028819423616
0.8586228275434492,0.6682266354672907
0.39461210775784483,0.376572468550629
0.24159516809663809,0.7054058918821624
0.6184876302473951,0.5337293254134917
0.12145757084858304,0.125177496450071
0.9270814583708327,0.9232815343693126
0.10679786404271915,0.09593808123837523
0.998580028399432,0.998720025599488
0.7375052498950021,0.7788044239115218
0.9455810883782325,0.9387612247755045
0.009079818403631928,0.007779844403111938
0.8995020099598008,0.9478610427791444
0.29723405531889363,0.19775604487910242
0.8027039459210816,0.4087918241635167
0.5153696926061478,0.6188876222475551
0.2369552608947821,0.4811303773924522
0.6005479890402192,0.37253254934901303
0.5465290694186117,0.2413351732965341
0.021439571208575828,0.027119457610847785
0.7835443291134178,0.8320833583328334
0.8667426651466971,0.8765424691506171
0.8576428471430572,0.9016019679606408
0.08875822483550329,0.08669826603467931
0.6566068678626428,0.7086458270834584
0.2149157016859663,0.22453550928981422
0.6956660866782665,0.7408251834963301
0.4721505569888602,0.4883702325953481
0.1501369972600548,0.20505589888202236
0.27343453130937384,0.17111657766844662
0.4670506589868203,0.6240675186496271
0.3527129457410852,0.6836463270734585
0.25575488490230197,0.2752944941101178
0.505869882602348,0.5644887102257955
0.7296654066918662,0.753884922301554
0.49721005579888405,0.4169316613667727
0.21741565168696628,0.36251274974500514
0.3270134597308054,0.2865742685146297
0.08709825803483931,0.11565768684626308
0.28459430811383774,0.2902141957160857
0.7789844203115938,0.7229855402891943
0.5642087158256835,0.49443011139777204
0.748105037899242,0.7455250894982101
0.7289854202915942,0.7306453870922581
0.9958200835983281,0.9933801323973521
0.7879042419151617,0.74462510749785
0.2121757564848703,0.2872542549149017
0.5809283814323714,0.5353492930141397
0.0021799564008719826,0.021959560808783824
0.7124657506849863,0.5939681206375873
0.4262514749705006,0.3460130797384052
0.2804543909121818,0.30293394132117357
0.05113897722045559,0.38973220535589287
0.6813663726725466,0.6679066418671626
0.014399712005759886,0.018199636007279855
0.4665506689866203,0.34571308573828524
0.0029799404011919763,0.00249995000099998
0.47151056978860423,0.4771904561908762
0.6467070658586829,0.7787244255114898
0.6012479750404992,0.629587408251835
0.3293334133317334,0.36629267414651706
0.5274694506109878,0.5356892862142757
0.09081818363632728,0.1392572148557029
0.13277734445311093,0.10693786124277514
0.7921641567168657,0.745685086298274
0.8261034779304414,0.6731865362692746
0.1611767764644707,0.4385712285754285
0.6915861682766344,0.49563008739825204
0.15417691646167078,0.13013739725205498
0.9536409271814564,0.9545809083818324
0.15529689406211877,0.056298874022519554
0.8236235275294495,0.7244655106897863
0.7906041879162417,0.8351232975340493
0.16719665606687867,0.16673666526669467
0.49855002899942,0.45913081738365236
0.40505189896202076,0.6140077198456031
0.1503369932601348,0.128097438051239
0.744505109897802,0.9100617987640247
0.3365332693346133,0.2890742185156297
0.7343053138937221,0.6115277694446112
0.44519109617807645,0.37315253694926104
0.6772664546709066,0.6968860622787545
0.4155116897662047,0.4350912981740365
0.07265854682906342,0.09633807323853523
0.35813283734325313,0.48183036339273216
0.9943401131977361,0.994840103197936
0.05339893202135958,0.16773664526709467
0.3300733985320294,0.46899062018759624
0.7630047399052019,0.6979460410791785
0.29145417091658166,0.36847263054738905
0.6843863122737546,0.6014479710405792
0.634887302253955,0.6564068718625627
0.5693886122277555,0.99760004799904
0.8337433251334974,0.4098318033639327
0.5819683606327873,0.749705005899882
0.5669486610267794,0.5831083378332433
0.5827283454330914,0.4904901901961961
0.9579608407831843,0.9526809463810724
0.33707325853482933,0.21033579328413432
0.35353292934141317,0.34165316693666126
0.9817203655926882,0.9827603447931041
0.9396812063758725,0.9432211355772885
0.8221435571288574,0.7764444711105778
0.7491450170996581,0.5206495870082598
0.5909081818363633,0.7367852642947141
0.6562468750624988,0.6017879642407152
0.74602507949841,0.24289514209715807
0.09005819883602328,0.46897062058758826
0.22227555448891023,0.44435111297774044
0.10941781164376713,0.12487750244995101
0.49789004219915606,0.4552908941821164
0.2852942941141177,0.2959340813183736
0.10247795044099119,0.1407371852562949
0.9039019219615608,0.9444211115777684
0.2597948041039179,0.2776544469110618
0.18937621247575048,0.07285854282914342
0.01621967560648787,0.014619707605847883
0.6061878762424752,0.5900881982360353
0.7314853702925942,0.6900061998760025
0.14771704565908683,0.125237495250095
0.9024219515609688,0.8338033239335214
0.5248695026099478,0.3642527149457011
0.6344673106537869,0.631567368652627
0.2885942281154377,0.379052418951621
0.9733005339893203,0.9913801723965521
0.8249035019299614,0.8012039759204816
0.507029859402812,0.4373312533749325
0.6836063278734426,0.42231155376892465
0.03495930081398372,0.04027919441611168
0.40437191256174876,0.621127577448451
0.36985260294794103,0.5203295934081319
0.8233835323293535,0.8145437091258175
0.29007419851602967,0.32963340733185337
0.9482210355792885,0.9490610187796245
0.0497190056198876,0.02287954240915182
0.9150216995660088,0.8210835783284335
0.8202235955280894,0.20947581048379033
0.06803863922721545,0.03545929081418372
0.6524669506609868,0.8544829103417932
0.6191476170476591,0.6974660506789865
0.46081078378432433,0.23283534329313416
0.8185036299274014,0.8232035359292814
0.22117557648847025,0.2356152876942461
0.19347613047739046,0.17133657326853463
0.24381512369752606,0.373812523749525
0.04453910921781565,0.11557768844623108
0.03015939681206376,0.01889962200755985
0.6116677666446672,0.5435691286174277
0.3194336113277735,0.499890002199956
0.10845783084338313,0.24091518169636608
0.8692226155476891,0.8572828543429132
0.05249895002099958,0.05769884602307954
0.753784924301514,0.7844843103137937
0.09201815963680726,0.09657806843863123
0.1643567128657427,0.08507829843403132
0.6558068838623228,0.6076678466430672
0.5158496830063399,0.3632527349453011
0.6752664946701066,0.38841223175536493
0.9524009519809604,0.9551408971820564
0.19683606327873443,0.1607167856642867
0.059498810023799524,0.08997820043599128
0.74362512749745,0.7245855082898343
0.4735305293894122,0.5824683506329874
0.5592688146237076,0.5806683866322674
0.6872262554748906,0.6808663826723466
0.6640067198656027,0.9403611927761445
0.6561268774624508,0.6801863962720746
0.7642247155056899,0.7833443331133377
0.9919601607967841,0.9949801003979921
0.09697806043879123,0.0509789804203916
0.4123517529649407,0.44643107137857246
0.21073578528429432,0.25763484730305397
0.8025039499210016,0.8153236935261295
0.39877202455950883,0.38087238255234895
0.8422631547369053,0.5377292454150917
0.5833283334333313,0.6874262514749705
0.7920841583168337,0.8403631927361453
0.4389112217755645,0.4051318973620528
0.8230235395292095,0.7679246415071699
0.5667286654266915,0.7661646767064659
0.5905881882362353,0.632667346653067
0.10607787844243116,0.34763304733905326
0.2910941781164377,0.3456730865382692
0.4929701405971881,0.43039139217215655
0.15297694046119079,0.15885682286354275
0.8020239595208096,0.9010019799604009
0.3206335873282534,0.512169756604868
0.6206475870482591,0.6156876862462751
0.75062498750025,0.4855302893942121
0.6454870902581948,0.6512869742605149
0.8001039979200416,0.9314013719725606
0.7694446111077778,0.7966640667186656
0.04673906521869563,0.057098858022839545
0.7676446471070579,0.886542269154617
0.013199736005279895,0.012379752404951901
0.21047579048419032,0.7784444311113778
0.24359512809743805,0.22885542289154218
0.2410751784964301,0.6790864182716346
0.7002859942801144,0.4808503829923402
0.19841603167936642,0.14529709405811883
0.7466650666986661,0.7799644007119858
0.9554208915821684,0.9623407531849363
0.8079638407231856,0.5839883202335954
0.4243515129697406,0.5570088598228036
0.43331133377332454,0.4320713585728286
0.8933421331573369,0.9084018319633608
0.7223055538889223,0.7732845343093139
0.38251234975300497,0.49657006859862807
0.8508029839403213,0.7200655986880262
0.635327293454131,0.7893442131157377
0.763044739105218,0.49501009979800403
0.15781684366312673,0.07099858002839944
0.32221355572888544,0.39317213655726885
0.6927861442771145,0.7047259054818904
0.639227215455691,0.7016259674806504
0.8044239115217696,0.7335253294934102
0.5136897262054759,0.49281014379712407
0.7428451430971381,0.7641047179056419
0.1382572348553029,0.125017499650007
0.8475030499390013,0.8484230315393693
0.09653806923861523,0.08223835523289534
0.6552068958620828,0.7093858122837543
0.6442471150576988,0.6621067578648427
0.20821583568328633,0.249115017699646
0.24995500089998202,0.378092438151237
0.7138457230855383,0.6880462390752186
0.20691586168276635,0.2246155076898462
0.31015379692406153,0.24527509449811005
0.9174216515669686,0.9412611747765045
0.24539509209815805,0.3043939121217576
0.5635287294254115,0.4919701605967881
0.046919061618767625,0.038859222815543694
0.023019539609207818,0.023179536409271815
0.47983040339193217,0.44787104257914845
0.5890282194356113,0.43459130817383657
0.9921201575968481,0.9929401411971761
0.5361292774144517,0.7791244175116498
0.11009779804403912,0.20999580008399832
0.47475050498990023,0.502369952600948
0.7857642847143057,0.8259834803303934
0.2382152356952861,0.5530489390212195
0.7479050418991621,0.7250054998900022
0.6888262234755305,0.760664786704266
0.2132357352852943,0.23467530649387014
0.22985540289194217,0.22685546289074218
0.9541409171816564,0.9440211195776085
0.9401811963760726,0.9551808963820724
0.061918761624767504,0.04597908041839163
0.9698006039879202,0.9638207235855283
0.48263034739305216,0.5070698586028279
0.30781384372312554,0.3568928621427572
0.6193476130477391,0.5982680346393072
0.6345673086538269,0.6995060098798024
0.9828203435931282,0.9823603527929442
0.9301013979720406,0.8947021059578809
0.27121457570848584,0.1885362292754145
0.15439691206175876,0.14329713405731886
0.631747365052699,0.6051078978420432
0.43343133137337253,0.39441211175776486
0.8922221555568889,0.8119837603247936
0.4614707705845883,0.3919321613567729
0.7801443971120577,0.5420091598168036
0.623167536649267,0.6566668666626667
0.6703665926681467,0.6071478570428591
0.623967520649587,0.6610667786644268
0.9856002879942402,0.9839003219935601
0.4775304493910122,0.3604727905441891
0.9176016479670407,0.9056818863622728
0.08127837443251135,0.09093818123637527
0.18231635367292653,0.17753644927101458
0.09917801643967121,0.11761764764704706
0.3382332353352933,0.5453690926181477
0.6803263934721305,0.6957460850782985
0.10807783844323114,0.11519769604607909
0.42575148497030063,0.46577068458630827
0.5425491490170197,0.5890882182356353
0.1988760224795504,0.19303613927721447
0.47211055778884425,0.499010019799604
0.5288894222115558,0.9522809543809124
0.24259514809703805,0.25267494650107
0.3977120457590848,0.42163156736865265
0.9232015359692807,0.882922341553169
0.46835063298734025,0.48527029459410814
0.3134937301253975,0.2800543989120218
0.8326433471330573,0.7923641527169457
0.25981480370392596,0.2262754744905102
0.5268494630107398,0.45617087658246835
0.10463790724185516,0.11135777284454311
0.867802643947121,0.5942081158376833
0.7519049619007621,0.6648867022659547
0.9156416871662567,0.9088818223635527
0.23205535889282214,0.24603507929841403
0.0077598448031039385,0.005939881202375953
0.010659786804263915,0.011759764804703907
0.4118117637647247,0.4572308553828924
0.23375532489350215,0.05655886882262355
0.6340273194536109,0.6405071898562029
0.052278954420911586,0.07753844923101538
0.5379492410151797,0.25017499650007
0.40835183296334077,0.5387292254154917
0.25457490850182996,0.36463270734585307
0.03621927561448771,0.03853922921541569
0.3028739425211496,0.3859122817543649
0.9573008539829204,0.9585408291834163
0.5608487830243395,0.5460090798184036
0.9552408951820964,0.9521209575808485
0.6424271514569709,0.49547009059818803
0.7687646247075058,0.6823263534729306
0.5509489810203796,0.6016879662406752
0.11539769204615909,0.10221795564088719
0.05127897442051159,0.039479210415791686
0.012039759204815904,0.009519809603807924
0.886082278354433,0.9075818483630328
0.7104657906841864,0.7364052718945622
0.8533629327413452,0.8019239615207696
0.19143617127657447,0.1745165096698066
0.2158356832863343,0.23511529769404613
0.7079458410831784,0.8939621207575849
0.8983620327593449,0.5841283174336513
0.6903261934761306,0.7261654766904662
0.8586028279434411,0.753344933101338
0.17209655806883864,0.1118777624447511
0.09601807963840724,0.08407831843363132
0.9083618327633448,0.9293614127717446
0.9995800083998321,0.9995000099998
0.24679506409871804,0.3574528509429811
0.3130137397252055,0.2864542709145817
0.20729585408291834,0.12407751844963101
0.9250614987700246,0.8994420111597768
0.009499810003799925,0.010979780404391912
0.20645587088258235,0.30059398812023763
0.8411631767364653,0.8343633127337453
0.3527729445411092,0.375612487750245
0.07909841803163938,0.06459870802583949
0.869862602747945,0.8965220695586089
0.34809303813923725,0.44775104497910045
0.016739665206695866,0.12917741645167097
0.9331613367732645,0.9385812283754326
0.617607647847043,0.623867522649547
0.5706085878282434,0.4955900881982361
0.14829703405931882,0.125637487250255
0.8994220115597689,0.9468810623787525
0.7261654766904662,0.634047319053619
0.9131817363652728,0.8975620487590249
0.9134817303653927,0.9308013839723206
0.4276114477710446,0.25371492570148596
0.1379172416551669,0.13261734765304695
0.13049739005219896,0.09897802043959121
0.5436491270174597,0.5660286794264114
0.5408291834163317,0.5214895702085959
0.7986640267194657,0.8095838083238336
0.8123437531249376,0.7904641907161857
0.012859742805143898,0.014979700405991881
0.8532829343413132,0.7304053918921621
0.22231555368892622,0.37027259454810907
0.5163096738065239,0.4252514949701006
0.6754264914701706,0.6384672306553869
0.5874082518349634,0.5687686246275074
0.8314433711325774,0.9390612187756245
0.6408671826563469,0.6482270354592908
0.01613967720645587,0.3137737245255095
0.5200495990080198,0.503089938201236
0.23489530209395812,0.2022759544809104
0.127417451650967,0.15395692086158277
0.7040459190816184,0.6953260934781305
0.47487050258994823,0.49499010019799605
0.3275734485310294,0.31665366692666147
0.4406111877762445,0.45949081018379634
0.21075578488430233,0.2890542189156217
0.3495730085398292,0.4495110097798044
0.3615127697446051,0.3407531849363013
0.6352872942541149,0.7736245275094499
0.5989280214395712,0.5500489990200196
0.5479490410191796,0.5398092038159237
0.8497030059398812,0.8640227195456092
0.8287634247315054,0.8331233375332494
0.9027819443611128,0.9709805803883923
0.4808503829923402,0.44615107697846046
0.9190216195676086,0.8935221295574088
0.9075618487630248,0.8639827203455931
0.8919821603567929,0.9256614867702646
0.44395112097758044,0.39521209575808486
0.09679806403871923,0.0879782404351913
0.0019199616007679848,0.0013999720005599889
0.09047819043619128,0.09321813563728726
0.5623887522249555,0.6094878102437952
0.1492170156596868,0.19737605247895043
0.9822803543929122,0.9862202755944881
0.6429471410571789,0.6427871442571149
0.754464910701786,0.2769744605107898
0.08615827683446331,0.21763564728705426
0.9809403811923761,0.8104637907241855
0.5837483250334994,0.31163376732465353
0.6667666646667066,0.7084058318833624
0.6995860082798344,0.8002439951200976
0.2906941861162777,0.3844923101537969
0.5731285374292514,0.9441611167776645
0.505109897802044,0.6600467990640188
0.7039459210815784,0.4112717745645087
0.29505409891802165,0.1395972080558389
0.3240735185296294,0.5862082758344833
0.19169616607667847,0.1609167816643667
0.2744345113097738,0.18457630847383052
0.8574228515429692,0.9063018739625208
0.2743945121097578,0.22011559768804626
0.4676906461870763,0.506589868202636
0.9502609947801044,0.8391232175356493
0.6111277774444511,0.6410871782564349
0.11955760884782304,0.126337473250535
0.36881262374752505,0.4143917121657567
0.20419591608167836,0.01017979640407192
0.8135837283254336,0.7997240055198896
0.08283834323313534,0.8091238175236496
0.7795844083118338,0.7748845023099539
0.9788404231915362,0.9824603507929842
0.5363892722145557,0.5826083478330434
0.7409651806963861,0.6703065938681226
0.6703865922681547,0.6194676106477871
0.5650886982260355,0.49773004539909205
0.05149897002059959,0.045899082018359634
0.9782804343913122,0.9754804903901922
0.5551288974220516,0.756404871902562
0.3408731825363493,0.9994600107997841
0.32403351932961344,0.3907321853562929
0.8995620087598248,0.9196416071678567
0.9120017599648007,0.8932421351572969
0.1861362772744545,0.2164356712865743
0.5487690246195076,0.4210915781684366
0.4004519909601808,0.4951300973980521
0.14523709525809483,0.12829743405131896
0.29683406331873363,0.24075518489630207
0.374592508149837,0.4756904861902762
0.2635947281054379,0.15883682326353474
0.9560608787824244,0.9204615907681847
0.5798684026319474,0.5808883822323554
0.0626587468250635,0.037939241215175695
0.4517709645807084,0.5879882402351954
0.5765684686306274,0.48687026259474814
0.2030559388812224,0.2664946701065979
0.07379852402951942,0.35581288374232517
0.44691106177876444,0.9509209815803684
0.7914841703165937,0.7837643247135058
0.20623587528249435,0.36811263774724506
0.8183036339273215,0.7085858282834343
0.9732605347893043,0.8328233435331294
0.9007619847603048,0.9012019759604808
0.09865802683946322,0.36771264574708507
0.20997580048399034,0.15727685446291076
0.6658666826663467,0.635187296254075
0.24809503809923802,0.30921381572368556
0.5943881122377552,0.42541149177016463
0.3313933721325574,0.10097798044039119
0.45895082098358037,0.46993060138797227
0.9749405011899762,0.9850602987940241
0.6528469430611388,0.5512489750204996
0.015339693206135877,0.015579688406231876
0.9498210035799284,0.9574408511829764
0.76522469550609,0.8122837543249135
0.1997760044799104,0.2259754804903902
0.22427551448971023,0.637627247455051
0.8318633627327454,0.7824043519129618
0.01893962120757585,0.014739705205895882
0.502909941801164,0.47013059738805224
0.024319513609727807,0.044279114417711644
0.18001639967200656,0.2892942141157177
0.881222375552489,0.9045019099618008
0.8114837703245935,0.8483030339393213
0.9878202435951281,0.9866802663946721
0.003619927601447971,0.004859902801943961
0.08373832523349534,0.06583868322633547
0.23557528849423012,0.4233115337693246
0.044819103617927646,0.042179156416871665
0.6547269054618908,0.6452870942581148
0.2785544289114218,0.28199436011279777
0.02761944761104778,0.02633947321053579
0.060938781224375516,0.09039819203615929
0.9313413731725366,0.9624807503849924
0.6836463270734585,0.6787064258714826
0.3240535189296214,0.7838643227135458
0.6764064718705626,0.5416891662166757
0.8353032939341214,0.8584628307433851
0.4266714665706686,0.48453030939381214
0.7281254374912502,0.4705505889882203
0.46933061338773224,0.5773284534309314
0.5236295274094518,0.43443131137377256
0.877062458750825,0.8196036079278415
0.46669066618667626,0.46549069018619627
0.8844423111537769,0.9342213155736886
0.8215835683286334,0.7974440511189776
0.376852462950741,0.635667286654267
0.9043419131617368,0.9390812183756325
0.755944881102378,0.74132517349653
0.6773664526709466,0.626267474650507
0.38017239655206897,0.39431211375772485
0.8600827983440331,0.31489370212595746
0.8575828483430332,0.8323433531329374
0.10689786204275915,0.08675826483470331
0.48099038019239615,0.4751904961900762
0.8387832243355133,0.8250634987300254
0.7198056038879223,0.7828243435131298
0.4602507949841003,0.3621327573448531
0.10903781924361514,0.07325853482930342
0.2600747985040299,0.11979760404791905
0.4242315153696926,0.6719265614687706
0.22659546809063819,0.2388152236955261
0.10531789364212717,0.14287714245715086
0.4797704045919082,0.4707705845883082
0.5738285234295314,0.5830683386332274
0.9529809403811924,0.9537209255814884
0.21083578328433433,0.1733765324693506
0.39575208495830083,0.1003379932401352
0.7982040359192817,0.8003639927201456
0.8161436771264575,0.7792044159116818
0.2597348053038939,0.38601227975440494
0.04255914881702366,0.056898862022759546
0.15889682206355873,0.10643787124257516
0.7728845423091538,0.5757484850302994
0.5887882242355154,0.5419491610167797
0.8330033399332014,0.8215635687286255
0.5677486450270994,0.754044919101618
0.38601227975440494,0.4340713185736285
0.8994820103597928,0.8845623087538249
0.7939841203175937,0.8290234195316094
0.042779144417111656,0.03363932721345573
0.04231915361692766,0.07875842483150337
0.5653486930261395,0.251054978900422
0.6851062978740425,0.6578268434631308
0.6074078518429632,0.5922481550368993
0.12685746285074298,0.07943841123177536
0.004319913601727966,0.005319893602127958
0.8579428411431772,0.8576228475430492
0.6160676786464271,0.6114077718445631
0.18371632567348653,0.2010359792804144
0.3902921941561169,0.49801003979920405
0.8713825723485531,0.8612827743445132
0.24035519289614207,0.37555248895022103
0.10561788764224715,0.18133637327253455
0.23253534929301414,0.2806743865122698
0.9935201295974081,0.9906001879962401
0.7241855162896742,0.5980480390392192
0.9166016679666407,0.9031219375612488
0.1881962360752785,0.4088518229635407
0.3922321553568929,0.3895322093558129
0.251954960900782,0.24329513409731807
0.5810083798324034,0.39225215495690086
0.07861842763144737,0.03261934761304774
0.5213695726085479,0.632547349053019
0.9937801243975121,0.9937601247975041
0.8393032139357213,0.8473830523389533
0.6895062098758025,0.75322493550129
0.5875882482350353,0.3363732725345493
0.21481570368592628,0.24989500209995802
0.02615947681046379,0.02907941841163177
0.2382552348953021,0.14313713725725485
0.9044619107617848,0.8960620787584249
0.4498110037799244,0.3117737645247095
0.4364712705745885,0.4874102517949641
0.001119977600447991,0.0042999140017199655
0.20617587648247035,0.3309933801323974
0.33317333653326936,0.37159256814863706
0.3537529249415012,0.2994340113197736
0.17979640407191858,0.13283734325313495
0.8201235975280494,0.8103837923241536
0.06319873602527949,0.05333893322133557
0.8095438091238175,0.7968040639187216
0.5658486830263395,0.26011479770404594
0.10311793764124717,0.11429771404571909
0.039979200415991685,0.0888782224355513
0.026899462010759784,0.04815903681926362
0.8526629467410652,0.7977040459190816
0.34725305493890124,0.377112457750845
0.8480630387392253,0.9023819523609529
0.1633167336653267,0.2274354512909742
0.4915701685966281,0.4926701465970681
0.8364232715345693,0.8611427771444572
0.028039439211215777,0.24713505729885404
0.22311553768924622,0.20759584808303835
0.3506929861402772,0.1129377412451751
0.872462550748985,0.7926041479170417
0.747045059098818,0.6816263674726506
0.22017559648807025,0.19281614367712646
0.5416691666166676,0.08319833603327934
0.9785604287914242,0.9813203735925282
0.49401011979760406,0.5555088898222036
0.0994980100397992,0.07273854522909542
0.499890002199956,0.6029079418411633
0.0028399432011359774,0.005379892402151957
0.16029679406411873,0.3131537369252615
0.04069918601627968,0.023339533209335815
0.35285294294114117,0.5219095618087638
0.6457270854582908,0.47389052218955624
0.15381692366152677,0.01127977440451191
0.3599728005439891,0.45759084818303636
0.30419391612167757,0.26001479970400593
0.8964820703585928,0.8658026839463211
0.626967460650787,0.629707405851883
0.9888602227955441,0.9878602427951442
0.04927901441971161,0.013459730805383893
0.5555888882222356,0.253854922901542
0.8221635567288654,0.8551828963420732
0.3276334473310534,0.3405931881362373
0.0878582428351433,0.08069838603227936
0.9688606227875443,0.9697606047879043
0.4172716545669087,0.49391012179756405
0.8546429071418572,0.7959640807183856
0.4156716865662687,0.32215355692886144
0.7339853202935942,0.8930421391572169
0.7488050238995221,0.759604807903842
0.5916081678366433,0.2993140137197256
0.5917881642367153,0.4883902321953561
0.6328673426531469,0.2859742805143897
0.9107617847643047,0.8982220355592888
0.04473910521789564,0.15401691966160677
0.023719525609487813,0.06197876042479151
0.6064678706425871,0.44467110657786846
0.3393332133357333,0.2871742565148697
0.5178696426071479,0.4889902201955961
0.5883482330353393,0.23285534289314214
0.8944221115577689,0.9035219295614088
0.5426691466170677,0.6149477010459791
0.380152396952061,0.3125737485250295
0.026879462410751787,0.07887842243155137
0.24753504929901401,0.04553908921821564
0.7961640767184657,0.5402091958160837
0.14485710285794284,0.19751604967900643
0.8897022059558809,0.877222455550889
0.8639227215455691,0.888622227555449
0.2667346653066939,0.18645627087458252
0.630107397852043,0.6629267414651707
0.2142557148857023,0.1408771824563509
0.33351332973340536,0.3126137477250455
0.46777064458710826,0.4519709605807884
0.8672826543469131,0.8619027619447611
0.7787044259114818,0.6047079058418832
0.9653206935861283,0.9581608367832644
0.8105237895242096,0.8226235475290494
0.43599128017439653,0.512969740605188
0.248855022899542,0.17197656046879062
0.8511629767404653,0.75652486950261
0.25709485810283794,0.249855002899942
0.371572568548629,0.22139557208855823
0.9757804843903122,0.9397612047759045
0.7257054858902822,0.9536609267814644
0.5545489090218196,0.5811083778324434
0.9189416211675767,0.9107417851642967
0.4203515929681407,0.502909941801164
0.6991460170796584,0.6996660066798664
0.3362932741345173,0.2753744925101498
0.9125417491650167,0.7656646867062659
0.12163756724865503,0.06167876642467151
0.4652706945861083,0.6422871542569148
0.251214975700486,0.21799564008719827
0.9077618447631047,0.8447631047379053
0.5648487030259395,0.6709465810683787
0.8179436411271774,0.8231235375292495
0.75532489350213,0.499130017399652
0.625027499450011,0.6005679886402272
0.8662426751464971,0.871922561548769
0.34805303893922124,0.32125357492850143
0.08077838443231136,0.08265834683306335
0.4189716205675887,0.40781184376312474
0.2896342073158537,0.3402331953360933
0.06205875882482351,0.1007979840403192
0.6880462390752186,0.7175456490870182
0.13055738885222296,0.16579668406631867
0.4948501029979401,0.3876922461550769
0.3298534029319414,0.372552548949021
0.032199356012879744,0.02135957280854383
0.3253734925301494,0.35927281454370913
0.4635307293854123,0.3534929301413972
0.32123357532849345,0.3391132177356453
0.018679626407471853,0.011699766004679906
0.9571408571828564,0.9848203035939281
0.07181856362872743,0.06999860002799944
0.18199636007279854,0.127417451650967
0.375112497750045,0.14477710445791084
0.7369652606947862,0.7313453730925382
0.7095458090838184,0.6915861682766344
0.6783464330713386,0.6426071478570429
0.7314253714925701,0.7273854522909542
0.7123057538849223,0.7687446251074979
0.4429911401771965,0.35701285974280517
0.623227535449291,0.626487470250595
0.8041239175216496,0.3259134817303654
0.41021179576408473,0.3464730705385892
0.2621347573048539,0.4142717145657087
0.8272234555308894,0.7963440731185376
0.4234315313693726,0.5194296114077719
0.26131477370452594,0.5944681106377873
0.8190436191276175,0.8025839483210336
0.3152136957260855,0.4154316913661727
0.17043659126817465,0.33223335533289333
0.6176276474470511,0.630307393852123
0.13351732965340693,0.11173776524469511
0.9323813523729526,0.8577428451430972
0.998860022799544,0.998840023199536
0.5180096398072038,0.6901261974760505
0.005999880002399953,0.008279834403311934
0.014179716405671887,0.01385972280554389
0.3511929761404772,0.39173216535669286
0.875002499950001,0.37921241575168496
0.6809263814723706,0.6998060038799224
0.12069758604827904,0.13093738125237495
0.880642387152257,0.8414431711365773
0.37469250614987704,0.3855922881542369
0.42027159456810864,0.5236295274094518
0.46945061098778024,0.4406511869762605
0.3525729485410292,0.506769864602708
0.500869982600348,0.8139637207255855
0.3529329413411732,0.3130737385252295
0.742585148297034,0.8211435771284574
0.4143717125657487,0.06415871682566349
0.9459410811783765,0.9624207515849683
0.40781184376312474,0.4396312073758525
0.4261714765704686,0.5610687786244275
0.7418251634967301,0.7640647187056259
0.18221635567288655,0.09423811523769525
0.4441311173776525,0.4870102597948041
0.6226875462490751,0.6155876882462351
0.9003019939601208,0.886302273954521
0.19157616847663048,0.2130357392852143
0.5199496010079798,0.5426291474170517
0.6754664906701866,0.7050058998820024
0.3913121737565249,0.1894162116757665
0.6996660066798664,0.5908881822363553
0.3889922201555969,0.33411331773364533
0.8244435111297774,0.8080038399232016
0.8356232875342493,0.8303033939321214
0.8646227075458491,0.8499830003399932
0.7100657986840263,0.7236655266894663
0.2027359452810944,0.13393732125357494
0.6710865782684347,0.6621467570648587
0.45799084018319636,0.2982740345193096
0.37145257094858103,0.4276514469710606
0.378032439351213,0.3869522609547809
0.4133317333653327,0.34377312453750924
0.621847563048739,0.5835483290334194
0.49695006099878003,0.505689886202276
0.5324893502129957,0.5378292434151317
0.13203735925281496,0.10873782524349514
0.44737105257894844,0.38709225815483694
0.17053658926821463,0.14179716405671888
0.4134517309653807,0.39207215855682886
0.4391112177756445,0.6600667986640267
0.503109937801244,0.6649067018659627
0.7947041059178817,0.7912841743165137
0.7085058298834024,0.6626267474650507
0.03989920201595968,0.04251914961700766
0.7939041219175617,0.20547589048219037
0.18139637207255854,0.2877742445151097
0.7046459070818584,0.5933681326373472
0.9828803423931521,0.9397812043759125
0.628187436251275,0.6094278114437711
0.05123897522049559,0.22171556568868622
0.35779284414311713,0.5559688806223876
0.5831083378332433,0.8458430831383372
0.2919941601167977,0.18303633927321455
0.30665386692266156,0.254254914901702
0.9646007079858403,0.9719605607887842
0.2619947601047979,0.30813383732325356
0.6631067378652428,0.5843883122337553
0.5226695466090678,0.6842063158736825
0.1510769784604308,0.14515709685806286
0.29865402691946163,0.23103537929241416
0.882982340353193,0.9319613607727846
0.14903701925961482,0.14197716045679087
0.371972560548789,0.5269694606107878
0.8596028079438411,0.8204035919281615
0.6715665686686266,0.4881502369952601
0.6085878282434352,0.631167376652467
0.40601187976240477,0.43597128057438855
0.6867062658746825,0.7301653966920661
0.6503469930601388,0.6834663306733866
0.8111437771244575,0.4772104557908842
0.9566808663826724,0.9643607127857443
0.049539009219815605,0.11149777004459911
0.5816283674326513,0.4494910101797964
0.4623507529849403,0.45165096698066043
0.746465070698586,0.7615247695046099
0.7785044299114018,0.8136037279254416
0.13145737085258297,0.16703665926681466
0.9053818923621528,0.9190616187676247
0.9562408751824963,0.9613407731845364
0.4792904141917162,0.6509069818603628
0.8143437131257375,0.8561228775424492
0.3615727685446291,0.3652726945461091
0.2654746905061899,0.28365432691346176
0.35907281854362916,0.1749765004699906
0.3126537469250615,0.26693466130677385
0.9697806043879122,0.9639607207855844
0.5735085298294035,0.38721225575488494
0.9984200315993681,0.9985400291994161
0.3879922401551969,0.501989960200796
0.6104677906441871,0.5993680126397473
0.16677666446671066,0.09313813723725525
0.3970120597588048,0.4012519749605008
0.621147577048459,0.5052498950020999
0.09585808283834324,0.10289794204115918
0.6576068478630428,0.7841643167136657
0.251494970100598,0.6831263374732506
0.4642707145857083,0.5240895182096358
0.6651266974660507,0.626567468650627
0.2911941761164777,0.8519029619407612
0.7287254254914902,0.7954440911181777
0.7685046299074019,0.7462850742985141
0.750284994300114,0.7663646727065458
0.025919481610367792,0.0252394952100958
0.3251934961300774,0.44403111937761247
0.8171836563268735,0.8224635507289855
0.6407671846563069,0.6159476810463791
0.15789684206315874,0.06579868402631947
0.7210455790884183,0.7207055858882823
0.5900281994360113,0.45647087058258834
0.30917381652366954,0.6175076498470031
0.004419911601767965,0.004099918001639967
0.5364292714145718,0.29377412451750967
0.8277834443311134,0.6628667426651467
0.9227415451690967,0.8029039419211617
0.6750864982700346,0.9290214195716086
0.2138157236855263,0.21161576768464632
0.9824403511929761,0.9868002639947201
0.23145537089258217,0.16601667966640668
0.38007239855202896,0.31813363732725347
0.506229875402492,0.7272854542909142
0.19835603287934242,0.14963700725985482
0.7867442651146977,0.7789044219115618
0.25861482770344596,0.19421611567768646
0.05877882442351153,0.031499370012599746
0.36951260974780503,0.377532449351013
0.8209035819283614,0.881722365552689
0.8518829623407532,0.873522529549409
0.5417691646167077,0.764204715905682
0.48561028779424414,0.6080278394432111
0.25777484450310995,0.3681526369472611
0.250214995700086,0.20709585808283834
0.756284874302514,0.8127637447251055
0.2252354952900942,0.373452530949381
0.744845103097938,0.7848043039139218
0.9334813303733925,0.9472610547789044
0.5473690526189476,0.5968480630387393
0.9379812403751925,0.9007619847603048
0.17773644527109458,0.21061578768424633
0.8941821163576729,0.9409811803763926
0.20579588408231836,0.17241655166896663
0.5593888122237556,0.6996460070798585
0.1504569908601828,0.18493630127397453
0.8492630147397052,0.8251634967300654
0.09489810203795924,0.12351752964940702
0.5477090458190836,0.5336693266134678
0.7020259594808104,0.7182456350872983
0.45925081498370035,0.40917181656366874
0.23071538569228617,0.2748545029099418
0.33229335413291733,0.6455070898582028
0.1986560268794624,0.21839563208735827
0.30631387372252555,0.08505829883402333
0.05551888962220756,0.01505969880602388
0.29819403611927764,0.3388132237355253
0.4246515069698606,0.5890282194356113
0.8728825423491531,0.8803223935521289
0.6569868602627947,0.621147577048459
0.1907361852762945,0.20003599928001442
0.47073058538829227,0.5217095658086839
0.20661586768264636,0.10435791284174317
0.6603067938641227,0.7057258854822904
0.5549889002219955,0.44377112457750845
0.9478410431791364,0.9759804803903922
0.3660726785464291,0.5640687186256275
0.873362532749345,0.877202455950881
0.4137917241655167,0.2743345133097338
0.7351452970940582,0.6674066518669627
0.2267354652906942,0.15393692126157477
0.7246055078898422,0.7564848703025939
0.5364492710145797,0.7028659426811464
0.15669686606267874,0.31197376052478953
0.8614627707445851,0.7941641167176656
0.5706485870282595,0.5653286934261315
0.3589928201435971,0.29563408731825364
0.09481810363792724,0.10685786284274315
0.7224055518889623,0.5918481630367393
0.4778304433911322,0.4768904621907562
0.08453830923381532,0.11857762844743105
0.5814683706325874,0.5920681586368273
0.6515869682606348,0.7321053578928421
0.10243795124097518,0.07907841843163137
0.3619527609447811,0.3144737105257895
0.7751244975100499,0.7256054878902423
0.10353792924141518,0.09223815523689527
0.26921461570768584,0.33643327133457335
0.30669386612267757,0.21991560168796626
0.9242215155696887,0.9699206015879682
0.633407331853363,0.6882262354752905
0.06999860002799944,0.050838983220335594
0.47007059858802824,0.4632707345853083
0.9292814143717126,0.9065818683626328
0.42163156736865265,0.6461870762584748
0.44417111657766845,0.501469970600588
0.060118797624047524,0.044199116017679646
0.06655866882662347,0.03123937521249575
0.5860482790344194,0.505309893802124
0.20535589288214237,0.31779364412711747
0.8944621107577849,0.8671826563468731
0.6977460450790984,0.6130077398452031
0.8018639627207456,0.8414831703365933
0.9386612267754645,0.9442811143777124
0.7792844143117138,0.7819843603127937
0.6813863722725546,0.619407611847763
0.3269934601307974,0.625167496650067
0.2288154236915262,0.15301693966120677
0.2374152516949661,0.23605527889442213
0.8094238115237695,0.7233455330893382
0.45727085458290834,0.504589908201836
0.8610427791444172,0.8530229395412092
0.29575408491830163,0.2712345753084938
0.3114937701245975,0.13617727645447092
0.6921661566768665,0.6845463090738185
0.49213015739685206,0.39271214575708485
0.7910441791164177,0.7451250974980501
0.15877682446351074,0.25955480890382193
0.04295914081718366,0.04279914401711966
0.9112617747645048,0.9165016699666007
0.634407311853763,0.5443691126177477
0.47039059218815626,0.6402871942561149
0.5101497970040599,0.3896122077558449
0.28017439651206977,0.4018719625607488
0.18063638727225456,0.17331653366932662
0.29555408891822166,0.2655146897062059
0.6591268174636508,0.3941121177576449
0.44763104737905246,0.4365912681746365
0.7254454910901782,0.7275254494910102
0.6603667926641468,0.6686866262674747
0.7905641887162257,0.75442491150177
0.8210235795284094,0.9750604987900242
0.18441631167376654,0.20403591928161438
0.4405311893762125,0.41065178696426075
0.31965360692786143,0.42403151936961264
0.37795244095118097,0.26537469250614987
0.8549829003419932,0.754264914701706
0.8910821783564329,0.884702305953881
0.19863602727945442,0.17807643847123059
0.056298874022519554,0.07983840323193536
0.8983020339593208,0.9158016839663207
0.8450630987380253,0.7874442511149777
0.8865022699546009,0.8931621367572649
0.23649527009459811,0.2404151916961661
0.8302033959320814,0.8213835723285534
0.38099238015239695,0.3508329833403332
0.28151436971260574,0.4116517669646607
0.5293294134117318,0.5572288554228916
0.10789784204315914,0.6561868762624747
0.3661326773464531,0.627927441451171
0.9976400471990561,0.9978400431991361
0.31643367132657346,0.21833563328733427
0.19745605087898244,0.2880942381152377
0.21803563928721426,0.2378152436951261
0.6417271654566908,0.6502869942601148
0.42489150216995664,0.31925361492770143
0.251334973300534,0.48543029139417215
0.6470870582588348,0.7291654166916662
0.14787704245915081,0.14989700205995882
0.373692526149477,0.3301733965320694
0.5577488450230995,0.6579068418631627
0.741665166696666,0.6055678886422272
0.7918241635167297,0.7765644687106258
0.1358172836543269,0.25359492810143797
0.2267754644907102,0.29357412851742964
0.877442451150977,0.885162296754065
0.42045159096818063,0.43271134577308457
0.2257354852902942,0.15307693846123077
0.11563768724625507,0.18569628607427852
0.9516809663806725,0.9734405311893762
0.8695626087478251,0.884522309553809
0.7790644187116258,0.622047559048819
0.4410911781764365,0.4404311913761725
0.1407371852562949,0.14241715165696686
0.40907181856362873,0.3365132697346053
0.10245795084098318,0.0633387332253355
0.7333253334933302,0.6161876762464751
0.256714865702686,0.2684346313073739
0.3133337333253335,0.29317413651726965
0.8265434691306174,0.8341233175336493
0.35741285174296517,0.20589588208235837
0.02011959760804784,0.02021959560808784
0.8428031439371213,0.7815443691126178
0.3262534749305014,0.04331913361732766
0.04773904521909562,0.07019859602807944
0.9810003799924002,0.9970400591988161
0.5833683326333473,0.42999140017199655
0.8631827363452731,0.8715225695486091
0.42041159176816467,0.6330873382532349
0.07919841603167938,0.09563808723825523
0.13007739845203095,0.09887802243955121
0.26423471530569387,0.29665406691866164
0.0740985180296394,0.009779804403911923
0.2001959960800784,0.17129657406851864
0.379472410551789,0.3889122217555649
0.8911221775564488,0.8454230915381693
0.7775644487110258,0.7007659846803064
0.39265214695706085,0.6072078558428832
0.45005099898002043,0.4521709565808684
0.6461670766584668,0.5930081398372032
0.40225195496090077,0.3658526829463411
0.9280814383712326,0.9102017959640808
0.23283534329313416,0.15569688606227877
0.4399512009759805,0.4476710465790684
0.755064898702026,0.7782444351112978
0.8572628547429052,0.9263814723705526
0.7945041099178016,0.7960040799184016
0.27789444211115777,0.18427631447371054
0.8725225495490091,0.8130237395252096
0.249255014899702,0.3985120297594048
0.19409611807763846,0.2704945901081978
0.10443791124177516,0.18115637687246255
0.253694926101478,0.24297514049719007
0.4245115097698046,0.6120877582448351
0.6009279814403712,0.23563528729425412
0.379452410951781,0.39395212095758086
0.8140237195256095,0.7543049139017219
0.5606687866242676,0.5098098038039239
0.7803843923121537,0.7430651386972261
0.6414471710565789,0.5180096398072038
0.19233615327693446,0.18063638727225456
0.11601767964640708,0.10379792404151918
0.49415011699766004,0.5485290294194116
0.28471430571388573,0.15793684126317475
0.07825843483130338,0.1498170036599268
0.16791664166716666,0.09177816443671127
0.6742265154696906,0.6732865342693146
0.6114277714445712,0.6438671226575469
0.9584408311833764,0.5597488050238996
0.125857482850343,0.29637407251854964
0.5991480170396593,0.628027439451211
0.4730105397892042,0.4339513209735805
0.7665046699066019,0.7686846263074739
0.17825643487130258,0.41615167696646066
0.33947321053578927,0.08275834483310333
0.28345433091338174,0.48469030619387615
0.5332893342133157,0.3999720005599888
0.5515689686206277,0.6031479370412592
0.13103737925241496,0.11111777764444712
0.35881282374352513,0.379712405751885
0.31311373772524553,0.5976280474390513
0.7411451770964581,0.7894642107157858
0.7874442511149777,0.7844643107137858
0.3189736205275895,0.20357592848143038
0.6194876102477951,0.48369032619347613
0.041879162416751665,0.05153896922061559
0.33135337293254136,0.5947881042379153
0.22967540649187018,0.19871602567948643
0.6675666486670266,0.46789064218715626
0.1760364792704146,0.2131357372852543
0.6662466750664987,0.749645007099858
0.9025019499610009,0.9879602407951842
0.42391152176956465,0.3055938881222376
0.5777684446311074,0.3431131377372453
0.16043679126417473,0.19187616247675046
0.36109277814443713,0.4766504669906602
0.45587088258234837,0.3081138377232455
0.25467490650186997,0.09299814003719926
0.8579828403431932,0.8495430091398173
0.7723445531089379,0.7920241595168097
0.9823003539929201,0.9701805963880723
0.7829443411131778,0.6845063098738026
0.6490470190596188,0.6871262574748506
0.37125257494850106,0.3541929161416772
0.44867102657946845,0.49641007179856406
0.6966260674786504,0.5528289434211316
0.629127417451651,0.6774664506709867
0.26715465690686185,0.26731465370692586
0.3170936581268375,0.22101557968840624
0.7126057478850423,0.7382052358952821
0.23547529049419014,0.15361692766144677
0.4275114497710046,0.48491030179396416
0.4768904621907562,0.43085138297234055
0.4171316573668527,0.5449291014179717
0.14817703645927083,0.2573948521029579
0.9643407131857363,0.9208015839683207
0.06565868682626348,0.05511889762204756
0.4410311793764125,0.5218095638087239
0.20493590128197436,0.14189716205675887
0.8900021999560009,0.8688426231475371
0.6873862522749545,0.7024259514809704
0.08915821683566329,0.0995980080398392
0.15249695006099878,0.1513369732605348
0.3536929261414772,0.8049239015219696
0.43239135217295654,0.32067358652826944
0.8353432931341374,0.8547229055418892
0.5582888342233155,0.3645327093458131
0.5394892102157957,0.5210495790084199
0.5662686746265075,0.380892382152357
0.4754704905901882,0.49859002819943604
0.5089098218035639,0.3398932021359573
0.5934881302373953,0.5825883482330354
0.6747265054698907,0.7324453510929781
0.9677606447871043,0.9674806503869923
0.9382212355752886,0.8190636187276255
0.41837163256734866,0.0377392452150957
0.878782424351513,0.7363052738945222
0.5822483550328994,0.5954680906381873
0.4468110637787244,0.6463270734585308
0.7317853642927141,0.6750664986700267
0.5893882122357553,0.6608267834643308
0.5876282474350513,0.5519089618207637
0.5778084438311234,0.5331093378132438
0.7447051058978821,0.7395252094958101
0.4270314593708126,0.4888302233955321
0.03109937801243975,0.03007939841203176
0.7228455430891383,0.8182836343273134
0.6473670526589469,0.7688846223075538
0.04655906881862363,0.04573908521829564
0.10393792124157517,0.11765764684706306
0.018279634407311854,0.044179116417671645
0.7702445951080978,0.6433671326573469
0.4306513869722606,0.4791904161916762
0.12811743765124697,0.05783884322313554
0.15547689046219076,0.1515369692606148
0.040359192816143676,0.10325793484130318
0.46943061138777226,0.2997140057198856
0.750944981100378,0.7226055478890423
0.9906401871962561,0.9912801743965121
0.3150536989260215,0.34833303333933324
0.2732345353092938,0.3646527069458611
0.13195736085278295,0.16817663646727066
0.8465830683386333,0.8148437031259375
0.6047679046419072,0.3906321873562529
0.7301253974920502,0.6945861082778345
0.2656346873062539,0.2672946541069179
0.5682886342273155,0.5451490970180597
0.8059038819223616,0.9181616367672647
0.42207155856882866,0.4507509849803004
0.6457670846583069,0.5902681946361072
0.6542869142617148,0.6604267914641707
0.0765984680306394,0.21709565808683828
0.9161016779664407,0.8565028699426012
0.14303713925721487,0.19457610847783044
0.40649187016259675,0.2785544289114218
0.9629007419851603,0.9458610827783445
0.6525669486610268,0.5262694746105078
0.33999320013599726,0.251414971700566
0.22419551608967822,0.2741945161096778
0.6688866222675547,0.7703445931081379
0.40787184256314873,0.16963660726785465
0.6095078098438031,0.5285694286114277
0.7264454710905782,0.6406671866562669
0.2640147197056059,0.373052538949221
0.6934861302773945,0.7190256194876102
0.9180816383672327,0.9355412891742165
0.5179096418071639,0.7735845283094338
0.6677866442671146,0.7252454950900982
0.5724485510289794,0.5672686546269075
0.14727705445891082,0.3014739705205896
0.8276034479310415,0.75812483750325
0.6543669126617467,0.6556068878622427
0.6214075718485631,0.29001419971600567
0.6374072518549629,0.624687506249875
0.9106417871642567,0.9048219035619288
0.24705505889882204,0.39349213015739687
0.8400031999360013,0.8711825763484731
0.2266954660906782,0.26859462810743784
0.9189616207675847,0.9064418711625768
0.7164456710865783,0.8163636727265455
0.41575168496630066,0.625967480650387
0.4624307513849723,0.37281254374912504
0.3227535449291014,0.27675446491070177
0.9254814903701927,0.9910201795964081
0.5587288254234916,0.29653406931861365
0.7960640787184257,0.75152496950061
0.08705825883482331,0.08929821403571929
0.6829063418731626,0.8693626127477451
0.5592288154236915,0.20573588528229436
0.2019959600807984,0.125897482050359
0.1656966860662787,0.21705565888682227
0.48371032579348416,0.5188096238075238
0.624767504649907,0.5343893122137557
0.05283894322113558,0.06087878242435152
0.15643687126257474,0.16267674646507072
0.7866442671146577,0.880822383552329
0.049959000819983605,0.02403951920961581
0.4189116217675647,0.4292114157716846
0.7731245375092498,0.5988080238395233
0.023759524809503812,0.02257954840903182
0.6601667966640667,0.6835663286734266
0.2615547689046219,0.1884162316753665
0.8516629667406652,0.8064838703225936
0.7205255894882102,0.43347133057338855
0.08371832563348733,0.4532109357812844
0.9165416691666167,0.8968420631587368
0.6982860342793145,0.9064818703625928
0.3392732145357093,0.4016919661606768
0.0622187556248875,0.0762584748305034
0.6096478070438591,0.5434491310173797
0.008519829603407933,0.011779764404711906
0.4136717265654687,0.6506269874602508
0.21087578248435032,0.2010159796804064
0.17367652646947063,0.0744385112297754
0.16147677046459072,0.14735705285894282
0.004959900801983961,0.003999920001599968
0.7645847083058339,0.8056838863222736
0.5909881802363953,0.6936661266774665
0.6726265474690506,0.5525689486210276
0.6835463290734185,0.6403471930561389
0.7209655806883862,0.6885462290754185
0.251234975300494,0.20863582728345434
0.2754344913101738,0.26113477730445395
0.3309933801323974,0.3155536889262215
0.9126817463650727,0.9538209235815284
0.010339793204135918,0.10611787764244715
0.5339093218135638,0.4671906561868763
0.9868402631947362,0.9772004559908802
0.10307793844123118,0.11947761044779105
0.7693446131077378,0.752064958700826
0.29443411131777364,0.25921481570368593
0.8479430411391773,0.8410631787364253
0.2999940001199976,0.35547289054218917
0.8228435431291374,0.8656426871462571
0.04019919601607968,0.04575908481830364
0.8098638027239455,0.9010819783604328
0.1623567528649427,0.2142557148857023
0.45629087418251635,0.44141117177656447
0.7398852022959541,0.7166056678866423
0.23115537689246216,0.1135777284454311
0.3534729305413892,0.375532489350213
0.22899542009159818,0.24863502729945403
0.3102737945241095,0.3385332293354133
0.2578548429031419,0.3014339713205736
0.250254994900102,0.11823763524729505
0.5375092498150037,0.5193096138077239
0.29471410571788564,0.25811483770324595
0.6455870882582349,0.6128677426451471
0.0379592408151837,0.01743965120697586
0.41323173536529273,0.20703585928281434
0.24459510809783805,0.07883842323153538
0.8495630087398253,0.8559628807423851
0.9395012099758006,0.9287214255714886
0.747165056698866,0.8400031999360013
0.7019659606807864,0.6724065518689627
0.11623767524649507,0.06501869962600748
0.1007979840403192,0.09515809683806324
0.3948521029579409,0.379592408151837
0.7396452070958581,0.7361652766944662
0.10973780524389512,0.13401731965360694
0.9695006099878003,0.9731805363892723
0.6082078358432832,0.6624867502649947
0.02659946801063979,0.03227935441291174
0.8280234395312094,0.7141457170856583
0.41083178336433274,0.4119517609647807
0.1117177656446871,0.10201795964080719
0.22839543209135818,0.20293594128117437
0.04649907001859963,0.10329793404131918
0.23347533049339014,0.2979940401191976
0.8208635827283455,0.8043239135217296
0.058418831623367536,0.07611847763044739
0.3639727205455891,0.9498210035799284
0.3840923181536369,0.14685706285874284
0.875142497150057,0.875382492350153
0.13977720445591088,0.1124377512449751
0.7994840103197937,0.40493190136197277
0.5231895362092759,0.6672066558668827
0.8472030559388812,0.8640627187456251
0.7258654826903462,0.7615047699046019
0.75402491950161,0.6705065898682027
0.6098878022439551,0.5799284014319713
0.250114997700046,0.20779584408311835
0.753764924701506,0.622187556248875
0.13019739605207897,0.26793464130717387
0.42935141297174056,0.4037519249615008
0.3257134857302854,0.2871342573148537
0.8426231475370493,0.250234995300094
0.29729405411891763,0.2781944361112778
0.3215535689286214,0.21047579048419032
0.633707325853483,0.749205015899682
0.6460870782584348,0.7003059938801224
0.7168856622867543,0.8016039679206416
0.18435631287374254,0.17907641847163058
0.9442211155776885,0.9311413771724566
0.3638327233455331,0.4885702285954281
0.2921741565168697,0.2923341533169337
0.5312293754124918,0.4159916801663967
0.636347273054539,0.5167896642067159
0.626147477050459,0.6848063038739225
0.1508769824603508,0.19599608007839844
0.3210935781284374,0.20661586768264636
0.9405211895762086,0.9202415951680967
0.1887362252754945,0.21901561968760624
0.749885002299954,0.8204635907281854
0.3910921781564369,0.3370332593348133
0.4633307333853323,0.5194896102077958
0.6054478910421792,0.6078078438431231
0.4241715165696686,0.06345873082538349
0.10157796844063119,0.11939761204775905
0.76272474550509,0.8236635267294654
0.8038039239215216,0.8127837443251136
0.996560068798624,0.9945801083978321
0.18347633047339054,0.16901661966760664
0.4176716465670687,0.4185116297674047
0.6028679426411472,0.760984780304394
0.878802423951521,0.5879282414351713
0.07269854602907942,0.035519289614207715
0.4386512269754605,0.4400711985760285
0.014679706405871884,0.023279534409311815
0.5584488310233795,0.5464890702185956
0.9352012959740805,0.9149417011659767
0.5571488570228595,0.5933081338373233
0.48607027859442814,0.5780484390312194
0.8627427451450971,0.8522429551408972
0.09495810083798324,0.14385712285754285
0.25693486130277393,0.20843583128337434
0.05613887722245555,0.0873582528349433
0.7147457050858983,0.8671226575468491
0.6557668846623068,0.6682866342673147
0.060918781624367514,0.04293914121717566
0.7853442931141378,0.8203635927281455
0.2847943041139177,0.25653486930261393
0.10687786244275115,0.2755744885102298
0.35567288654226914,0.2784344313113738
0.49361012779744406,0.5375892482150357
0.0019399612007759846,0.001879962400751985
0.8397032059358813,0.8332033359332813
0.50954980900382,0.4473910521789564
0.8134837303253936,0.8929821403571929
0.33175336493270136,0.10669786604267915
0.11823763524729505,0.19771604567908643
0.5258894822103558,0.2748745025099498
0.22793544129117418,0.2716345673086538
0.5599488010239796,0.6376672466550669
0.1751364972700546,0.22299554008919822
0.07999840003199936,0.11229775404491911
0.05615887682246355,0.06703865922681547
0.08549829003419931,0.1893562128757425
0.9035819283614328,0.9127817443651127
0.125177496450071,0.11027779444411112
0.7903841923161538,0.7547649047019059
0.9624607507849844,0.8893422131557369
0.024199516009679806,0.02645947081058379
0.5548889022219555,0.6171676566468671
0.2676946461070779,0.24429511409771806
0.10487790244195117,0.11531769364612708
0.40693186136277276,0.377452450950981
0.9787004259914802,0.9797604047919042
0.016659666806663868,0.025519489610207797
0.6245075098498031,0.9512809743805124
0.9105617887642248,0.8171236575268495
0.7245255094898102,0.6929861402771945
0.23485530289394213,0.29583408331833366
0.0745385092298154,0.06867862642747145
0.21769564608707825,0.20835583288334233
0.14209715805683887,0.1401371972560549
0.0376792464150717,0.01903961920761585
0.4518109637807244,0.6067478650426992
0.5537489250214996,0.5583488330233396
0.04399912001759965,0.060718785624287515
0.6588668226635468,0.6502069958600828
0.10237795244095119,0.1359572808543829
0.3262134757304854,0.3420731585368293
0.4753504929901402,0.5170696586068279
0.9599008019839603,0.9464410711785765
0.5789284214315714,0.4708305833883322
0.6565868682626348,0.8375632487350253
0.0123997520049599,0.010699786004279914
0.05263894722105558,0.11249775004499911
0.8038839223215536,0.8360432791344173
0.8044039119217616,0.6838263234735306
0.7691246175076498,0.8638427231455371
0.2006159876802464,0.18619627607447853
0.23147537049259015,0.24915501689966202
0.39985200295994083,0.40625187496250076
0.6202675946481071,0.49357012859742805
0.3134537309253815,0.3257134857302854
0.6901061978760425,0.6934461310773785
0.40493190136197277,0.4202915941681167
0.27795444091118177,0.20435591288174237
0.7931041379172417,0.881182376352473
0.00869982600347993,0.011979760404791904
0.2854742905141897,0.3056538869222616
0.6031079378412432,0.5951080978380433
0.6447871042579149,0.5884882302353953
0.9262214755704886,0.8724025519489611
0.9843803123937521,0.9836403271934562
0.12199756004879903,0.0880182396352073
0.9682006359872802,0.9672806543869122
0.13363732725345492,0.126217475650487
0.8099038019239615,0.7794444111117778
0.039579208415831686,0.04189916201675967
0.9579208415831684,0.9679206415871683
0.5207295854082918,0.5057098858022839
0.9501809963800725,0.9636407271854563
0.9908201835963281,0.9832003359932802
0.44383112337753244,0.4309913801723966
0.25695486090278197,0.44611107777844444
0.9313813723725526,0.9248615027699446
0.6921261574768505,0.7621047579048419
0.6507269854602908,0.6955660886782264
0.4753304933901322,0.39801203975920485
0.8636427271454571,0.6552068958620828
0.7077858442831143,0.6956660866782665
0.6986060278794425,0.751584968300634
0.19817603647927043,0.43787124257514853
0.11785764284714306,0.08503829923401532
0.35925281494370115,0.375412491750165
0.5950880982380352,0.741665166696666
0.3145737085258295,0.3263934721305574
0.019619607607847842,0.05419891602167957
0.35703285934281315,0.48365032699346017
0.47081058378832424,0.4380312393752125
0.6473070538589228,0.6844463110737785
0.4644107117857643,0.4294314113717726
0.42815143697126057,0.40265194696106077
0.7764644707105858,0.7962440751184977
0.2762344753104938,0.3148137037259255
0.9680406391872163,0.9774404511909762
0.253514929701406,0.3154536909261815
0.13023739525209496,0.11691766164676706
0.13663726725465491,0.12307753844923101
0.31799364012719744,0.34817303653926923
0.10299794004119918,0.124937501249975
0.9684606307873843,0.9812003759924802
0.6620467590648187,0.7880642387152257
0.35987280254394916,0.41935161296774065
0.7703845923081538,0.4567108657826844
0.6409071818563629,0.6772064558708826
0.8007239855202897,0.9108417831643367
0.7394452110957781,0.7105057898842023
0.4952500949981001,0.4155916881662367
0.8114037719245616,0.8073638527229455
0.6614667706645867,0.7165456690866183
0.9331413371732565,0.9478010439791205
0.2260154796904062,0.25475490490190195
0.3548729025419492,0.3264534709305814
0.9219615607687847,0.7902241955160897
0.06971860562788744,0.08323833523329534
0.8429631407371853,0.7732445351092978
0.5351892962140757,0.5229295414091718
0.7640047199056019,0.7342853142937141
0.7035059298814024,0.6609467810643788
0.35897282054358914,0.636027279454411
0.17245655086898262,0.17035659286814264
0.9973800523989521,0.9896802063958721
0.5918681626367472,0.626307473850523
0.8688826223475531,0.9210415791684167
0.7785844283114338,0.8202635947281055
0.5832883342333154,0.5885482290354193
0.5817283654326914,0.6937261254774905
0.22053558928821423,0.23331533369332613
0.5322493550128997,0.4372712545749085
0.41833163336733264,0.22141557168856624
0.634507309853803,0.5906681866362673
0.08529829403411932,0.07497850042999141
0.5929281414371713,0.3265134697306054
0.10313793724125518,0.11007779844403112
0.9881602367952641,0.9905401891962161
0.8064438711225775,0.8063438731225375
0.5877082458350833,0.6843263134737305
0.6712865742685147,0.6877862442751145
0.7776644467110658,0.7161256774864503
0.47365052698946025,0.5418091638167237
0.8316233675326494,0.8543229135417292
0.6939461210775785,0.7274454510909782
0.3111537769244615,0.29573408531829365
0.7730245395092098,0.8461830763384732
0.43565128697426053,0.39751204975900484
0.4888302233955321,0.4247915041699166
0.5359692806143878,0.5312093758124837
0.8985620287594248,0.9251014979700406
0.8882222355552889,0.8930621387572248
0.4182916341673167,0.50414991700166
0.14433711325773485,0.13487730245395094
0.022939541209175816,0.019199616007679846
0.27223455530889384,0.34583308333833324
0.9013219735605288,0.9255014899702007
0.7319853602927942,0.5486890262194757
0.631247375052499,0.6002279954400912
0.32065358692826146,0.42085158296834063
0.4805503889922202,0.4050318993620128
0.1750364992700146,0.4315513689726206
0.2923341533169337,0.3373132537349253
0.16997660046799065,0.2004759904801904
0.6263474730505391,0.6081878362432751
0.6074878502429951,0.5253094938101238
0.47869042619147617,0.4128117437651247
0.5930281394372112,0.6037679246415072
0.35995280094398113,0.3852522949541009
0.6797264054718906,0.5963480730385392
0.8949421011579769,0.8420231595368093
0.03281934361312774,0.04623907521849563
0.1739565208695826,0.19157616847663048
0.6710265794684106,0.505969880602388
0.7650846983060339,0.758904821903562
0.6950460990780185,0.7397852042959141
0.6064478710425791,0.6200275994480111
0.8426031479370413,0.8670426591468171
0.7598848023039539,0.7250454990900183
0.9708805823883523,0.7799244015119697
0.5115097698046039,0.4283114337713246
0.9583808323833524,0.9340013199736006
0.9625207495850083,0.9606807863842723
0.8550028999420012,0.8828223435531289
0.15525689486210276,0.1374772504549909
0.5689086218275635,0.14423711525769486
0.9019619607607848,0.8971420571588569
0.08089838203235936,0.0744985100297994
0.39715205695886086,0.4317313653726926
0.6460070798584029,0.49345013099738005
0.04725905481890362,0.03467930641387172
0.005899882002359953,0.006039879202415952
0.7365452690946181,0.6956460870782585
0.7845643087138258,0.7754644907101859
0.8134437311253775,0.7992640147197057
0.6695866082678347,0.6924861502769944
0.5766884662306754,0.6579868402631948
0.3146937061258775,0.38167236655266895
0.44233115337693246,0.43477130457390856
0.20515589688206237,0.3609927801443971
0.45051098978020443,0.4404111917761645
0.8295034099318014,0.8429431411371773
0.4250514989700206,0.4308113837723246
0.9524409511809764,0.9546609067818644
0.08437831243375132,0.0757184856302874
0.7327453450930982,0.7141857162856743
0.750744985100298,0.7299854002919942
0.49287014259714806,0.5631687366252676
0.19123617527649447,0.2166356672866543
0.33021339573208536,0.5051298974020519
0.9255414891702166,0.9259814803703926
0.7283254334913302,0.8969420611587768
0.3269334613307734,0.3055538889222216
0.5692486150276994,0.6527469450610988
0.9917601647967041,0.9929801403971921
0.22305553888922222,0.29493410131797365
0.16525669486610267,0.2244355112897742
0.8668426631467371,0.379292414151717
0.5460490790184197,0.5863082738345233
0.4923301533969321,0.5552888942221156
0.1621767564648707,0.21887562248755027
0.19579608407831844,0.2015359692806144
0.5581288374232516,0.5748685026299474
0.3678526429471411,0.21919561608767826
0.39505209895802085,0.3856322873542529
0.9885002299954001,0.991980160396792
0.6488070238595228,0.5781084378312434
0.6248675026499471,0.6328673426531469
0.7449451010979781,0.6219075618487631
0.5210895782084358,0.5511089778204437
0.30921381572368556,0.44589108217835643
0.7300853982920342,0.7023259534809304
0.7159656806863863,0.7045859082818344
0.8455230895382093,0.7328453430931382
0.30699386012279756,0.22869542609147817
0.6793664126717466,0.6124277514449711
0.015559688806223876,0.010599788004239916
0.5696886062278754,0.6032479350412991
0.9616807663846724,0.994960100797984
0.3656926861462771,0.23029539409211816
0.1900761984760305,0.23385532289354213
0.20593588128237436,0.2866342673146537
0.125597488050239,0.15859682806343875
0.8377232455350894,0.8369832603347933
0.751884962300754,0.877962440751185
0.510569788604228,0.43233135337293255
0.22765544689106218,0.33105337893242137
0.2140557188856223,0.16837663246735066
0.6597868042639148,0.6630667386652267
0.8122437551248975,0.6740465190696187
0.999840003199936,0.997780044399112
0.09393812123757525,0.1010979780404392
0.47041059178816425,0.626427471450571
0.6768464630707386,0.6595668086638268
0.9024019519609608,0.9289614207715846
0.876642467150657,0.8272834543309134
0.07677846443071139,0.23395532089358215
0.4357312853742925,0.5328893422131558
0.8617627647447051,0.875942481150377
0.09379812403751925,0.0755984880302394
0.3408331833363333,0.43379132417351657
0.4659306813863723,0.36549269014619706
0.8874222515549689,0.885282294354113
0.8240035199296014,0.6929661406771864
0.9221015579688406,0.9324213515729686
0.7036259274814504,0.627947441051179
0.9151016979660407,0.9367812643747125
0.498890022199556,0.46675066498670026
0.3510329793404132,0.34723305533889326
0.11747765044699106,0.08967820643587128
0.02147957040859183,0.014779704405911882
0.6969860602787944,0.755644887102258
0.30721385572288556,0.28345433091338174
0.6930261394772105,0.6617667646647067
0.8247435051298975,0.8193636127277455
0.12237755244895103,0.12241755164896702
0.062138757224855505,0.09289814203715926
0.3401931961360773,0.26959460810783786
0.6725865482690346,0.6377472450550989
0.44335113297734047,0.2603147937041259
0.8392432151356973,0.761004779904402
0.3504329913401732,0.44451110977780445
0.5480090398192037,0.5206095878082438
0.9342613147737046,0.875362492750145
0.9985000299994,0.99840003199936
0.5100697986040279,0.41757164856702866
0.6589668206635868,0.7133457330853383
0.5280294394112118,0.48111037779244414
0.511829763404732,0.633407331853363
0.6400671986560269,0.6203875922481551
0.8511029779404412,0.6112877742445151
0.5254494910101798,0.6566468670626587
0.07763844723105538,0.07121857562848743
0.5083298334033319,0.5221295574088518
0.4141317173656527,0.3278534429311414
0.7394652106957861,0.6655066898662026
0.08629827403451931,0.13379732405351893
0.8434831303373933,0.7389852202955941
0.40797184056318875,0.5383092338153237
0.5741285174296514,0.5179896402071958
0.9712005759884803,0.9599608007839844
0.7933441331173376,0.48533029339413214
0.3390132197356053,0.28047439051218975
0.3543529129417412,0.4529709405811884
0.3247535049299014,0.45895082098358037
0.9847603047939042,0.9825403491930161
0.5688486230275395,0.749245015099698
0.4130717385652287,0.40973180536389275
0.8629227415451691,0.8633027339453211
0.7318053638927222,0.7898242035159297
0.624667506649867,0.9300213995720086
0.6980860382792344,0.8620827583448332
0.39287214255714886,0.2037159256814864
0.10147797044059119,0.12713745725085498
0.2651346973060539,0.2620747585048299
0.255694886102278,0.3398532029359413
0.06959860802783945,0.09747805043899123
0.4039919201615968,0.4791304173916522
0.19779604407911844,0.20433591328173437
0.4110117797644047,0.6700865982680346
0.6338873222535549,0.8557028859422812
0.21951560968780626,0.39745205095898084
0.747745045099098,0.8157036859262815
0.41277174456510873,0.5301693966120677
0.5276494470110598,0.5198896022079559
0.48303033939321216,0.44519109617807645
0.8965620687586249,0.7906241875162497
0.6867462650746985,0.7253254934901302
0.8174036519269615,0.8388632227355454
0.5655086898262035,0.5686086278274435
0.0013199736005279894,0.0010599788004239915
0.6762664746705066,0.6873662526749466
0.371112577748445,0.3139137217255655
0.6706865862682747,0.6114877702445951
0.2020359592808144,0.19395612087758246
0.8912621747565049,0.9171016579668407
0.6728865422691547,0.6483470330593388
0.2628347433051339,0.3612327753444931
0.06879862402751945,0.14301713965720686
0.7413851722965541,0.8192236155276895
0.6972060558788824,0.7192456150876982
0.05241895162096758,0.044499110017799645
0.28323433531329373,0.2656346873062539
0.13543729125417492,0.14089718205635887
0.1397572048559029,0.15891682166356674
0.9035219295614088,0.9081818363632728
0.5391292174156517,0.4637107257854843
0.1864962700745985,0.381072378552429
0.009479810403791925,0.008099838003239936
0.27055458890822187,0.3158536829263415
0.5170496590068199,0.6002479950400992
0.751264974700506,0.753604927901442
0.41985160296794066,0.5562088758224836
0.06625867482650347,0.4863702725945481
0.2776344473110538,0.14597708045839083
0.9860602787944241,0.9437811243775125
0.75242495150097,0.7068458630827383
0.5163696726065479,0.8166836663266734
0.7472050558988821,0.7079458410831784
0.6987260254794905,0.8970820583588328
0.7999640007199856,0.8208635827283455
0.09555808883822324,0.10883782324353514
0.7402451950960981,0.6931061378772425
0.34467310653786926,0.3376932461350773
0.7280854382912342,0.7241255174896503
0.2958740825183496,0.3598528029439411
0.23001539969200616,0.28019439611207775
0.9218215635687287,0.8146637067258655
0.6101677966440672,0.31009379812403753
0.002639947201055979,0.0032999340013199737
0.2401951960960781,0.1632767344653107
0.40813183736325276,0.42357152856942865
0.4453310933781324,0.2886542269154617
0.45439091218175637,0.4150716985660287
0.5196896062078759,0.9319413611727766
0.29369412611747764,0.3412131757364853
0.5475090498190036,0.372272554548909
0.42221155576888464,0.3596928061438771
0.2861142777144457,0.17191656166876662
0.1893962120757585,0.7913641727165457
0.503269934601308,0.8099638007239855
0.9988800223995521,0.99930001399972
0.07251854962900742,0.06733865322693547
0.28213435731285375,0.22367552648947023
0.6047079058418832,0.5137897242055159
0.8938821223575529,0.8650826983460331
0.45685086298274036,0.6150476990460191
0.06511869762604748,0.06735865282694346
0.06673866522669547,0.06451870962580748
0.4349913001739965,0.373692526149477
0.8153636927261455,0.8616827663446731
0.2887542249155017,0.25239495210095797
0.6088878222435552,0.007839843203135938
0.6479270414591708,0.6608667826643467
0.04267914641707166,0.049419011619767604
0.5551488970220596,0.48109037819243616
0.033399332013359734,0.03413931721365573
0.622367552648947,0.7463050738985221
0.31523369532609347,0.40759184816303673
0.1637167256654867,0.22753544929101419
0.17331653366932662,0.1496770064598708
0.23797524049519012,0.16147677046459072
0.8642627147457052,0.8310233795324093
0.21025579488410231,0.254434911301774
0.5608287834243315,0.6215475690486191
0.7742445151096978,0.7629847403051939
0.5381092378152437,0.6033879322413552
0.8047439051218976,0.38287234255314895
0.0249395012099758,0.02775944481110378
0.8943421131577369,0.875462490750185
0.1518569628607428,0.27063458730825385
0.9700005999880003,0.9620407591848164
0.6345873082538349,0.8609027819443611
0.5708085838283234,0.21655566888662228
0.882702345953081,0.8167436651266975
0.9978800423991521,0.998920021599568
0.6071278574428511,0.6429471410571789
0.2883542329153417,0.249195016099678
0.1122177556448871,0.12445751084978302
0.4381112377752445,0.43445131097378054
0.5250894982100358,0.42259154816903666
0.504289914201716,0.4358912821743565
0.25557488850223,0.2235555288894222
0.9891802163956721,0.9918801623967521
0.5153096938061239,0.378792424151517
0.4281914361712766,0.4280314393712126
0.045719085618287636,0.1778164436711266
0.8395432091358173,0.7427651446971061
0.11131777364452711,0.374672506549869
0.06651866962660748,0.12289754204915902
0.8027639447211056,0.9035019299614008
0.9083818323633528,0.8601427971440572
0.9014419711605768,0.7669046619067619
0.5116697666046679,0.31839363212735744
0.02015959680806384,0.030359392812143757
0.47875042499150017,0.27509449811003783
0.5699686006279875,0.6516069678606428
0.6082478350432992,0.10953780924381512
0.38211235775284497,0.7254254914901702
0.8523229535409292,0.9242815143697126
0.1664366712665747,0.21221575568488632
0.2587148257034859,0.13303733925321495
0.74292514149717,0.9758604827903442
0.44633107337853245,0.44895102097958045
0.7948641027179457,0.8417431651366973
0.25637487250255,0.9841803163936722
0.5619887602247955,0.5539689206215875
0.5285894282114358,0.5716485670286594
0.17373652526949462,0.49611007779844407
0.01499970000599988,0.008899822003559928
0.8935821283574329,0.8966820663586729
0.4372712545749085,0.9184016319673607
0.49311013779724405,0.5379292414151717
0.6524069518609628,0.7392052158956821
0.5201095978080439,0.5497490050198997
0.26549469010619786,0.19557608847823044
0.9043819123617528,0.9559008819823603
0.9951200975980481,0.9966000679986401
0.4656306873862523,0.5091298174036519
0.5828683426331474,0.33525329493410133
0.9322013559728806,0.9462410751784964
0.5871882562348754,0.5387092258154837
0.9296014079718405,0.9545009099818004
0.01895962080758385,0.03529929401411972
0.23395532089358215,0.41977160456790863
0.5610887782244355,0.5606287874242515
0.37411251774964505,0.2988340233195336
0.994620107597848,0.9984200315993681
0.6043679126417472,0.22867542649147019
0.21753564928701427,0.022399552008959822
0.500469990600188,0.7410251794964101
0.8724425511489771,0.876622467550649
0.9406611867762645,0.9140817183656327
0.22233555328893423,0.21075578488430233
0.40719185616287673,0.4800303993920122
0.21933561328773427,0.2258554828903422
0.253754924901502,0.2911741765164697
0.23063538729225416,0.06871862562748746
0.9881402371952561,0.9935401291974161
0.9853402931941362,0.9859802803943921
0.023379532409351814,0.024359512809743807
0.08113837723245536,0.124397512049759
0.4652306953860923,0.5331493370132597
0.27945441091178175,0.2287554248915022
0.6146077078458431,0.6582668346633067
0.8542429151416971,0.755964880702386
0.44603107937841246,0.3664926701465971
0.1379772404551909,0.5225495490090198
0.3990920181596368,0.3862122757544849
0.7024459510809784,0.7447851042979141
0.9918001639967201,0.32191356172876545
0.8960420791584168,0.758944821103578
0.12015759684806304,0.14051718965620688
0.5333893322133557,0.4905501889962201
0.10813783724325514,0.0879582408351833
0.8967620647587049,0.9531609367812645
0.0754184916301674,0.10239795204095918
0.22909541809163816,0.24509509809803806
0.6094278114437711,0.5546889062218756
0.127297454050919,0.747505049899002
0.6542469150616987,0.7145657086858264
0.9337013259734805,0.8392632147357053
0.009279814403711926,0.004559908801823964
0.11167776644467112,0.02631947361052779
0.8915421691566169,0.760644787104258
0.9549009019819604,0.9447411051778964
0.28273434531309377,0.6125477490450191
0.5419291614167717,0.5315693686126277
0.8989220215595688,0.8902821943561129
0.2844943101137977,0.19367612647747046
0.9258614827703446,0.9408211835763285
0.6129477410451791,0.5625887482250356
0.5155696886062279,0.4900101997960041
0.5797284054318914,0.5351492970140598
0.9455010899782005,0.9202215955680887
0.884142317153657,0.748305033899322
0.9618807623847523,0.9663006739865203
0.08637827243455132,0.19525609487810244
0.7165856682866343,0.7249455010899782
0.28761424771504573,0.2647347053058939
0.10605787884242315,0.10231795364092719
0.2671146577068459,0.39379212415751685
0.7873842523149537,0.7929241415171697
0.5134097318053639,0.5863482730345393
0.6751464970700586,0.7120857582848343
0.06835863282734346,0.07331853362932741
0.7401451970960581,0.7899042019159617
0.35783284334313314,0.39531209375812487
0.30967380652386955,0.30827383452330953
0.49309013819723607,0.48443031139377213
0.4185116297674047,0.42415151696966064
0.16201675966480672,0.09327813443731126
0.5864082718345633,0.6057478850422992
0.029439411211775766,0.022099558008839823
0.19551608967820644,0.21555568888622229
0.4622707545849083,0.9598408031839364
0.6986460270794584,0.7644447111057779
0.7192456150876982,0.6977860442791144
0.8144037119257616,0.8500429991400172
0.10397792044159117,0.08739825203495931
0.6874862502749945,0.6482670346593068
0.8503829923401532,0.8623427531449371
0.9981000379992401,0.998160036799264
0.2752944941101178,0.20753584928301436
0.44507109857802846,0.6104477910441791
0.7069058618827624,0.6972060558788824
0.9268814623707526,0.9791604167916642
0.7103257934841304,0.7606047879042419
0.253094938101238,0.16129677406451873
0.9437011259774805,0.9476410471790565
0.3024139517209656,0.24413511729765405
0.1382372352552949,0.16713665726685467
0.07291854162916742,0.08467830643387132
0.9892002159956801,0.9828603427931442
0.377092458150837,0.23531529369412613
0.6155676886462271,0.7194856102877942
0.9594008119837604,0.9700605987880243
0.6760064798704026,0.629987400251995
0.5579488410231795,0.4529309413811724
0.8705825883482331,0.8044439111217776
0.18495630087398252,0.2114557708845823
0.5565488690226196,0.47601047979040423
0.7491650166996661,0.5121297574048519
0.9621807563848723,0.8550628987420252
0.8026639467210656,0.8923421531569369
0.8366832663346734,0.6497870042599149
0.15573688526229476,0.027899442011159778
0.4807303853922922,0.630387392252155
0.7379652406951861,0.7845843083138337
0.36263274734505313,0.37521249575008503
0.44855102897942045,0.41059178816423675
0.892042159156817,0.8990620187596249
0.10357792844143117,0.14657706845863083
0.9825203495930082,0.9684406311873763
0.11501769964600708,0.08985820283594328
0.3848923021539569,0.3040139197216056
0.29189416211675767,0.05893882122357553
0.8462230755384893,0.7676246475070498
0.5472090558188837,0.38361232775344495
0.9124017519649608,0.9271014579708406
0.8514029719405612,0.8978620427591448
0.867222655546889,0.8143437131257375
0.877842443151137,0.8918021639567209
0.5131097378052439,0.5053698926021479
0.5442891142177156,0.6428871422571549
0.44919101617967644,0.5740685186296274
0.5934681306373872,0.6104877902441951
0.3642527149457011,0.2862142757144857
0.9774604507909842,0.878342433151337
0.3018739625207496,0.30277394452110956
0.23099538009239817,0.3639127217455651
0.22797544049119017,0.23573528529429413
0.12301753964920702,0.14523709525809483
0.25941481170376596,0.504989900201996
0.7263854722905542,0.4431511369772605
0.6359672806543869,0.7669246615067699
0.39173216535669286,0.3130537389252215
0.9188416231675367,0.8140037199256015
0.06875862482750346,0.0626387472250555
0.6767264654706906,0.36977260454790906
0.3677926441471171,0.5022499550009
0.6143077138457231,0.5230895382092359
0.15407691846163077,0.39671206575868484
0.21539569208615827,0.10077798444031119
0.20525589488210236,0.09977800443991121
0.09561808763824724,0.12389752204955902
0.09141817163656728,0.20719585608287835
0.13139737205255894,0.1656366872662547
0.8399632007359853,0.8551028979420412
0.9791404171916562,0.9370212595748085
0.39899202015959684,0.379132417351653
0.9547609047819043,0.4889502209955801
0.19111617767644648,0.28487430251394974
0.15209695806083878,0.15769684606307874
0.8122237555248896,0.8170636587268255
0.12007759844803105,0.14995700085998281
0.8939421211575769,0.8220835583288334
0.6725465490690187,0.6680666386672267
0.07289854202915942,0.06917861642767145
0.058518829623407535,0.09081818363632728
0.6044479110417792,0.5615687686246276
0.24665506689866204,0.10673786524269514
0.504309913801724,0.7832043359132818
0.23643527129457412,0.44165116697666046
0.14491710165796684,0.13227735445291094
0.08497830043399132,0.127477450450991
0.2618547629047419,0.05791884162316754
0.4763704725905482,0.31797364052718946
0.0010399792004159916,0.0008999820003599929
0.506109877802444,0.43251134977300454
0.1633967320653587,0.15757684846303074
0.6357272854542909,0.747145057098858
0.9728205435891283,0.9713805723885522
0.19295614087718246,0.25855482890342196
0.1891162176756465,0.22199556008879823
0.47967040659186816,0.38537229255414895
0.51594968100638,0.623227535449291
0.8648427031459371,0.7967040659186817
0.9709405811883762,0.7852842943141137
0.3660526789464211,0.20373592528149437
0.7068858622827544,0.7214255714885702
0.4472110557788844,0.47497050058998824
0.9038619227615448,0.8276434471310574
0.9158216835663288,0.9375012499750005
0.03403931921361573,0.252654946901062
0.8644227115457691,0.8547629047419052
0.3638727225455491,0.43821123577528454
0.11107777844443112,0.1409371812563749
0.024819503609927802,0.035619287614247715
0.6830663386732265,0.7008859822803544
0.7268854622907542,0.7203655926881463
0.4412111757764845,0.4399912001759965
0.9120217595648087,0.9139217215655687
0.11147777044459112,0.13191736165276696
0.6638667226655467,0.6493470130597389
0.7783044339113218,0.7629647407051859
0.6838463230735385,0.6465270694586108
0.7701845963080739,0.41911161776764466
0.4427111457770845,0.505229895402092
0.5226095478090438,0.5335893282134357
0.36257274854502913,0.24037519249615008
0.621367572648547,0.7351252974940501
0.9970800583988321,0.9977400451990961
0.8985420291594168,0.8730025399492011
0.7632647347053059,0.7295054098918022
0.4016919661606768,0.43571128577428453
0.8229035419291615,0.764764704705906
0.0997380052398952,0.11495770084598309
0.37297254054918905,0.3679126417471651
0.6774064518709626,0.6838463230735385
0.3967320653586928,0.38367232655346895
0.8391632167356653,0.870742585148297
0.6976860462790745,0.6733265334693307
0.7496250074998501,0.8387632247355054
0.8385832283354333,0.8332233355332893
0.9321013579728405,0.8697026059478811
0.5520489590208196,0.6538669226615468
0.9165016699666007,0.9330813383732326
0.6178476430471391,0.5747885042299155
0.5638487230255395,0.48613027739445214
0.6834063318733625,0.6868062638747225
0.50654986900262,0.503069938601228
0.7653846923061539,0.8335233295334094
0.008059838803223935,0.010919781604367913
0.9671806563868723,0.9724205515889682
0.10579788404231916,0.23177536449271016
0.35331293374132516,0.36945261094778103
0.8588028239435211,0.8235835283294335
0.9587808243835123,0.871122577548449
0.13431731365372693,0.24349513009739807
0.6655866882662347,0.5099298014039719
0.13171736565268696,0.16101677966440672
0.7303453930921382,0.31025379492410154
0.5675086498270034,0.49521009579808406
0.43387132257354855,0.3261134777304454
0.882282354352913,0.9179816403671927
0.3261934761304774,0.33077338453230937
0.49869002619947606,0.34679306413871724
0.8146037079258415,0.7929441411171777
0.9049019019619607,0.7934441311173777
0.6451670966580668,0.7735645287094258
0.3899122017559649,0.4433311333773325
0.09923801523969521,0.05545889082218356
0.08559828803423931,0.1530569388612228
0.6964060718785624,0.6984460310793784
0.5283294334113318,0.28441431171376574
0.7099458010839783,0.7169456610867783
0.02391952160956781,0.03155936881262375
0.08669826603467931,0.07767844643107139
0.4121717565648687,0.5413691726165477
0.4490510189796204,0.4748905021899562
0.5270094598108038,0.44411111777764445
0.04659906801863963,0.03021939561208776
0.48019039619207615,0.5477890442191157
0.01761964760704786,0.08035839283214335
0.7636647267054659,0.8043639127217456
0.6587668246635068,0.6739065218695627
0.7964240715185696,0.8249035019299614
0.7269054618907622,0.5431691366172676
0.2655946881062379,0.2939341213175737
0.5907481850362993,0.6212875742485151
0.5552488950220996,0.27127457450850984
0.44639107217855645,0.41991160176796466
0.3518329633407332,0.42969140617187657
0.037939241215175695,0.07113857722845543
0.7821443571128578,0.754784904301914
0.2365552688946221,0.2605947881042379
0.053278934421311576,0.08959820803583929
0.877482450350993,0.9114017719645607
0.628127437451251,0.628087438251235
0.9636407271854563,0.9600407991840163
0.5744285114297715,0.6043279134417312
0.8657626847463051,0.879242415151697
0.13101737965240695,0.6023879522409552
0.7918041639167217,0.5984880302393952
0.10837783244335114,0.14309713805723887
0.5802283954320914,0.8926221475570489
0.7989040219195617,0.7800643987120258
0.50944981100378,0.753864922701546
0.6574068518629628,0.511929761404772
0.5936681266374673,0.6060878782424352
0.9443011139777204,0.9310813783724325
0.3339533209335813,0.34369312613747727
0.14065718685626288,0.22465550688986222
0.08301833963320734,0.4770504589908202
0.9234815303693926,0.9304213915721686
0.21709565808683828,0.3896922061558769
0.6470270594588109,0.5774684506309874
0.4741505169896602,0.19553608927821445
0.44789104217915643,0.5226095478090438
0.3404331913361733,0.2887742245155097
0.5947881042379153,0.7103257934841304
0.00505989880202396,0.0024599508009839803
0.9530009399812004,0.9499610007799845
0.7227855442891142,0.6967460650786984
0.7416451670966581,0.7973240535189297
0.5725485490290194,0.5280494390112198
0.060038799224015525,0.06039879202415952
0.7302453950920982,0.6618467630647388
0.9463010739785205,0.9725005499890003
0.6112277754444911,0.5201695966080678
0.879262414751705,0.5198296034079318
0.6049079018419632,0.5463090738185237
0.2134357312853743,0.6925861482770345
0.4776704465910682,0.5194696106077878
0.4491510169796604,0.13107737845243095
0.3636527269454611,0.24143517129657407
0.6483670326593468,0.632347353052939
0.6607667846643067,0.5338493230135397
0.34521309573808523,0.3094338113237735
0.07435851282974341,0.06791864162716746
0.34495310093798126,0.5472290554188917
0.09827803443931121,0.09075818483630328
0.08905821883562329,0.11065778684426311
0.627707445851083,0.5563288734225316
0.17149657006859864,0.2141157176856463
0.7185856282874343,0.7465450690986181
0.24537509249815004,0.33265334693306137
0.6842863142737146,0.7068858622827544
0.14331713365732685,0.13507729845403094
0.053778924421511574,0.07235855282894342
0.6712665746685067,0.6925061498770024
0.9085818283634327,0.9149617007659847
0.9441811163776724,0.874082518349633
0.2036559268814624,0.49401011979760406
0.03185936281274375,0.03163936721265575
0.06085878282434352,0.08643827123457531
0.2882142357152857,0.45703085938281235
0.5979680406391872,0.6054478910421792
0.19871602567948643,0.17889642207155856
0.33237335253294936,0.29785404291914164
0.8330633387332254,0.9275414491710167
0.6029079418411633,0.7159256814863703
0.6370872582548349,0.6490670186596268
0.5526689466210676,0.2641347173056539
0.09401811963760726,0.12259754804903902
0.5538489230215395,0.7046059078818424
0.7419451610967781,0.36703265934681306
0.3246735065298694,0.505009899802004
0.4158916821663567,0.5564888702225955
0.0017999640007199857,0.053558928821423574
0.5353892922141558,0.48647027059458814
0.07317853642927141,0.11753764924701507
0.8644427111457771,0.874462510749785
0.617707645847083,0.6498470030599388
0.7984440311193777,0.7961640767184657
0.9291414171716565,0.9236015279694406
0.9940801183976321,0.9945401091978161
0.6776064478710426,0.7202855942881142
0.23539529209415813,0.19175616487670247
0.28647427051458974,0.35845283094338115
0.8084638307233856,0.8068638627227456
0.8600227995440092,0.8467030659386813
0.10351792964140717,0.07101857962840744
0.7155256894862103,0.7670646587068259
0.8053438931221376,0.8282234355312894
0.7331453370932581,0.6321873562528749
0.6402871942561149,0.6363872722545549
0.495930081398372,0.4501309973800524
0.5664886702265954,0.379572408551829
0.9915401691966161,0.9891602167956641
0.7000859982800344,0.7013459730805384
0.9075818483630328,0.9097618047639048
0.3396132077358453,0.3262734745305094
0.2645947081058379,0.23127537449251015
0.2623747525049499,0.32065358692826146
0.75002499950001,0.8299834003319934
0.882122357552849,0.8553228935421292
0.9688806223875522,0.9648807023859524
0.6832863342733145,0.753904921901562
0.4215515689686206,0.23281534369312615
0.2652346953060939,0.2778544429111418
0.6377472450550989,0.47171056578868426
0.5164496710065799,0.2379952400951981
0.3618727625447491,0.32375352492950144
0.1759564808703826,0.02771944561108778
0.11631767364652708,0.14129717405651887
0.2902341953160937,0.375352492950141
0.9743405131897362,0.9280614387712246
0.1895962080758385,0.28041439171216576
0.5819283614327714,0.5381892362152757
0.617247655046899,0.6202675946481071
0.4688306233875323,0.22341553168936623
0.628247435051299,0.628547429051419
0.9919001619967601,0.9930601387972241
0.04261914761704766,0.05823883522329554
0.9178816423671526,0.9623007539849203
0.6925061498770024,0.6972460550788985
0.11521769564608708,0.14305713885722285
0.6500469990600188,0.5696286074278515
0.9424011519769605,0.9502009959800805
0.8423231535369293,0.8258634827303454
0.32415351692966143,0.1733565328693426
0.48629027419451615,0.48373032539349214
0.06919861602767945,0.26989460210795785
0.8233035339293214,0.8207635847283055
0.10939781204375913,0.09127817443651128
0.24773504529909401,0.17999640007199857
0.20527589448211037,0.23991520169596608
0.2871942561148777,0.37881242375152496
0.24803503929921403,0.23691526169476612
0.9821203575928482,0.9820403591928162
0.35165296694066117,0.20469590608187838
0.23011539769204617,0.1990560188796224
0.13497730045399092,0.11021779564408712
0.33695326093478134,0.29709405811883766
0.7672846543069138,0.8049439011219776
0.9330813383732326,0.9407811843763125
0.44461110777784446,0.4914701705965881
0.4224515509689806,0.3530929381412372
0.05917881642367153,0.07319853602927942
0.7720445591088179,0.7101257974840504
0.40631187376252476,0.5648687026259475
0.4781104377912442,0.6556268874622507
0.9492610147797045,0.749905001899962
0.9347013059738806,0.9732605347893043
0.5862082758344833,0.6178076438471231
0.75512489750205,0.743365132697346
0.19549609007819843,0.11997760044799105
0.31861362772744545,0.24449511009779806
0.5707885842283155,0.628507429851403
0.025879482410351793,0.015259694806103879
0.25667486650266996,0.18343633127337453
0.7345053098938021,0.7705845883082338
0.9400011999760005,0.9028219435611288
0.2730545389092218,0.2977140457190856
0.49355012899742007,0.7501849963000741
0.8173436531269375,0.755344893102138
0.5725285494290114,0.5222495550088998
0.17217655646887062,0.1384572308553829
0.045919081618367635,0.04585908281834363
0.052158956820863585,0.04849903001939961
0.9903801923961522,0.9908201835963281
0.8950620987580249,0.9593608127837444
0.20853582928341433,0.3008939821203576
0.9118817623647527,0.8456230875382492
0.3504929901401972,0.2855142897142057
0.29013419731605367,0.3370932581348373
0.4904101917961641,0.6081678366432671
0.9102417951640968,0.872682546349073
0.2791144177116458,0.28149437011259776
0.24195516089678207,0.25639487210255796
0.11439771204575909,0.1386372272554549
0.44623107537849244,0.4418311633767325
0.0749585008299834,0.4040719185616288
0.24075518489630207,0.2684946301073979
0.3129537409251815,0.35993280134397315
0.44879102417951644,0.5422091558168837
0.8978420431591368,0.9368212635747285
0.42051158976820463,0.503529929401412
0.32099358012839746,0.32051358972820543
0.16061678766424672,0.14593708125837485
0.8893422131557369,0.8263834723305534
0.06641867162656748,0.09555808883822324
0.5720285594288115,0.5647287054258915
0.46767064658706825,0.13589728205435891
0.628007439851203,0.10605787884242315
0.5978680426391473,0.6623867522649547
0.01145977080458391,0.014059718805623888
0.06535869282614348,0.12447751044979101
0.6626067478650427,0.5505289894202117
0.7321853562928742,0.763164736705266
0.08935821283574329,0.09243815123697527
0.0624187516249675,0.04485910281794364
0.3859722805543889,0.3848923021539569
0.5818283634327314,0.4054318913621728
0.49173016539669206,0.6162076758464831
0.2963340733185336,0.3637927241455171
0.13285734285314293,0.10419791604167918
0.8632227355452892,0.8992820143597129
0.5786484270314594,0.33177336453270934
0.997440051198976,0.9777404451910963
0.8336433271334573,0.03013939721205576
0.19249615007699847,0.18311633767324653
0.2756344873102538,0.2660346793064139
0.19643607127857443,0.1988560228795424
0.8530029399412012,0.8668026639467211
0.9628207435851284,0.9188616227675447
0.7457250854982901,0.6075878482430351
0.5985080298394032,0.5227895442091158
0.000059998800023999525,0.00007999840003199936
0.42151156976860465,0.2995340093198136
0.24229515409691807,0.20549589008219837
0.4130117397652047,0.5855282894342113
0.254134917301654,0.10345793084138317
0.9517409651806964,0.9470010599788005
0.5238895222095559,0.5653086938261235
0.6216675666486671,0.6896262074758505
0.508769824603508,0.47349053018939624
0.29191416171676565,0.2388752224955501
0.005279894402111958,0.12897742045159097
0.5929881402371953,0.6415471690566189
0.8082638347233055,0.8441431171376573
0.49755004899902006,0.48423031539369216
0.005939881202375953,0.0037399252014959704
0.19427611447771045,0.16115677686446273
0.8047639047219056,0.7872242555148897
0.8110837783244336,0.760084798304034
0.9509009819803604,0.755984880302394
0.9602007959840804,0.9067218655626887
0.5225295494090119,0.375072498550029
0.046039079218415636,0.08311833763324734
0.9485810283794325,0.9555608887822243
0.21307573848523031,0.28065438691226174
0.05601887962240756,0.14877702445951083
0.9325813483730325,0.9276614467710647
0.027159456810863784,0.026079478410431792
0.5715885682286355,0.5911481770364593
0.9312413751724966,0.9580408391832164
0.6510869782604348,0.6964660706785865
0.9821803563928722,0.9713205735885283
0.12949741005179896,0.07755844883102338
0.39657206855862887,0.4292714145717086
0.7209855802883942,0.7063658726825464
0.17185656286874262,0.0748585028299434
0.7881442371152577,0.8438431231375373
0.5787884242315154,0.623967520649587
0.6389072218555629,0.7253654926901463
0.873282534349313,0.9320413591728166
0.46743065138697226,0.13963720725585488
0.6134677306453871,0.5467690646187077
0.23683526329473412,0.3296134077318454
0.1378572428551429,0.12909741805163896
0.6578268434631308,0.5699286014279714
0.09595808083838324,0.13443731125377492
0.033819323613527734,0.06543869122617547
0.5470490590188196,0.5084498310033799
0.4067918641627168,0.36709265814683706
0.21699566008679827,0.16927661446771064
0.3376132477350453,0.6070078598428031
0.1533169336613268,0.17751644967100658
0.30763384732305354,0.3652526949461011
0.9115417691646167,0.9023419531609368
0.8990220195596088,0.8917621647567049
0.37389252214955704,0.11547769044619108
0.9003219935601289,0.879662406751865
0.07003859922801545,0.1381372372552549
0.7310853782924341,0.750844983100338
0.21467570648587028,0.22765544689106218
0.9664206715865683,0.9646607067858644
0.2008359832803344,0.1502369952600948
0.8215035699286014,0.7231255374892502
0.0753784924301514,0.502669946601068
0.45873082538349236,0.254414911701766
0.22939541209175818,0.24097518049639008
0.6051478970420592,0.629367412651747
0.881062378752425,0.9054018919621608
0.6429671406571869,0.49213015739685206
0.9020019599608008,0.9259014819703606
0.2896142077158457,0.2963340733185336
0.5462490750184996,0.500889982200356
0.5761084778304434,0.6160676786464271
0.7779844403111938,0.6449871002579949
0.49179016419671606,0.47287054258914824
0.9362012759744806,0.16719665606687867
0.24081518369632607,0.21649567008659829
0.2881342373152537,0.47247055058898824
0.7142457150856983,0.6987660246795064
0.3523529529409412,0.5395492090158197
0.5467090658186836,0.5871082578348433
0.9649807003859923,0.9425411491770165
0.5803883922321553,0.5604087918241636
0.7234855302893942,0.6958860822783545
0.34159316813663726,0.6882662346753066
0.8893622127557449,0.878182436351273
0.5220295594088118,0.4709505809883803
0.8727625447491051,0.886102277954441
0.9680806383872322,0.9672206555868883
0.05807883842323154,0.04263914721705566
0.19767604647907042,0.2386552268954621
0.5192696146077078,0.5877082458350833
0.497190056198876,0.5576888462230756
0.12001759964800704,0.19629607407851843
0.31105377892442154,0.31809363812723745
0.06635867282654347,0.21967560648787024
0.2139957200855983,0.2130557388852223
0.4782504349913002,0.2914341713165737
0.751304973900522,0.8047839043219136
0.12797744045119097,0.11153776924461511
0.38127237455250895,0.29013419731605367
0.6493470130597389,0.628887422251555
0.33261334773304535,0.2852342953140937
0.29229415411691767,0.24237515249695007
0.7463050738985221,0.7427251454970901
0.3016339673206536,0.41901161976760465
0.1352172956540869,0.08635827283454331
0.8862622747545049,0.9190216195676086
0.7132057358852824,0.7636847263054739
0.8387032259354813,0.8363232735345293
0.9784804303913922,0.9752604947901042
0.2623947521049579,0.44153116937661246
0.5276694466110678,0.4384312313753725
0.2113757724845503,0.31437371252574947
0.757204855902882,0.6733065338693226
0.32781344373112536,0.32049359012819745
0.4498310033799324,0.1001579968400632
0.43501129977400455,0.4248715025699486
0.4252114957700846,0.19707605847883042
0.4790704185916282,0.4464710705785884
0.5334093318133637,0.22095558088838224
0.9065218695626088,0.8927821443571129
0.6714065718685627,0.6634267314653707
0.40465190696186076,0.3276134477310454
0.9282414351712966,0.9365812683746325
0.4132517349653007,0.40713185736285273
0.9745005099898002,0.9231815363692727
0.5862882742345153,0.6904261914761705
0.06593868122637547,0.0747385052298954
0.8964020719585608,0.9747805043899123
0.7394252114957701,0.5861282774344513
0.04845903081938362,0.052158956820863585
0.8042839143217136,0.8026439471210576
0.880302393952121,0.8280834383312334
0.3119937601247975,0.3098938021239575
0.7052458950820983,0.7058058838823223
0.19065618687626248,0.23477530449391013
0.004619907601847963,0.0043399132017359655
0.619867602647947,0.7693046139077219
0.08645827083458331,0.05409891802163957
0.2639747205055899,0.3133337333253335
0.7920641587168257,0.8117037659246815
0.888142237155257,0.8722225555488891
0.4654506909861803,0.5895082098358033
0.028459430811383774,0.023239535209295815
0.8628227435451291,0.9155616887662247
0.5369292614147717,0.5914281714365713
0.6783064338713226,0.5834483310333793
0.9562808743825124,0.9501409971800564
0.15149697006059878,0.6207475850482991
0.6164276714465711,0.9254814903701927
0.9292214155716886,0.9653406931861364
0.7945241095178097,0.4505309893802124
0.9369812603747926,0.9341013179736406
0.9412811743765125,0.9421211575768484
0.025719485610287796,0.03889922201555969
0.26927461450770984,0.49545009099818005
0.4374512509749805,0.4035919281614368
0.7927441451170977,0.76432471350573
0.7329253414931701,0.7836443271134578
0.5291494170116597,0.8348033039339213
0.5420691586168277,0.508409831803364
0.9082218355632887,0.9073418531629368
0.23027539449211015,0.24279514409711805
0.7277254454910902,0.6822863542729146
0.6015879682406352,0.5902081958360833
0.38155236895262096,0.5732885342293155
0.7001659966800664,0.7109257814843704
0.2123757524849503,0.16087678246435072
0.7605047899042019,0.6441871162576749
0.08147837043259135,0.10615787684246315
0.5214695706085879,0.19493610127797445
0.9868602627947441,0.9847803043939122
0.7850042999140018,0.7843643127137457
0.2632947341053179,0.3470530589388212
0.2013759724805504,0.19877602447951043
0.6550668986620268,0.8115037699246015
0.8233435331293374,0.6139677206455871
0.8390232195356093,0.8305033899322014
0.9368012639747205,0.9471410571788564
0.8121437571248575,0.8040239195216096
0.19359612807743845,0.10879782404351913
0.9872202555948881,0.9860002799944001
0.25147497050059,0.23403531929361412
0.47401051978960423,0.7411851762964741
0.34205315893682126,0.2778144437111258
0.8602627947441052,0.8658826823463531
0.7210255794884103,0.6651266974660507
0.9771804563908723,0.9203815923681526
0.9881002379952402,0.9849203015939682
0.747385052298954,0.8388032239355213
0.6335673286534269,0.6123877522449551
0.1499370012599748,0.16221675566488672
0.5722685546289075,0.5127497450051
0.9015619687606248,0.883022339553209
0.42437151256974864,0.4142917141657167
0.5680886382272354,0.4911301773964521
0.3164136717265655,0.2652146957060859
0.7825643487130257,0.6807263854722906
0.15935681286374273,0.24659506809863804
0.029459410811783767,0.0377592448151037
0.7891642167156657,0.742245155096898
0.4951900961980761,0.5659886802263955
0.7966240675186497,0.8346833063338733
0.630387392252155,0.8138837223255535
0.0018399632007359854,0.0016999660006799865
0.34491310173796524,0.4732905341893162
0.6128877422451551,0.6466470670586588
0.5685086298274035,0.5330093398132038
0.3156536869262615,0.373232535349293
0.1987360252794944,0.1767764644707106
0.7222055558888822,0.8191836163276734
0.5178096438071239,0.5428091438171236
0.381752364952701,0.883542329153417
0.3024539509209816,0.30265394692106157
0.29699406011879764,0.2918741625167497
0.5767084658306834,0.6674866502669947
0.7386052278954421,0.6633067338653227
0.17805643887122258,0.3279934401311974
0.5901681966360673,0.4854102917941641
0.06125877482450351,0.07013859722805545
0.2933741325173497,0.2130957380852383
0.8521029579408412,0.8545229095418092
0.29693406131877365,0.6004879902401952
0.3889722205555889,0.4773104537909242
0.3294534109317814,0.36857262854742906
0.879902401951961,0.9085418291634167
0.3997120057598848,0.4017119657606848
0.503429931401372,0.3253134937301254
0.6134877302453952,0.4526109477810444
0.4499710005799884,0.5599688006239876
0.028999420011599768,0.02131957360852783
0.8687826243475131,0.8914021719565609
0.9376012479750405,0.8663626727465451
0.23431531369372613,0.8527229455410892
0.7204855902881943,0.7005059898802024
0.8563428731425372,0.885882282354353
0.21815563688726225,0.38191236175276494
0.9138817223655528,0.8992220155596888
0.4295514089718206,0.45675086498270034
0.636367272654547,0.6793264134717306
0.375412491750165,0.41099178016439675
0.509909801803964,0.47213055738885223
0.9563208735825284,0.8885822283554329
0.6158076838463231,0.6757264854702906
0.07015859682806344,0.09921801563968721
0.9630407391852164,0.9550408991820164
0.8987620247595048,0.9365612687746245
0.14463710725785484,0.07749845003099938
0.5704885902281954,0.5819083618327634
0.6603867922641548,0.7056258874822504
0.8908421831563369,0.8869622607547849
0.7133457330853383,0.4128517429651407
0.44263114737705245,0.5181896362072759
0.17165656686866262,0.2362752744945101
0.13153736925261494,0.30373392532149357
0.6221275574488511,0.6400471990560189
0.47407051858962823,0.5914081718365632
0.7027259454810904,0.7799044019119618
0.6940461190776185,0.9719405611887763
0.5388492230155397,0.5713085738285234
0.8466430671386572,0.9085018299634008
0.38583228335433295,0.6129677406451871
0.4167916641667167,0.29431411371772565
0.3408931821363573,0.05723885522289555
0.07273854522909542,0.07251854962900742
0.8496030079398412,0.8740425191496171
0.9648607027859443,0.9655406891862163
0.29357412851742964,0.30407391852162957
0.08069838603227936,0.126577468450631
0.8040439191216175,0.8139837203255935
0.18287634247315054,0.10785784284314313
0.8132837343253135,0.8613427731445371
0.9702005959880803,0.9751004979900403
0.34741305173896525,0.2999340013199736
0.9065618687626248,0.9178416431671367
0.9519209615807684,0.8671426571468571
0.758944821103578,0.8375432491350173
0.08411831763364733,0.1005579888402232
0.50194996100078,0.44441111177776443
0.1127577448451031,0.16063678726425473
0.020599588008239834,0.015399692006159878
0.6801263974720506,0.7092058158836824
0.5333693326133477,0.48397032059358813
0.23087538249235015,0.22833543329133418
0.3404531909361813,0.18705625887482252
0.7796044079118418,0.8455830883382333
0.08603827923441532,0.1134377312453751
0.3886122277554449,0.24339513209735805
0.9990000199996001,0.7105457890842184
0.7163456730865383,0.6824463510729786
0.6575868482630347,0.5702885942281155
0.9429011419771605,0.9327413451730966
0.621507569848603,0.4885502289954201
0.4492710145797084,0.3954720905581888
0.6964260714785705,0.8604427911441771
0.49761004779904405,0.6621867562648748
0.5743885122297554,0.6684066318673627
0.3176536469270615,0.29259414811703766
0.34209315813683727,0.3418331633367333
0.14761704765904682,0.16637667246655066
0.9572208555828884,0.9577808443831124
0.500129997400052,0.628567428651427
0.32381352372952543,0.2105157896842063
0.9452010959780804,0.9873202535949281
0.26973460530789384,0.2894142117157657
0.502929941401172,0.5047499050019
0.8254034919301614,0.8121837563248735
0.2785944281114378,0.2828943421131577
0.7429451410971781,0.8023839523209536
0.75582488350233,0.8367032659346814
0.2266154676906462,0.2637547249055019
0.5434891302173956,0.6551068978620428
0.42827143457130856,0.4523709525809484
0.35359292814143717,0.38097238055238897
0.7142257154856904,0.6162676746465071
0.9911401771964561,0.991060178796424
0.4380512389752205,0.3906921861562769
0.5552088958220835,0.8338633227335454
0.31563368732625346,0.3517329653406932
0.3834123317533649,0.5558688826223476
0.9260414791704166,0.9489610207795844
0.18585628287434253,0.250114997700046
0.5575888482230356,0.6529869402611947
0.7733645327093458,0.8272234555308894
0.0023199536009279815,0.0021999560008799826
0.6130077398452031,0.7015859682806345
0.49581008379832403,0.30621387572248554
0.9619607607847843,0.9572808543829123
0.8517429651406973,0.879282414351713
0.7199656006879863,0.7272454550908982
0.21139577208455831,0.23061538769224615
0.504409911801764,0.5870682586348274
0.6984860302793945,0.39145217095658086
0.13107737845243095,0.1872162556748865
0.21849563008739825,0.09807803843923121
0.6710065798684026,0.34389312213755724
0.6773064538709226,0.6722065558688827
0.4053118937621248,0.42039159216815664
0.28635427291454174,0.39695206095878083
0.9224815503689926,0.9516009679806404
0.6562668746625068,0.876222475550489
0.7786844263114738,0.6088878222435552
0.8128837423251535,0.7305853882922342
0.4356112877742445,0.34461310773784526
0.13495730085398291,0.13969720605587888
0.5192096158076839,0.5145897082058359
0.7753444931101379,0.751064978700426
0.29501409971800563,0.33037339253214937
0.4742505149897002,0.5193496130077399
0.2631947361052779,0.2888142237155257
0.9005019899602008,0.9267614647707046
0.08357832843343134,0.11225775484490311
0.48329033419331613,0.45815083698326037
0.8031439371212576,0.7614847703045939
0.16859662806743866,0.12201755964880703
0.2872942541149177,0.1497770044599108
0.4883102337953241,0.30841383172336556
0.251614967700646,0.2383352332953341
0.7643447131057379,0.6241675166496671
0.11985760284794304,0.14441711165776686
0.054358912821743564,0.03841923161536769
0.1512569748605028,0.17199656006879863
0.624387512249755,0.37903241935161297
0.4167516649667007,0.4816503669926602
0.4894102117957641,0.5297094058118837
0.8639627207455851,0.9747005059898802
0.3498530029399412,0.3468130637387252
0.1772764544709106,0.29497410051798967
0.24961500769984601,0.29727405451890965
0.3202935941281175,0.3500129997400052
0.43095138097238056,0.4686706265874683
0.9106617867642648,0.7856242875142497
0.5616087678246435,0.5550688986220276
0.7193456130877383,0.6708065838683227
0.6546269074618508,0.6726865462690746
0.3513129737405252,0.4887902241955161
0.43587128257434854,0.46989060218795625
0.6630267394652107,0.5730085398292034
0.7656646867062659,0.7011859762804744
0.3275934481310374,0.2985740285194296
0.6780464390712186,0.513209735805284
0.8918221635567289,0.875682486350273
0.6349073018539629,0.7619847603047939
0.8763224735505291,0.879022419551609
0.6552468950620988,0.6566268674626508
0.41231175376492474,0.31087378252434955
0.23551528969420613,0.19811603767924643
0.3522929541409172,0.3176536469270615
0.28511429771404573,0.251614967700646
0.4819903601927962,0.6003279934401312
0.03291934161316774,0.03335933281334373
0.0889382212355753,0.04827903441931162
0.7040059198816024,0.6029879402411952
0.8204435911281774,0.499470010599788
0.8212835743285135,0.7818443631127378
0.07159856802863943,0.17785644287114258
0.25679486410271796,0.4493310133797324
0.4677506449871003,0.4194316113677727
0.25037499250015,0.2935341293174137
0.24337513249735007,0.1748365032699346
0.0637787244255115,0.07431851362972741
0.6639067218655628,0.5408491830163397
0.4485910281794364,0.4642107157856843
0.7898042039159217,0.747165056698866
0.2139157216855663,0.34531309373812524
0.7699446011079779,0.763064738705226
0.9072818543629128,0.9554208915821684
0.5848483030339393,0.5683886322273555
0.3591128177436451,0.7694846103077939
0.010779784404311914,0.01123977520449591
0.41973160536789267,0.6318473630527389
0.750044999100018,0.6667666646667066
0.3258534829303414,0.4272114557708846
0.6062678746425072,0.6099678006439871
0.28105437891242174,0.31203375932481353
0.3535729285414292,0.4764104717905642
0.8032239355212896,0.8662426751464971
0.45325093498130037,0.4441911161776765
0.6477870442591148,0.1507769844603108
0.5426891462170756,0.5423091538169237
0.15639687206255876,0.16573668526629468
0.8134237315253695,0.8685026299474011
0.0889782204355913,0.08543829123417532
0.06391872162556748,0.05913881722365553
0.2753944921101578,0.3426531469370613
0.3579128417431651,0.16887662246755064
0.5302893942121157,0.6244075118497631
0.2704945901081978,0.2802743945121098
0.36611267774644507,0.4013719725605488
0.3489930201395972,0.5731085378292434
0.006719865602687947,0.006799864002719946
0.13477730445391092,0.1128177436451271
0.755284894302114,0.7337853242935142
0.9453010939781205,0.9441411171776565
0.5466090678186436,0.5988680226395472
0.624087518249635,0.5551088978220435
0.3149937001259975,0.44593108137837245
0.6567668646627067,0.6594468110637788
0.3847923041539169,0.41701165976680465
0.376472470550589,0.40719185616287673
0.25773484530309393,0.29471410571788564
0.7603647927041459,0.7740445191096178
0.16553668926621468,0.19901601967960642
0.5736685266294674,0.5241495170096598
0.8556428871422572,0.8354432911341774
0.5962880742385153,0.7156056878862423
0.5715685686286275,0.6201875962480751
0.48025039499210015,0.5405491890162197
0.7549849003019939,0.9893402131957362
0.8833023339533209,0.7814643707125858
0.07805843883122338,0.07895842083158337
0.9449211015779685,0.9545609087818244
0.6964660706785865,0.6466870662586749
0.7757644847103058,0.8100637987240256
0.6754064918701627,0.7255254894902102
0.48325033499330017,0.49671006579868404
0.6393072138557229,0.7178056438871223
0.7327653446931062,0.7699246015079698
0.49849003019939603,0.5976080478390432
0.2704345913081738,0.18777624447511052
0.9636607267854643,0.9334813303733925
0.9174816503669927,0.8976820463590729
0.6428671426571468,0.7326653466930662
0.27107457850842986,0.32283354332913344
0.252954940901182,0.28405431891362176
0.8052638947221056,0.8552628947421052
0.8388432231355373,0.7863642727145458
0.3904921901561969,0.42929141417171657
0.049439011219775605,0.054458910821783564
0.5204495910081799,0.5156296874062519
0.8318033639327214,0.7945441091178177
0.18579628407431853,0.5249295014099719
0.04583908321833564,0.013179736405271895
0.5848883022339554,0.5986880262394753
0.013239735205295894,0.013199736005279895
0.29093418131637366,0.6698666026679466
0.03227935441291174,0.3508929821403572
0.2134957300853983,0.3250734985300294
0.018719625607487852,0.028479430411391775
0.9333213335733286,0.8634227315453691
0.4679106417871643,0.5639887202255955
0.14803703925921483,0.02387952240955181
0.04149917001659967,0.03907921841563169
0.14379712405751885,0.12129757404851903
0.10355792884142317,0.06531869362612748
0.24175516489670207,0.50894982100358
0.14711705765884683,0.22315553688926223
0.7414851702965941,0.8250034999300014
0.4415511689766205,0.4393112137757245
0.7689046219075619,0.7865842683146337
0.29613407731845365,0.3005139897202056
0.7469850602987941,0.8173636527269454
0.17083658326833465,0.19691606167876644
0.2616947661046779,0.2733945321093578
0.23937521249575008,0.35875282494350114
0.5946681066378673,0.4523509529809404
0.3477930441391172,0.3017139657206856
0.7282854342913142,0.7658646827063459
0.758464830703386,0.7382252354952901
0.5399292014159717,0.5933281334373313
0.9359412811743766,0.5402691946161077
0.8356432871342574,0.8658626827463451
0.7068458630827383,0.6729265414691706
0.46623067538649227,0.4401711965760685
0.34187316253674926,0.4695706085878283
0.8854822903541929,0.8025439491210176
0.5433491330173397,0.48357032859342813
0.8942421151576969,0.8947421051578969
0.501029979400412,0.49991000179996403
0.08693826123477531,0.00751984960300794
0.9955800883982321,0.998520029599408
0.24049519009619807,0.24461510769784606
0.5453490930181396,0.3916321673566529
0.38539229215415693,0.0882782344353113
0.7805243895122098,0.755484890302194
0.3019739605207896,0.16593668126637467
0.6759664806703866,0.6829063418731626
0.625807483850323,0.5336493270134598
0.4050918981620368,0.4302313953720926
0.8532429351412972,0.7691046179076418
0.5129497410051799,0.3004939901201976
0.5838083238335233,0.629047419051619
0.2735345293094138,0.19207615847683046
0.8921021579568409,0.9030619387612248
0.08455830883382333,0.15399692006159876
0.40761184776304477,0.5802083958320834
0.26823463530729386,0.25613487730245393
0.634187316253675,0.8507829843403132
0.18147637047259055,0.16453670926581468
0.06861862762744746,0.1477370452590948
0.6638467230655387,0.6941861162776745
0.09529809403811924,0.12019759604807904
0.14417711645767084,0.1508369832603348
0.16653666926661467,0.11279774404511911
0.3150336993260135,0.058818823623527534
0.49237015259694805,0.51354972900542
0.8547429051418972,0.0868782624347513
0.9205215895682086,0.9289014219715606
0.11791764164716706,0.14465710685786284
0.504269914601708,0.5544889102217956
0.2271554568908622,0.31947361052778944
0.9712805743885122,0.9721605567888643
0.39531209375812487,0.2922141557168857
0.19191616167676648,0.15355692886142278
0.619987600247995,0.6353872922541549
0.1911361772764545,0.33039339213215735
0.7145057098858023,0.7083058338833224
0.5830083398332033,0.5617487650246995
0.5794284114317714,0.5616287674246515
0.22051558968820625,0.16871662566748666
0.8644027119457611,0.8559828803423932
0.7007059858802824,0.5877282454350913
0.8017239655206896,0.7728445431091379
0.5284294314113718,0.6108277834443311
0.44199116017679646,0.6683066338673227
0.04815903681926362,0.08355832883342333
0.374252514949701,0.39167216655666887
0.44377112457750845,0.375812483750325
0.508409831803364,0.48497030059398816
0.1878162436751265,0.14297714045719087
0.5237495250094998,0.4781504369912602
0.04221915561688766,0.025959480810383795
0.6976460470790584,0.7452850942981141
0.7662446751064979,0.7716645667086659
0.9185416291674167,0.8970620587588248
0.20601587968240637,0.15845683086338275
0.43759124817503653,0.35567288654226914
0.1371572568548629,0.08167836643267135
0.7652046959060819,0.4125717485650287
0.6696066078678427,0.6516269674606509
0.8616427671446572,0.8483430331393372
0.019299614007719845,0.014279714405711887
0.19515609687806246,0.22149557008859824
0.5902881942361153,0.5588688226235475
0.28111437771244574,0.31963360732785345
0.7774844503109938,0.7791644167116658
0.3221135577288454,0.35713285734285316
0.501189976200476,0.3537929241415172
0.12079758404831904,0.09187816243675127
0.5394492110157797,0.44395112097758044
0.3655926881462371,0.3202935941281175
0.44783104337913243,0.49917001659966803
0.3192136157276855,0.19875602487950242
0.2591148177036459,0.38405231895362096
0.3686726265474691,0.41933161336773267
0.7182656346873063,0.7419451610967781
0.6791464170716586,0.627607447851043
0.7018059638807224,0.28647427051458974
0.8025639487210257,0.6543069138617228
0.9729405411891763,0.9766404671906562
0.8537229255414892,0.9397412051758965
0.3274534509309814,0.43097138057238854
0.8089638207235855,0.9117217655646888
0.630287394252115,0.6510469790604189
0.024639507209855804,0.022839543209135817
0.024119517609647808,0.0250394992100158
0.34811303773924523,0.4398512029759405
0.8050238995220096,0.8349033019339613
0.34547309053818925,0.2899542009159817
0.125157496850063,0.20729585408291834
0.4290514189716206,0.9768404631907363
0.9368812623747526,0.8693426131477371
0.4661906761864763,0.45967080658386833
0.3663726725465491,0.45823083538329235
0.5402691946161077,0.32403351932961344
0.7002459950800984,0.7279454410911782
0.45771084578308435,0.45767084658306834
0.6153676926461471,0.3548329033419332
0.2625347493050139,0.2135557288854223
0.7047659046819064,0.6396472070558589
0.6945461090778184,0.7603847923041539
0.998620027599448,0.998140037199256
0.127077458450831,0.09945801083978321
0.5358692826143477,0.6610867782644347
0.9087218255634888,0.9388212235755286
0.13041739165216695,0.06521869562608748
0.5099698006039879,0.4731105377892442
0.3110937781244375,0.08719825603487931
0.45393092138157237,0.39213215735685286
0.868702625947481,0.9002219955600889
0.5595688086238275,0.2577948441031179
0.6819863602727946,0.23073538529229415
0.10921781564368713,0.11435771284574309
0.15303693926121478,0.22211555768884622
0.255234895302094,0.3007739845203096
0.6073478530429391,0.031299374012519754
0.2118357632847343,0.19141617167656647
0.1782964340713186,0.08689826203475931
0.42087158256834867,0.2895342093158137
0.16027679446411072,0.2021759564808704
0.16883662326753465,0.19491610167796644
0.24749505009899803,0.23191536169276616
0.4309913801723966,0.3281934361312774
0.7183056338873223,0.7483450330993381
0.6499870002599948,0.251594968100638
0.45995080098398033,0.4246315073698526
0.8079238415231695,0.8844223115537689
0.7251454970900583,0.7703045939081219
0.6830063398732026,0.758564828703426
0.3353332933341333,0.24459510809783805
0.8372032559348813,0.7989640207195856
0.6921861562768745,0.7159656806863863
0.10731785364292715,0.09449811003779925
0.6521469570608588,0.7318653626927462
0.8470030599388012,0.6985060298794025
0.48591028179436413,0.40997180056398874
0.11193776124477511,0.08869822603547929
0.7887842243155138,0.7383252334953301
0.8514429711405772,0.8327433451330973
0.04371912561748765,0.06691866162676746
0.5844083118337633,0.6814863702725946
0.28257434851302976,0.21947561048779024
0.48109037819243616,0.36859262814743704
0.26913461730765387,0.29145417091658166
0.9353612927741446,0.9434011319773605
0.7146657066858663,0.5833883322333554
0.3516329673406532,0.29911401771964563
0.22679546409071819,0.30775384492310154
0.3335533289334213,0.09607807843843123
0.8222635547289054,0.8029439411211776
0.14473710525789485,0.21981560368792624
0.5482890342193156,0.6814463710725785
0.4395312093758125,0.45709085818283635
0.6165276694466111,0.7683846323073539
0.9384412311753765,0.9156216875662487
0.5953880922381553,0.49265014699706006
0.8926621467570649,0.9164616707665847
0.8871622567548649,0.8013239735205296
0.627607447851043,0.4886102277954441
0.754604907901842,0.6984260314793704
0.628487430251395,0.8430031399372013
0.378272434551309,0.376972460550789
0.5108297834043319,0.47333053338933223
0.7696446071078579,0.7857242855142897
0.6738065238695227,0.5946081078378432
0.4881502369952601,0.4516309673806524
0.01873962520749585,0.01375972480550389
0.48271034579308414,0.43409131817363655
0.6063078738425232,0.5938081238375232
0.12283754324913503,0.14341713165736686
0.250014999700006,0.1640967180656387
0.8493230135397293,0.8778024439511211
0.7090658186836264,0.7037659246815064
0.37365252694946105,0.4513309733805324
0.9390212195756085,0.8562628747425052
0.46153076938461235,0.8164636707265855
0.11651766964660708,0.12357752844943101
0.8008839823203536,0.8062238755224895
0.6150276994460111,0.5517289654206916
0.6804663906721866,0.7860842783144337
0.8461030779384413,0.886342273154537
0.8710625787484251,0.8441831163376733
0.756304873902522,0.6725065498690026
0.4138317233655327,0.377352452950941
0.7950440991180177,0.868602627947441
0.6500069998600029,0.50954980900382
0.5204295914081719,0.5467490650186997
0.6533469330613388,0.6470470590588189
0.8383832323353533,0.8981820363592729
0.498730025399492,0.35765284694306115
0.5858082838343234,0.5538089238215236
0.42219155616887666,0.5778484430311394
0.507289854202916,0.5353892922141558
0.5834283314333714,0.628207435851283
0.9405411891762165,0.7804443911121778
0.7758444831103378,0.6492470150596988
0.054998900021999565,0.044299114017719646
0.0020799584008319833,0.002159956800863983
0.3429931401371973,0.37355252894942104
0.7876442471150578,0.8502829943401132
0.9553208935821283,0.9431811363772725
0.9097218055638887,0.879082418351633
0.6166076678466431,0.49373012539749206
0.6796064078718426,0.630487390252195
0.29585408291834164,0.28511429771404573
0.4279914401711966,0.4517509649807004
0.3283934321313574,0.10451790964180717
0.6782264354712906,0.6811463770724586
0.6594068118637627,0.5745285094298114
0.8859222815543689,0.49621007579848403
0.7311253774924502,0.7211855762884742
0.5328693426131478,0.5439891202175957
0.010719785604287914,0.02891942161156777
0.17411651766964661,0.22083558328833425
0.5847883042339154,0.5165296694066119
0.7068058638827224,0.46595068098638026
0.9000819983600328,0.8904821903561929
0.8888022239555209,0.8888822223555529
0.3005339893202136,0.2633947321053579
0.5356292874142518,0.22691546169076618
0.8025839483210336,0.5719485610287794
0.7195456090878183,0.49121017579648407
0.6114477710445791,0.4545309093818124
0.41819163616727667,0.41893162136757267
0.28733425331493373,0.3227535449291014
0.4080518389632207,0.35747285054298916
0.30305393892122157,0.19449611007779846
0.1629767404651907,0.14325713485730285
0.6025879482410352,0.5396492070158597
0.8759624807503851,0.8130637387252255
0.9663806723865523,0.9542809143817124
0.02127957440851183,0.026839463210735787
0.620347593048139,0.7715245695086098
0.4649507009859803,0.46985060298794024
0.5946081078378432,0.5983680326393472
0.09117817643647128,0.1613767724645507
0.30587388252234954,0.18625627487450253
0.18191636167276656,0.1534569308613828
0.04159916801663967,0.04647907041859163
0.9749605007899842,0.9455210895782085
0.009639807203855924,0.010939781204375913
0.9562608747825044,0.9552608947821044
0.7134257314853704,0.629347413051739
0.16801663966720667,0.1876962460750785
0.44615107697846046,0.4840903181936361
0.632827343453131,0.31887362252754947
0.631807363852723,0.6059478810423792
0.13619727605447893,0.30391392172156556
0.11855762884742306,0.10797784044319114
0.9456010879782405,0.9613207735845284
0.1123177536449271,0.07105857882842344
0.9884402311953762,0.9813603727925442
0.8392832143357133,0.874342513149737
0.8481830363392733,0.7780644387112258
0.19861602767944642,0.4373912521749565
0.07687846243075139,0.06425871482570349
0.2394152116957661,0.3279734405311894
0.33177336453270934,0.14587708245835085
0.8300433991320174,0.8543429131417372
0.5685886282274355,0.5329893402131958
0.8252034959300815,0.6678866422671547
0.8007039859202816,0.8251234975300494
0.9143817123657527,0.8956420871582569
0.7056458870822584,0.500829983400332
0.630707385852283,0.624907501849963
0.3117137657246855,0.3150736985260295
0.30567388652226957,0.373752524949501
0.9470010599788005,0.9563608727825443
0.5812483750324994,0.8637027259454811
0.5889682206355873,0.5320693586128278
0.4480710385792284,0.6893862122757545
0.5155896882062359,0.4643907121857563
0.46583068338633227,0.4761104777904442
0.7323653526929461,0.6918261634767305
0.5821683566328674,0.5337093258134837
0.3387732245355093,0.2742145157096858
0.5284894302113958,0.3986320273594528
0.22209555808883824,0.20903581928361434
0.05531889362212756,0.2648347033059339
0.17799644007119858,0.4620707585848283
0.878242435151297,0.7293654126917462
0.2784944301113978,0.30413391732165357
0.11811763764724706,0.019339613207735844
0.26073478530429395,0.22777544449111017
0.33319333613327734,0.37287254254914903
0.21841563168736627,0.2898342033159337
0.4649307013859723,0.4784304313913722
0.11891762164756706,0.09823803523929522
0.8985820283594328,0.9110817783644327
0.377412451750965,0.4158516829663407
0.1370772584548309,0.13049739005219896
0.9834603307933841,0.9837803243935122
0.3650526989460211,0.44799104017919644
0.5369692606147877,0.6948261034779305
0.370892582148357,0.37915241695166096
0.3256734865302694,0.38297234055318896
0.01991960160796784,0.01879962400751985
0.9912601747965041,0.9910401791964161
0.01777964440711186,0.018479630407391853
0.10189796204075918,0.13429731405371892
0.2860342793144137,0.27133457330853383
0.756764864702706,0.5339493210135797
0.42385152296954065,0.4101717965640687
0.5387692246155077,0.40007199856002884
0.2616347673046539,0.8553628927421452
0.2722545549089018,0.28275434491310175
0.3669526609467811,0.36885262294754106
0.7082258354832903,0.6161276774464511
0.02791944161116778,0.02619947601047979
0.46721065578688425,0.49415011699766004
0.9981200375992481,0.9980000399992001
0.06021879562408752,0.04901901961960761
0.5574488510229796,0.6209475810483791
0.6782664346713067,0.7101857962840743
0.3501729965400692,0.2855742885142297
0.4419511609767805,0.40581188376232474
0.029479410411791765,0.030899382012359755
0.3181136377272455,0.32615347693046143
0.9968600627987441,0.997340053198936
0.8501829963400732,0.8085238295234095
0.4687306253874923,0.3224735505289894
0.7007459850802984,0.7039859202815943
0.3955920881582369,0.3254134917301654
0.623547529049419,0.622727545449091
0.1527969440611188,0.16665666686666267
0.1376972460550789,0.16783664326713466
0.9102817943641127,0.9385212295754085
0.09395812083758324,0.09215815683686326
0.1758764824703506,0.2367552648947021
0.21695566088678228,0.29629407411851766
0.0502589948201036,0.04071918561628768
0.9377212455750885,0.9088018239635207
0.13111737765244696,0.17229655406891864
0.49201015979680407,0.8559428811423772
0.2986940261194776,0.24277514449711007
0.006799864002719946,0.005119897602047959
0.3627727445451091,0.39355212895742087
0.5670686586268275,0.6856462870742586
0.8996620067598649,0.8375832483350333
0.20735585288294234,0.33599328013439733
0.8112237755244895,0.7869842603147937
0.6395072098558029,0.6767864642707146
0.7868842623147537,0.8675826483470331
0.41209175816483673,0.5392092158156837
0.7158856822863543,0.6460070798584029
0.27171456570868585,0.2933141337173257
0.6865262694746105,0.6936461270774584
0.7763644727105458,0.8252034959300815
0.6796664066718666,0.7118257634847304
0.1641567168656627,0.1891162176756465
0.9641007179856403,0.9553808923821524
0.25815483690326196,0.2615347693046139
0.41243175136497273,0.3298534029319414
0.9643207135857284,0.879102417951641
0.6662666746665067,0.4365712685746285
0.013699726005479891,0.015859682806343874
0.2005559888802224,0.19983600327993442
0.9220615587688247,0.8906621867562649
0.374092518149637,0.27829443411131777
0.2779944401111978,0.4674706505869883
0.6011879762404753,0.629647407051859
0.6037679246415072,0.5388892222155557
0.4374312513749725,0.3838123237535249
0.0247995040099198,0.0249595008099838
0.16107677846443072,0.2363352732945341
0.510809783804324,0.6413271734565309
0.20583588328233435,0.1776364472710546
0.38117237655246894,0.4143517129657407
0.7827043459130818,0.8986020279594409
0.0505789884202316,0.16971660566788666
0.4451110977780445,0.44959100817983644
0.4154516909661807,0.24287514249715006
0.0003599928001439971,0.0003399932001359973
0.9022819543609129,0.8867422651546969
0.28675426491470174,0.2263954720905582
0.5845283094338114,0.6570468590628188
0.04901901961960761,0.8229235415291695
0.881502369952601,0.889422211555769
0.06809863802723946,0.06929861402771945
0.29247415051698966,0.3405531889362213
0.04145917081658367,0.050858982820343596
0.5758084838303235,0.5944281114377713
0.6147477050458992,0.7787844243115138
0.8469430611387773,0.8676426471470571
0.02139957200855983,0.014559708805823884
0.05681886362272755,0.04765904681906362
0.6665666686666267,0.7912441751164977
0.39825203495930084,0.35849283014339717
0.8911021779564409,0.885082298354033
0.25841483170336593,0.40557188856222876
0.5791484170316594,0.6096078078438432
0.35687286254274914,0.4513509729805404
0.9195616087678247,0.9006819863602729
0.32129357412851745,0.377792444151117
0.7086058278834424,0.5484090318193636
0.22337553248935021,0.31891362172756543
0.5466490670186597,0.5649487010259795
0.20235595288094238,0.27435451290974183
0.019439611207775844,0.02009959800803984
0.12169756604867903,0.09521809563808724
0.6032279354412912,0.45827083458330836
0.9304613907721846,0.9180216395672087
0.14455710885782286,0.1494170116597668
0.8316833663326734,0.8595628087438252
0.6459870802583949,0.7804043919121618
0.5950280994380113,0.6133677326453472
0.20263594728105438,0.19471610567788644
0.6030479390412192,0.6542869142617148
0.3478930421391572,0.5730485390292195
0.7217255654886903,0.5277894442111158
0.007739845203095938,0.012879742405151898
0.029559408811823763,0.06943861122777545
0.8951820963580729,0.8982020359592808
0.752684946301074,0.6811063778724425
0.6171076578468431,0.6233875322493551
0.4359112817743645,0.5433091338173237
0.04375912481750365,0.03277934441311174
0.07195856082878342,0.06455870882582349
0.8710825783484331,0.878622427551449
0.9205815883682327,0.9350612987740246
0.5472490550188996,0.4757304853902922
0.36795264094718105,0.5514289714205716
0.7105057898842023,0.7388452230955381
0.6525269494610108,0.6768064638707226
0.15917681646367074,0.14097718045639088
0.5830683386332274,0.7083458330833383
0.621387572248555,0.5633887322253555
0.7931841363172737,0.7139657206855863
0.9091418171636567,0.9356612867742645
0.5562288754224916,0.22909541809163816
0.7367052658946821,0.7783844323113538
0.8150036999260015,0.8036639267214656
0.48807023859522813,0.4503109937801244
0.20471590568188636,0.2033959320813584
0.8338633227335454,0.8038039239215216
0.9594208115837684,0.9570208595828084
0.9499210015799684,0.9835403291934162
0.9357812843743125,0.9145417091658167
0.03523929521409572,0.022179556408871825
0.8283434331313374,0.9628607427851443
0.6407471850562989,0.7861242775144497
0.5726685466290674,0.7069858602827944
0.124897502049959,0.16885662286754266
0.8242835143297135,0.6950260994780104
0.8463230735385293,0.9454610907781845
0.3043939121217576,0.3620327593448131
0.1895562088758225,0.11825763484730306
0.5077498450030999,0.5799484010319794
0.7141257174856503,0.7459250814983701
0.16307673846523071,0.11185776284474311
0.24155516889662207,0.12787744245115099
0.19689606207875843,0.12411751764964701
0.8477630447391052,0.872022559548809
0.8978820423591528,0.8971020579588409
0.17935641287174256,0.5184096318073639
0.7659846803063939,0.5877482450350994
0.11763764724705507,0.12021759564808704
0.35639287214255716,0.3988520229595408
0.6496270074598508,0.6954060918781625
0.018359632807343852,0.6744265114697706
0.23361532769344615,0.0866782664346713
0.7043659126817464,0.5347493050138997
0.9425411491770165,0.9226815463690726
0.2871142577148457,0.23551528969420613
0.4324113517729646,0.5168296634067319
0.9436211275774485,0.9288814223715526
0.3659726805463891,0.39139217215655686
0.4272314553708926,0.5919281614367713
0.008599828003439931,0.01783964320713586
0.8220235595288095,0.7737445251094979
0.49145017099658006,0.6756064878702426
0.6779664406711866,0.7350652986940261
0.9861602767944642,0.9849003019939602
0.373452530949381,0.3457930841383172
0.25735485290294197,0.6698866022679547
0.35507289854202917,0.19181616367672646
0.33271334573308536,0.34451310973780525
0.630967380652387,0.5905881882362353
0.3543129137417252,0.3249335013299734
0.7212455750884983,0.8063838723225536
0.9149617007659847,0.876362472750545
0.05571888562228756,0.0639787204255915
0.879162416751665,0.6360672786544269
0.9339813203735926,0.9326013479730406
0.33483330333393335,0.255734885302294
0.379232415351693,0.5185496290074199
0.8921421571568569,0.6339073218535629
0.5205895882082359,0.5573888522229555
0.7951440971180577,0.8010039799204016
0.3665926681466371,0.4874302513949721
0.621807563848723,0.5759884802303954
0.4894702105957881,0.4882302353952921
0.7219055618887622,0.7905241895162097
0.9088818223635527,0.8940621187576249
0.35981280374392516,0.44729105417891646
0.4863302733945321,0.49333013339733206
0.2378752424951501,0.20849583008339834
0.4599708005839883,0.5843483130337394
0.07827843443131138,0.1850162996740065
0.1769364612707746,0.10393792124157517
0.6946061078778425,0.6625467490650188
0.24957500849983003,0.2125357492850143
0.2673546529069419,0.26691466170676587
0.0004399912001759965,0.0002999940001199976
0.5520889582208356,0.5104897902041959
0.5367092658146837,0.3384332313353733
0.6174276514469711,0.631127377452451
0.5334293314133718,0.4600907981840363
0.9389612207755845,0.9202615947681047
0.08929821403571929,0.09619807603847923
0.746365072698546,0.6744065118697626
0.378132437351253,0.24907501849963
0.7837643247135058,0.24269514609707807
0.9684406311873763,0.7154856902861944
0.5261294774104518,0.5967680646387072
0.7328853422931542,0.7223655526889462
0.40825183496330075,0.4376512469750605
0.2903541929161417,0.3245735085298294
0.1757364852702946,0.1648567028659427
0.28391432171356573,0.5786684266314673
0.0628187436251275,0.1003779924401512
0.8902421951560969,0.8660826783464332
0.36503269934601307,0.12117757644847103
0.5788284234315314,0.5510489790204196
0.36817263654726906,0.373572528549429
0.8969820603587929,0.9398212035759285
0.23593528129437413,0.20939581208375832
0.5329493410131797,0.5185696286074278
0.635007299854003,0.30637387252254955
0.7308653826923461,0.9093418131637367
0.07299854002919942,0.15619687606247876
0.999740005199896,0.999520009599808
0.5189096218075638,0.5526089478210436
0.8601227975440492,0.8644427111457771
0.4783104337913242,0.5422691546169077
0.8973020539589208,0.9090818183636328
0.18255634887302255,0.20889582208355834
0.876942461150777,0.9241215175696487
0.9269614607707846,0.9353012939741205
0.373872522549549,0.4059318813623728
0.5469690606187877,0.5149097018059638
0.7332253354932902,0.8019039619207616
0.5826883462330753,0.5709085818283635
0.033419331613367735,0.02763944721105578
0.48405031899362017,0.2270154596908062
0.22247555048899023,0.25507489850202997
0.3619327613447731,0.38393232135357297
0.51354972900542,0.9106017879642407
0.9814003719925601,0.9794004119917602
0.890442191156177,0.9116217675646487
0.7068658626827463,0.7079858402831943
0.9890002199956002,0.9947401051978961
0.4782104357912842,0.4764904701905962
0.5791884162316754,0.508389832203356
0.5883682326353473,0.5887682246355073
0.2627347453050939,0.3241735165296694
0.2598548029039419,0.44789104217915643
0.2959940801183976,0.42055158896822065
0.7343253134937302,0.40573188536229277
0.6802863942721146,0.6889662206755865
0.9148817023659527,0.9103017939641207
0.9665006699866003,0.9580208395832084
0.7655246895062099,0.7688646227075459
0.9444211115777684,0.9357012859742806
0.6021679566408672,0.5266694666106678
0.878422431551369,0.8876422471550569
0.2595748085038299,0.28927421451570967
0.13593728125437493,0.08889822203555929
0.2901141977160457,0.25397492050159
0.9910401791964161,0.9853202935941282
0.23315533689326215,0.27075458490830184
0.25613487730245393,0.377372452550949
0.030359392812143757,0.03323933521329574
0.875362492750145,0.873762524749505
0.8202435951280974,0.6578068438631227
0.032219355612887746,0.04675906481870363
0.23437531249375013,0.36957260854782903
0.9036619267614648,0.8907621847563049
0.08627827443451132,0.0882182356352873
0.11345773084538309,0.3420131597368053
0.4895102097958041,0.4774704505909882
0.8444831103377932,0.7941241175176497
0.29635407291854166,0.2162356752864943
0.622627547449051,0.6066278674426512
0.8028039439211216,0.3513129737405252
0.9807803843923122,0.9791004179916402
0.7603447931041379,0.7281654366912662
0.25873482530349395,0.373012539749205
0.7281054378912422,0.5601687966240675
0.24875502489950202,0.20705585888282235
0.09373812523749525,0.632327353452931
0.3181736365272695,0.35735285294294117
0.6748865022699546,0.7568248635027299
0.0758984820303594,0.048119037619247615
0.10325793484130318,0.07115857682846344
0.5403091938161237,0.6615667686646267
0.38097238055238897,0.3972520549589008
0.40755184896302077,0.47973040539189216
0.1496170076598468,0.10483790324193516
0.4307513849723006,0.31787364252714945
0.5620087598248035,0.6012879742405152
0.7804243915121698,0.748905021899562
0.4900901981960361,0.2380152396952061
0.6989260214795704,0.8525029499410012
0.13449731005379892,0.18237635247295056
0.4627107457850843,0.5629887402251955
0.2393552128957421,0.15341693166136677
0.05397892042159157,0.05519889602207956
0.5436091278174436,0.3895522089558209
0.5427491450170997,0.623087538249235
0.2682146357072859,0.23183536329273416
0.8919021619567609,0.8988620227595449
0.6982060358792824,0.6512469750604988
0.13533729325413493,0.08395832083358333
0.6170076598468031,0.7056858862822744
0.6096678066438671,0.6959460810783784
0.9758404831903362,0.9683806323873523
0.8207835843283134,0.8120037599248016
0.5785484290314193,0.3349733005339893
0.05143897122057559,0.35589288214235715
0.9129217415651687,0.8613027739445211
0.1396572068558629,0.19585608287834244
0.3124937501249975,0.2606547869042619
0.617127657446851,0.6747065058698827
0.9909801803963921,0.9900201995960081
0.8070638587228256,0.8304033919321614
0.38035239295214096,0.41095178096438073
0.871582568348633,0.8383632327353453
0.11053778924421512,0.1887562248755025
0.3114737705245895,0.3511529769404612
0.12123757524849503,0.09035819283614328
0.5725685486290274,0.4645507089858203
0.6470470590588189,0.5578088438231236
0.6612667746645068,0.6887862242755145
0.9507609847803045,0.7865042699146018
0.34393312133757326,0.18051638967220657
0.627367452650947,0.5676686466270675
0.3248135037299254,0.0764984700305994
0.2628147437051259,0.2601547969040619
0.9862002759944801,0.9848603027939442
0.5418291634167317,0.5286294274114518
0.09385812283754326,0.10183796324073519
0.3140937181256375,0.33097338053238934
0.4880902381952361,0.6192676146477071
0.8937621247575048,0.876382472350553
0.3228735425291494,0.34341313173736526
0.49247015059698807,0.47233055338893226
0.3035339293214136,0.3900521989560209
0.5628687426251475,0.5696886062278754
0.7194456110877783,0.7790244195116098
0.6413871722565548,0.6548269034619307
0.7928441431171377,0.755744885102298
0.8331633367332654,0.7956240875182496
0.6853862922741546,0.6615267694646108
0.8110437791244175,0.7917641647167057
0.5750284994300114,0.5800083998320034
0.5253894922101559,0.4781104377912442
0.9008219835603288,0.29111417771644565
0.20993580128397432,0.19437611247775044
0.19031619367612648,0.1631167376652467
0.498970020599588,0.4728905421891562
0.4002119957600848,0.4016519669606608
0.8951220975580488,0.8872822543549129
0.634207315853683,0.7706045879082418
0.23303533929321416,0.7930441391172177
0.006439871202575949,0.004419911601767965
0.1780164396712066,0.12093758124837503
0.1524569508609828,0.1766964660706786
0.14063718725625488,0.16915661686766265
0.252014959700806,0.27441451170976583
0.9756604867902642,0.9635407291854163
0.8522229555408892,0.8535829283414332
0.6169876602467951,0.748085038299234
0.9373412531749366,0.9239215215695686
0.6006679866402672,0.6611267774644507
0.1906761864762705,0.21153576928461432
0.8534429311413771,0.7949041019179617
0.2718545629087418,0.37275254494910104
0.4767304653906922,0.5691486170276595
0.14081718365632687,0.1131777364452711
0.8121637567248655,0.6765264694706106
0.8623227535449292,0.6594668106637868
0.8606627867442651,0.16981660366792664
0.5133497330053399,0.6831463370732586
0.8959820803583929,0.8837423251534969
0.9935401291974161,0.9934801303973921
0.6594668106637868,0.8434431311373772
0.5892682146357073,0.615427691446171
0.3563128737425252,0.25581488370232597
0.19483610327793444,0.18563628727425452
0.7689246215075699,0.7930841383172337
0.7250654986900262,0.8271434571308575
0.5107497850042999,0.5552688946221076
0.03597928041439171,0.04301913961720766
0.12733745325093498,0.03861922761544769
0.8026039479210416,0.6739865202695946
0.623087538249235,0.6048079038419232
0.8952420951580968,0.8996820063598728
0.3144537109257815,0.2891742165156697
0.4077718445631088,0.5750484990300194
0.24603507929841403,0.33305333893322137
0.5432691346173076,0.5183096338073239
0.252254954900902,0.22177556448871025
0.3122137557248855,0.3109137817243655
0.7922641547169057,0.9192016159676807
0.7032059358812824,0.7324253514929702
0.7088658226835464,0.5817283654326914
0.7072658546829064,0.9382012359752805
0.44171116577668446,0.23507529849403014
0.6861262774744505,0.7401051978960421
0.7365252694946102,0.8417831643367133
0.9567208655826884,0.9535409291814164
0.7318653626927462,0.5202495950080999
0.6701265974680507,0.6448271034579308
0.6613867722645548,0.6384872302553949
0.7483650326993461,0.7469650606987861
0.9634407311853763,0.9585008299834004
0.5110897782044359,0.5672886542269154
0.014359712805743885,0.016639667206655866
0.8112037759244816,0.8652426951460971
0.025899482010359794,0.02291954160916782
0.16663666726665466,0.31019379612407755
0.255794884102318,0.3097138057238855
0.507489850202996,0.5515489690206196
0.4671306573868523,0.5555888882222356
0.40833183336333273,0.41357172856542873
0.760784784304314,0.7499450010999781
0.14421711565768686,0.16535669286614268
0.4267314653706926,0.41853162936741267
0.5694886102277955,0.6448471030579389
0.8180236395272095,0.6992260154796904
0.9026019479610408,0.8906221875562489
0.4899302013959721,0.4043319133617328
0.3008539829203416,0.508269834603308
0.5470890582188357,0.7045659086818263
0.5823683526329474,0.5355692886142277
0.6590068198636028,0.7708045839083218
0.1131777364452711,0.05681886362272755
0.8390832183356333,0.8256434871302574
0.9305813883722326,0.9306213875722485
0.25503489930201395,0.4040519189616208
0.12165756684866304,0.08143837123257536
0.7097258054838903,0.6676866462670746
0.23443531129377412,0.25537489250214995
0.19481610367792646,0.23291534169316613
0.26979460410791783,0.30789384212315757
0.5702485950280994,0.5197896042079159
0.508309833803324,0.48271034579308414
0.9990200195996081,0.9992400151996961
0.27309453810923784,0.15411691766164679
0.46789064218715626,0.5334893302133957
0.9310613787724246,0.9412411751764965
0.4880502389952201,0.47561048779024423
0.5847283054338913,0.497590048199036
0.5949681006379872,0.6596668066638668
0.48237035259294814,0.5883082338353233
0.376212475750485,0.48281034379312415
0.0028599428011439774,0.001759964800703986
0.7037459250814984,0.6646667066658667
0.250534989300214,0.3640127197456051
0.32695346093078137,0.3621927561448771
0.9182216355672886,0.9186416271674567
0.8206635867282654,0.5284894302113958
0.3121137577248455,0.4121117577648447
0.19077618447631048,0.1861362772744545
0.1350172996540069,0.12159756804863903
0.5362292754144917,0.5387692246155077
0.5354892902141958,0.5585888282234356
0.752864942701146,0.23355532889342215
0.4646707065858683,0.501089978200436
0.5532689346213076,0.4301313973720526
0.742465150696986,0.7178256434871303
0.8030239395212097,0.8244435111297774
0.7335253294934102,0.5891882162356753
0.42111157776844466,0.42191156176876465
0.14521709565808685,0.25937481250374994
0.48283034339313213,0.5169896602067959
0.4136917261654767,0.44483110337793247
0.18443631127377452,0.27813443731125376
0.9606007879842403,0.9396812063758725
0.46023079538409234,0.5579688406231875
0.17873642527149458,0.500369992600148
0.32243355132897344,0.6128077438451232
0.6868862622747546,0.6620067598648027
0.879702405951881,0.8966220675586488
0.6577868442631147,0.5241695166096678
0.05493890122197556,0.09535809283814324
0.7683246335073299,0.7617447651046979
0.5384892302153957,0.8515629687406252
0.10131797364052719,0.07933841323173536
0.47071058578828423,0.3885722285554289
0.30689386212275754,0.32121357572848547
0.888482230355393,0.03597928041439171
0.04935901281974361,0.03417931641367173
0.9899602007959841,0.9900401991960162
0.6611867762644748,0.7027859442811144
0.41935161296774065,0.3945121097578049
0.23009539809203816,0.29671406571868564
0.252634947301054,0.2986340273194536
0.752464950700986,0.6778864422711546
0.9911601767964641,0.9759004819903603
0.11957760844783105,0.5560688786224276
0.7864642707145857,0.76112477750445
0.9949001019979601,0.994940101197976
0.4902301953960921,0.8649027019459611
0.8571828563428732,0.9230215395692086
0.9586608267834643,0.9487010259794805
0.5127497450051,0.5080898382032359
0.30867382652346953,0.3384732305353893
0.6046879062418752,0.6429271414571709
0.5638887222255555,0.6788864222715546
0.7781644367112658,0.8337233255334894
0.3279934401311974,0.5231095378092439
0.8293234135317294,0.7886042279154417
0.5574288514229716,0.6141477170456591
0.7285454290914182,0.7352852942941142
0.2758144837103258,0.27107457850842986
0.6181876362472751,0.7366052678946421
0.8607627847443051,0.867782644347113
0.5625887482250356,0.26851462970740586
0.5399492010159797,0.5406891862162757
0.9209015819683607,0.9405611887762245
0.2003759924801504,0.20459590808183836
0.5350892982140357,0.4138717225655487
0.4860302793944121,0.3269134617307654
0.7802443951120978,0.7382452350952982
0.6138877222455551,0.6659266814663707
0.4397112057758845,0.4380912381752365
0.15679686406271875,0.1788164236715266
0.6868462630747385,0.6869462610747785
0.632587348253035,0.6427471450570988
0.29801403971920565,0.3335533289334213
0.03133937321253575,0.025539489210215798
0.8021439571208576,0.8494030119397612
0.42071158576828466,0.4391112177756445
0.5943681126377472,0.3143537129257415
0.5641287174256515,0.5891482170356593
0.1772964540709186,0.5357692846143077
0.1909361812763745,0.20427591448171037
0.7079258414831704,0.8277034459310814
0.8935421291574169,0.8069038619227615
0.4795904081918362,0.45473090538189237
0.624267514649707,0.6543269134617308
0.22273554528909423,0.4416311673766525
0.47315053698926024,0.5646887062258755
0.4841503169936601,0.6382672346553069
0.6108077838443231,0.7120457590848184
0.8813423731525369,0.9025619487610248
0.9417411651766965,0.8180036399272015
0.5066098678026439,0.5191896162076759
0.4054718905621888,0.4819903601927962
0.6092078158436831,0.5744085118297634
0.14647707045859085,0.1487370252594948
0.5043299134017319,0.47127057458850824
0.8595028099438011,0.888042239155217
0.20775584488310234,0.09489810203795924
0.9340813183736325,0.8411631767364653
0.5331893362132758,0.5366092678146437
0.7784444311113778,0.6134277314453711
0.3917121657566849,0.38237235255294894
0.24797504049919003,0.19795604087918242
0.7263454730905382,0.6772664546709066
0.3229735405291894,0.4268314633707326
0.19625607487850244,0.16989660206795865
0.7310253794924102,0.8307633847323054
0.5300893982120358,0.6495270094598108
0.7787644247115058,0.757584848303034
0.09727805443891123,0.04191916161676767
0.13411731765364693,0.11831763364732706
0.47359052818943626,0.5315893682126358
0.5705485890282195,0.7672846543069138
0.9708405831883362,0.9294014119717606
0.6624867502649947,0.8478830423391532
0.8333833323333534,0.8281834363312734
0.5868482630347394,0.5624687506249875
0.4066918661626768,0.37285254294914105
0.5114497710045799,0.47027059458810827
0.5797684046319074,0.1506569868602628
0.07759844803103938,0.10399792004159918
0.6585668286634268,0.6500469990600188
0.21893562128757427,0.14161716765664686
0.3911921761564769,0.2755944881102378
0.6635667286654268,0.5841483170336593
0.8327433451330973,0.8110037799244015
0.1766164676706466,0.1365972680546389
0.8203635927281455,0.7908441831163378
0.027979440411191776,0.02379952400951981
0.43243135137297256,0.29413411731765365
0.8932421351572969,0.9067618647627048
0.2821543569128617,0.24537509249815004
0.23137537249255016,0.30907381852362953
0.760184796304074,0.7296854062918742
0.7131057378852423,0.759044819103618
0.5525089498210036,0.5748885022299555
0.9548009039819204,0.9787204255914882
0.5478090438191237,0.7835043299134018
0.7711445771084579,0.6947661046779064
0.9645607087858243,0.9672006559868803
0.13473730525389493,0.12693746125077499
0.7362052758944821,0.7855442891142177
0.6664266714665706,0.8062438751224976
0.4301113977720446,0.49557008859822804
0.4502109957800844,0.4679706405871883
0.8671826563468731,0.7970240595188096
0.10433791324173516,0.2129157416851663
0.0024199516009679807,0.0024399512009759807
0.8139237215255695,0.8170036599268015
0.11877762444751105,0.10107797844043119
0.9368612627747446,0.9131217375652487
0.9504609907801844,0.7208455830883382
0.022139557208855822,0.015339693206135877
0.018459630807383852,0.012679746405071898
0.5412291754164917,0.47151056978860423
0.4686706265874683,0.6231475370492591
0.02745945081098378,0.037359252814943705
0.15509689806203877,0.1404771904561909
0.6101877962440752,0.5960880782384352
0.5723285534289314,0.42781144377112457
0.2982340353192936,0.22175556488870224
0.20519589608207836,0.14691706165876683
0.997360052798944,0.9986600267994641
0.6482870342593149,0.6501069978600428
0.8939221215575689,0.9069618607627847
0.35787284254314916,0.4218915621687566
0.7759444811103778,0.884942301153977
0.6628267434651307,0.6076478470430592
0.6838063238735226,0.6648467030659387
0.6960860782784345,0.4701505969880603
0.23211535769284616,0.2256754864902702
0.8619827603447932,0.8657226855462891
0.4114717705645887,0.4935901281974361
0.8975420491590168,0.7834243315133698
0.6953260934781305,0.7230455390892182
0.4123917521649567,0.35793284134317316
0.5149697006059879,0.3902921941561169
0.20481590368192637,0.2368152636947261
0.7783644327113458,0.8116237675246495
0.35815283694326117,0.013699726005479891
0.9520409591808164,0.9533809323813524
0.7341453170936582,0.7658846823063539
0.2908341833163337,0.3112737745245095
0.5466290674186517,0.8338433231335374
0.34301313973720526,0.3250334993300134
0.47139057218855623,0.43747125057498853
0.7731445371092578,0.8602627947441052
0.0636787264254715,0.06941861162776744
0.8415231695366093,0.8630227395452091
0.9502809943801124,0.9216615667686646
0.5857682846343073,0.3154936901261975
0.883482330353393,0.888742225155497
0.5521089578208436,0.5433691326173476
0.8931221375572489,0.9580608387832243
0.0499790004199916,0.04683906321873563
0.7084258314833703,0.747365052698946
0.5680686386272275,0.5646087078258435
0.9839403211935762,0.9760604787904242
0.6599068018639628,0.7040659186816264
0.9859002819943602,0.9851602967940641
0.4762704745905082,0.4668506629867403
0.10403791924161516,0.1639967200655987
0.9312813743725126,0.9382212355752886
0.7990040199196017,0.7783644327113458
0.5549089018219636,0.4111517769644607
0.9058418831623368,0.6546069078618428
0.10893782124357514,0.05119897602047959
0.33575328493430134,0.29601407971840565
0.22959540809183818,0.2016359672806544
0.6437871242575148,0.630567388652227
0.07415851682966342,0.059838803223935526
0.9659406811863763,0.9572008559828804
0.7759644807103858,0.751664966700666
0.1624567508649827,0.14383712325753487
0.0003399932001359973,0.0003599928001439971
0.75802483950321,0.7750044999100019
0.3855722885542289,0.2915341693166137
0.11097778044439112,0.09627807443851123
0.7356652866942661,0.7687646247075058
0.4530309393812124,0.622367552648947
0.5257694846103078,0.49489010219795604
0.5656886862262754,0.6551268974620508
0.3929721405571889,0.23669526609467811
0.250354992900142,0.2915941681166377
0.24189516209675807,0.254894902101958
0.7391252174956501,0.6840663186736265
0.22913541729165418,0.3435731285374293
0.2382352352952941,0.2258954820903582
0.8344633107337853,0.45805083898322035
0.871662566748665,0.8974220515589688
0.14591708165836684,0.14521709565808685
0.14211715765684688,0.5623287534249315
0.9435011299774004,0.8566428671426571
0.12083758324833503,0.11101777964440712
0.8170236595268094,0.8439031219375612
0.9930201395972081,0.9937801243975121
0.24917501649967003,0.18455630887382252
0.3108537829243415,0.42615147697046063
0.44485110297794045,0.3880922381552369
0.2741945161096778,0.24665506689866204
0.45931081378372435,0.500769984600308
0.878042439151217,0.8055238895222095
0.9278014439711206,0.8479430411391773
0.374872502549949,0.3011139777204456
0.33151336973260537,0.43559128817423654
0.13237735245295096,0.14107717845643086
0.7431051378972421,0.7010259794804105
0.8654226915461691,0.880382392352153
0.5843883122337553,0.6721865562688747
0.09767804643907123,0.11107777844443112
0.5466690666186677,0.43485130297394053
0.9387412251754965,0.9299214015719686
0.33187336253274935,0.31827363452730945
0.620207595848083,0.5757684846303074
0.3398532029359413,0.4796304073918522
0.5775884482310354,0.6575268494630108
0.6003479930401392,0.5756284874302514
0.8502629947401052,0.8994620107597848
0.9089018219635607,0.8831623367532649
0.17189656206875864,0.1900561988760225
0.509409811803764,0.16999660006799863
0.5349493010139797,0.3866122677546449
0.4152516949661007,0.39549209015819686
0.8241035179296414,0.7973840523189536
0.22153556928861423,0.12235755284894302
0.07707845843083139,0.07955840883182337
0.8478230435391293,0.8490430191396172
0.9600607987840244,0.8684626307473851
0.28223435531289376,0.29383412331753367
0.1012579748405032,0.1517969640607188
0.382332353352933,0.29235415291694167
0.20785584288314235,0.11167776644467112
0.30317393652126956,0.33375332493350135
0.7249255014899703,0.7159456810863783
0.03437931241375173,0.04281914361712766
0.380492390152197,0.44313113737725246
0.2755744885102298,0.2121757564848703
0.17155656886862264,0.18103637927241456
0.6958660826783465,0.6920061598768025
0.43701125977480454,0.4498110037799244
0.5550888982220356,0.504729905401892
0.22981540369192616,0.09847803043939121
0.4639107217855643,0.46223075538489233
0.13665726685466292,0.18069638607227856
0.7646847063058739,0.879142417151657
0.5788884222315553,0.6474270514589708
0.38755224895502094,0.3938121237575249
0.7039259214815704,0.7184056318873623
0.5511889762204756,0.6127677446451071
0.35727285454290914,0.3559128817423652
0.7001059978800425,0.754244915101698
0.9970000599988,0.9960000799984
0.9348013039739206,0.9218815623687526
0.1386772264554709,0.126977460450791
0.9474810503789924,0.9261414771704566
0.44645107097858044,0.42953140937181256
0.8047839043219136,0.7741845163096739
0.6284074318513629,0.3299534009319814
0.2869742605147897,0.2574548509029819
0.7010459790804184,0.4270914581708366
0.36841263174736505,0.3873722525549489
0.7919841603167936,0.7397452050958981
0.5422891542169157,0.250614987700246
0.4924901501969961,0.03585928281434372
0.11045779084418313,0.13389732205355892
0.09733805323893523,0.12015759684806304
0.21983560328793425,0.10523789524209516
0.05261894762104758,0.040999180016399676
0.5705885882282354,0.5776684466310674
0.04861902761944761,0.042479150416991664
0.49577008459830807,0.5779484410311794
0.745345093098138,0.7393652126957461
0.3591728165436691,0.15421691566168677
0.05181896362072759,0.29745405091898164
0.05407891842163157,0.04221915561688766
0.373232535349293,0.377252454950901
0.16697666046679066,0.1485370292594148
0.8257034859302814,0.8297234055318894
0.125437491250175,0.10487790244195117
0.4412911741765165,0.3505129897402052
0.9413011739765205,0.9460610787784245
0.005879882402351953,0.006059878802423951
0.5767884642307154,0.5472490550188996
0.5238095238095238,0.50634987300254
0.1016579668406632,0.0886182276354473
0.6023279534409312,0.624147517049659
0.627547449051019,0.6787864242715146
0.5603087938241236,0.5309493810123798
0.23043539129217416,0.29939401211975764
0.4110917781644367,0.40533189336213277
0.9507009859802804,0.9435811283774325
0.5149897002059959,0.501429971400572
0.5683686326273475,0.30831383372332555
0.5444691106177877,0.6605467890642187
0.48179036419271615,0.40511189776204476
0.5482690346193076,0.26583468330633386
0.8071038579228416,0.9510809783804324
0.48059038819223615,0.6133277334453311
0.9450410991780165,0.9312613747725046
0.8294834103317934,0.754104917901642
0.04385912281754365,0.03931921361572769
0.5658086838263235,0.5604687906241875
0.3955320893582128,0.2651346973060539
0.5278094438111238,0.5215495690086198
0.26799464010719787,0.3301333973320534
0.868822623547529,0.8590228195436092
0.009359812803743926,0.01511969760604788
0.24707505849883002,0.24345513089738205
0.5333093338133238,0.6023279534409312
0.8677426451470971,0.8251434971300574
0.18115637687246255,0.21041579168416633
0.6793864122717546,0.7357052858942822
0.6019279614407712,0.6063078738425232
0.3927921441571169,0.5313893722125558
0.7715045699086018,0.7374652506949861
0.49465010699786005,0.5403691926161477
0.7054258914821704,0.5965280694386113
0.4607707845843083,0.41129177416451673
0.20201595968080638,0.19119617607647849
0.6992660146797064,0.8227235455290894
0.0743985120297594,0.06667866642667147
0.04637907241855163,0.042779144417111656
0.24821503569928602,0.3271734565308694
0.8108237835243295,0.6690466190676186
0.2888142237155257,0.26509469810603786
0.2741345173096538,0.28291434171316576
0.8381432371352573,0.8526229475410492
0.7191456170876582,0.7636047279054419
0.025659486810263796,0.02385952280954381
0.24183516329673407,0.19091618167636648
0.6801863962720746,0.5905681886362273
0.27435451290974183,0.24285514289714208
0.3517129657406852,0.30595388092238157
0.09725805483890322,0.09447811043779125
0.41923161536769266,0.4673306533869323
0.9394012119757605,0.9391012179756405
0.28531429371412576,0.3030139397212056
0.7201255974880503,0.6034479310413792
0.09093818123637527,0.42993140137197255
0.639907201855963,0.615647687046259
0.5188696226075479,0.5464490710185796
0.5435891282174357,0.6733465330693387
0.07215855682886342,0.05703885922281555
0.6647867042659147,0.4521909561808764
0.6851462970740585,0.8125437491250175
0.053458930821383574,0.07133857322853543
0.9492010159796804,0.9548009039819204
0.4256714865702686,0.4531509369812604
0.6735465290694186,0.42351152976940465
0.06053878922421552,0.05145897082058359
0.5776484470310594,0.3334933301333973
0.08363832723345534,0.04073918521629567
0.18151636967260656,0.6549269014619707
0.6076278474430512,0.5498490030199397
0.48213035739285215,0.5211695766084679
0.3173136537269255,0.35251294974100517
0.8182436351272975,0.8052638947221056
0.12337753244935101,0.09971800563988721
0.2890542189156217,0.4148917021659567
0.2147557048859023,0.18125637487250257
0.9641207175856483,0.9264814703705926
0.5471090578188437,0.5621087578248435
0.2005959880802384,0.15407691846163077
0.49661006779864403,0.3627927441451171
0.7755044899102018,0.8185236295274095
0.18465630687386253,0.5099498010039799
0.015359692806143879,0.017059658806823863
0.8057838843223136,0.5395092098158037
0.0369992600147997,0.024519509609807803
0.887802243955121,0.9251214975700486
0.2997540049199016,0.4760904781904362
0.07135857282854344,0.0874582508349833
0.8550628987420252,0.8672026559468811
0.9050018999620008,0.9335813283734326
0.5258294834103319,0.5527489450210996
0.4791104177916442,0.39887202255954884
0.0892782144357113,0.09763804723905523
0.0010199796004079918,0.0011599768004639907
0.1005779884402312,0.16611667766644667
0.41977160456790863,0.30495390092198155
0.3370532589348213,0.23527529449411014
0.1730365392692146,0.10625787484250315
0.44697106057878844,0.5160896782064359
0.8541629167416652,0.868822623547529
0.9311413771724566,0.9349413011739766
0.0010599788004239915,0.0007799844003119938
0.23731525369492612,0.2009959800803984
0.7925441491170176,0.8193436131277375
0.766144677106458,0.7909041819163617
0.08945821083578329,0.07991840163196737
0.46103077938441234,0.49561008779824406
0.4650706985860283,0.5131297374052519
0.6696666066678667,0.8720625587488251
0.11687766244675107,0.11805763884722306
0.9439611207775844,0.9418211635767285
0.9241615167696646,0.9344813103737926
0.42959140817183655,0.50484990300194
0.5448691026179476,0.5970080598388032
0.8247035059298814,0.7768244635107299
0.47195056098878024,0.21579568408631827
0.46985060298794024,0.43221135577288455
0.500629987400252,0.4411711765764685
0.9424811503769925,0.9318613627727446
0.4298914021719566,0.3860922781544369
0.8649827003459931,0.9108817823643528
0.6367872642547149,0.6572268554628907
0.4779104417911642,0.27045459090818186
0.9985600287994241,0.9204815903681927
0.09947801043979121,0.09275814483710326
0.5939281214375712,0.6219875602487951
0.6381472370552589,0.6655266894662107
0.6080278394432111,0.7061658766824663
0.29967400651986964,0.25867482650346996
0.7925241495170097,0.8090638187236255
0.15435691286174277,0.03989920201595968
0.7132457350852983,0.758504829903402
0.4612907741845163,0.46921061578768425
0.751984960300794,0.6853862922741546
0.38279234415311697,0.33575328493430134
0.26617467650646986,0.10941781164376713
0.8199836003279934,0.7320653586928262
0.48121037579248416,0.49259014819703606
0.4002719945601088,0.5450090998180036
0.9282014359712806,0.881882362352753
0.3945121097578049,0.2115757684846303
0.40747185056298874,0.3640927181456371
0.50264994700106,0.5138297234055319
0.18207635847283055,0.1738965220695586
0.9845203095938082,0.9932001359972801
0.27239455210895785,0.14207715845683086
0.9265214695706087,0.9408011839763205
0.6652066958660827,0.8005639887202256
0.9719005619887603,0.9743205135897283
0.6730465390692186,0.7009859802803944
0.03391932161356773,0.07935841283174337
0.5969280614387712,0.6531669366612668
0.12305753884922302,0.1357572848543029
0.7974040519189617,0.75432491350173
0.3544729105417892,0.3642927141457171
0.5315293694126118,0.5165896682066359
0.50164996700066,0.5481690366192676
0.9329413411731766,0.9206615867682647
0.372892542149157,0.497990040199196
0.04643907121857563,0.509889802203956
0.9992400151996961,0.99910001799964
0.6046679066418672,0.5232095358092839
0.43291134177316454,0.3911721765564689
0.5837083258334833,0.620087598248035
0.6582268354632907,0.46193076138477235
0.9827803443931121,0.9736005279894402
0.8525429491410172,0.9427011459770805
0.997460050798984,0.9968400631987361
0.7690846183076339,0.49585008299834005
0.09035819283614328,0.040779184416311676
0.019359612807743846,0.007259854802903943
0.022059558808823824,0.020539589208215837
0.7861642767144658,0.6851862962740746
0.8472630547389053,0.8900821983560329
0.9679406411871763,0.9677606447871043
0.9754604907901843,0.8166636667266655
0.7077458450830983,0.7046459070818584
0.41735165296694066,0.42581148377032463
0.371632567348653,0.38377232455350896
0.7379852402951941,0.5283894322113558
0.14011719765604688,0.10977780444391112
0.4786704265914682,0.5412291754164917
0.11879762404751905,0.509189816203676
0.4308713825723486,0.8535029299414012
0.8210435791284174,0.4905101897962041
0.03255934881302374,0.11701765964680706
0.5270894582108357,0.7893842123157537
0.4505309893802124,0.4769904601907962
0.8728625427491451,0.9267014659706806
0.5358492830143398,0.5994280114397712
0.31935361292774145,0.3282334353312934
0.36687266254674905,0.49235015299694007
0.6147277054458911,0.6632467350652987
0.21647567048659028,0.2653346933061339
0.9682406351872963,0.9705805883882322
0.8666826663466731,0.878202435951281
0.6580068398632027,0.5853482930341394
0.18345633087338253,0.2001359972800544
0.6237075258494831,0.5954280914381712
0.4610507789844203,0.19523609527809443
0.020819583608327835,0.03297934041319174
0.255454890902182,0.31117377652446954
0.2739945201095978,0.23039539209215817
0.15551688966220675,0.10787784244315114
0.007259854802903943,0.00745985080298394
0.48475030499390015,0.49955000899982
0.4111517769644607,0.31013379732405355
0.04381912361752765,0.0501389972200556
0.7743845123097538,0.8412431751364973
0.4334913301733965,0.38117237655246894
0.3676926461470771,0.3172536549269015
0.7227455450890983,0.8923021539569209
0.17027659446811064,0.17153656926861463
0.7968440631187377,0.7796244075118498
0.7464050718985621,0.6827863442731146
0.7229255414891702,0.6977460450790984
0.8146637067258655,0.7824643507129858
0.5199296014079718,0.5252494950100998
0.38389232215355695,0.4296114077718446
0.32209355812883744,0.377212455750885
0.5740685186296274,0.5359692806143878
0.4421911561768765,0.4169116617667647
0.5598088038239235,0.5462890742185157
0.6072078558428832,0.5816683666326674
0.8306833863322733,0.7763844723105539
0.02291954160916782,0.02391952160956781
0.7712245755084899,0.5243095138097238
0.9291014179716406,0.8817023659526809
0.7714645707085859,0.75802483950321
0.9877402451950962,0.9870402591948161
0.8575428491430171,0.9313813723725526
0.6022679546409072,0.20235595288094238
0.2639547209055819,0.23645527089458213
0.4972500549989,0.4585908281834363
0.5254094918101638,0.5536489270214596
0.8989020219595608,0.8874222515549689
0.9474210515789685,0.9357812843743125
0.9890602187956241,0.9888202235955281
0.34405311893762125,0.4003919921601568
0.06119877602447951,0.05197896042079159
0.5658286834263315,0.5205695886082279
0.9906001879962401,0.9864402711945761
0.9659206815863683,0.9767204655906883
0.21733565328693427,0.27423451530969384
0.6677266454670907,0.6849063018739625
0.39497210055798887,0.3374932501349973
0.21613567728645428,0.19335613287734246
0.3407531849363013,0.46027079458410836
0.9314613707725846,0.9354012919741606
0.013439731205375893,0.02011959760804784
0.24415511689766206,0.27035459290814184
0.7698846023079539,0.7686246275074499
0.755344893102138,0.6775264494710106
0.37065258694826103,0.23493530129397414
0.4646307073858523,0.6052278954420912
0.9830603387932242,0.9530809383812324
0.4376912461750765,0.43037139257214857
0.1779564408711826,0.16955660886782264
0.6191076178476431,0.626987460250795
0.7120657586848264,0.7359852802943941
0.9342813143737125,0.9086018279634408
0.01503969920601588,0.08237835243295134
0.8660426791464171,0.9447211055778885
0.8273434531309374,0.760284794304114
0.26657466850662986,0.11355772884542309
0.5195496090078199,0.4576308473830524
0.49621007579848403,0.4139917201655967
0.22359552808943822,0.13643727125457492
0.05365892682146357,0.14559708805823884
0.6905261894762105,0.6970460590788184
0.7953640927181457,0.8725425491490171
0.7890042199156018,0.5548489030219396
0.7830643387132258,0.8258234835303294
0.022159556808863824,0.030319393612127758
0.9066218675626487,0.9257214855702887
0.8105437891242175,0.8504229915401692
0.42025159496810066,0.21729565408691828
0.9235815283694326,0.9083018339633208
0.8561828763424731,0.8424231515369693
0.5198296034079318,0.6176676466470671
0.8208035839283214,0.8328833423331534
0.7799644007119858,0.7966440671186577
0.15817683646327074,0.15437691246175078
0.05673886522269555,0.05909881802363953
0.7136657266854664,0.6997260054798904
0.6704265914681706,0.6832263354732906
0.876042479150417,0.8615827683446331
0.40773184536309276,0.7810443791124178
0.9803603927921442,0.9886002279954401
0.2017959640807184,0.22213555728885423
0.753204935901282,0.757764844703106
0.755664886702266,0.8028839423211536
0.19275614487710246,0.0876182476350473
0.38579228415431693,0.44811103777924444
0.749085018299634,0.7401451970960581
0.7909641807163857,0.9014219715605688
0.373852522949541,0.3913721725565489
0.35669286614267715,0.3539129217415652
0.10559788804223916,0.23717525649487012
0.5349293014139718,0.2763544729105418
0.04021919561608768,0.08341833163336733
0.2772344553108938,0.2385952280954381
0.7808643827123458,0.8249235015299694
0.05665886682266355,0.11105777884442311
0.43337133257334853,0.3921721565568689
0.9016419671606568,0.9039019219615608
0.632127357452851,0.6602667946641068
0.9775004499910002,0.9790404191916162
0.3618527629447411,0.3357332853342933
0.3097738045239095,0.5622087558248835
0.31939361212775746,0.36657266854662907
0.6723465530689386,0.8158036839263215
0.39179216415671686,0.23135537289254215
0.126357472850543,0.1514369712605748
0.6035279294414112,0.5534689306213876
0.9346813063738726,0.9406411871762566
0.27327453450930983,0.32529349413011743
0.6579868402631948,0.6667866642667147
0.3496130077398452,0.3037139257214856
0.47933041339173216,0.6067078658426832
0.19217615647687047,0.24183516329673407
0.5888682226355473,0.3660526789464211
0.1757764844703106,0.17837643247135057
0.19619607607847844,0.15969680606387873
0.6886662266754665,0.8106437871242576
0.503389932201356,0.38195236095278096
0.5175696486070279,0.5437291254174916
0.024239515209695806,0.0000999980000399992
0.128097438051239,0.09117817643647128
0.876802463950721,0.742345153096938
0.5268294634107318,0.5470490590188196
0.4492110157796844,0.4783904321913562
0.8350032999340014,0.8463430731385373
0.7339653206935861,0.7107857842843144
0.885062298754025,0.7777244455110898
0.8341833163336734,0.7208255834883303
0.4508309833803324,0.44863102737945243
0.9601607967840644,0.9651406971860563
0.09671806563868723,0.10735785284294315
0.9842203155936882,0.9867402651946962
0.6350472990540189,0.5569688606227876
0.5614287714245715,0.6216675666486671
0.05875882482350353,0.044919101617967645
0.4769504609907802,0.504509909801804
0.13737725245495092,0.25435491290174195
0.9201815963680726,0.9805603887922242
0.4882702345953081,0.47429051418971624
0.16601667966640668,0.14601707965840682
0.7186456270874583,0.5979080418391632
0.7282054358912822,0.6141877162456751
0.6697466050678986,0.6670866582668347
0.2400151996960061,0.254714905701886
0.2585948281034379,0.33369332613347735
0.19553608927821445,0.26817463650726986
0.127697446051079,0.0020399592008159837
0.06217875642487151,0.04453910921781565
0.9456410871782565,0.9448811023779524
0.6541669166616668,0.6988860222795544
0.4510309793804124,0.6083078338433232
0.6539469210615788,0.7603647927041459
0.9389812203755925,0.9100817983640328
0.6527069458610828,0.4757504849903002
0.18189636207275856,0.1644367112657747
0.34395312093758124,0.10209795804083918
0.08395832083358333,0.07335853282934342
0.46991060178796423,0.5259894802103958
0.9260014799704006,0.9197816043679127
0.5474890502189956,0.6003079938401232
0.7965640687186256,0.752604947901042
0.5454290914181716,0.6827263454730905
0.7380052398952022,0.7203855922881542
0.7846643067138658,0.7724045519089618
0.20355592888142238,0.4554508909821804
0.6624267514649708,0.7013659726805465
0.4045119097618048,0.3409531809363813
0.5993880122397552,0.6805463890722185
0.6425071498570029,0.6507669846603068
0.4877502449951001,0.6681066378672427
0.00885982280354393,0.009239815203695927
0.3394532109357813,0.4449311013779725
0.49423011539769207,0.4254314913701726
0.42655146897062063,0.27121457570848584
0.7780044399112018,0.8069838603227936
0.9110017799644008,0.9258414831703367
0.3483530329393412,0.3621527569448611
0.7427451450970981,0.766144677106458
0.14387712245755085,0.37279254414911706
0.7196856062878743,0.7081658366832664
0.6781664366712666,0.3875922481550369
0.35621287574248517,0.5855682886342274
0.9874602507949841,0.9892202155956881
0.13161736765264695,0.14647707045859085
0.9570808583828324,0.9481010379792405
0.02989940201195976,0.04789904201915962
0.7866642667146657,0.8892222155556889
0.40741185176296474,0.4054918901621968
0.9578808423831524,0.9462010759784805
0.39509209815803686,0.29865402691946163
0.5469890602187957,0.5638487230255395
0.46171076578468434,0.7403851922961541
0.9080418391632168,0.7653046939061219
0.05229895402091958,0.046699066018679625
0.2741545169096618,0.28161436771264575
0.7022259554808904,0.6647267054658907
0.1743565128697426,0.1786164276714466
0.5652086958260835,0.6825063498730025
0.8359232815343693,0.7985240295194096
0.49283014339713205,0.5313093738125237
0.3275534489310214,0.31111377772444554
0.635447291054179,0.7417251654966901
0.2914941701165977,0.38231235375292494
0.5338093238135238,0.7720645587088258
0.6993260134797304,0.6138877222455551
0.7040659186816264,0.2884342313153737
0.6475470490590188,0.7765844683106338
0.5379092418151638,0.5131897362052759
0.14329713405731886,0.1531169376612468
0.1904161916761665,0.29425411491770165
0.38761224775504494,0.42179156416871666
0.9423611527769445,0.9343013139737205
0.011859762804743906,0.011059778804423912
0.18005639887202257,0.18557628847423052
0.7759044819103618,0.744885102297954
0.7082058358832823,0.6698266034679307
0.12907741845163098,0.21731565368692626
0.3284134317313654,0.33293334133317337
0.013079738405231895,0.30893382132357355
0.5431491370172596,0.7838043239135217
0.03497930041399172,0.047319053618927624
0.4172516549669007,0.497410051798964
0.017199656006879862,0.007339853202935942
0.20169596608067838,0.13625727485450292
0.10179796404071918,0.14165716685666288
0.7842243155136898,0.7682446351072979
0.4371112577748445,0.6697466050678986
0.6855462890742186,0.6401471970560589
0.004239915201695966,0.013339733205335894
0.745645087098258,0.7055458890822184
0.20925581488370235,0.37165256694866106
0.8980420391592169,0.8634427311453772
0.6426071478570429,0.6479470410591789
0.028439431211375772,0.06903861922761545
0.04485910281794364,0.03017939641207176
0.12825743485130298,0.12739745205095898
0.07691846163076739,0.0763584728305434
0.6001079978400432,0.6059278814423712
0.2574548509029819,0.3110937781244375
0.5217295654086919,0.7311853762924742
0.19213615727685446,0.21875562488750225
0.5813683726325474,0.6047879042419152
0.4908501829963401,0.39361212775744486
0.8476630467390652,0.7934841303173937
0.4395112097758045,0.40649187016259675
0.2029159416811664,0.21909561808763825
0.12765744685106298,0.125737485250295
0.01787964240715186,0.018679626407471853
0.13263734725305495,0.10823783524329514
0.6063878722425552,0.6086678266434672
0.9903001939961201,0.9907601847963041
0.2130557388852223,0.26641467170656585
0.7770444591108178,0.7673446531069379
0.8243635127297454,0.8495030099398012
0.021599568008639828,0.019639607207855844
0.876602467950641,0.5734685306293874
0.7013859722805544,0.11779764404711907
0.6681666366672667,0.5670086598268035
0.7047059058818824,0.7174256514869702
0.9329813403731926,0.885382292354153
0.8309633807323854,0.8987620247595048
0.13465730685386293,0.127097458050839
0.23499530009399813,0.24541509169816605
0.9441411171776565,0.9927001459970801
0.06135877282454351,0.041959160816783664
0.6576868462630747,0.6842263154736905
0.255294894102118,0.27113457730845386
0.20465590688186236,0.2661546769064619
0.6960060798784025,0.5857282854342913
0.9336213275734485,0.7409451810963781
0.5528489430211396,0.5688286234275315
0.2014759704805904,0.37343253134937304
0.7937841243175137,0.7239055218895623
0.40523189536209275,0.3910121797564049
0.32387352252954943,0.28353432931341377
0.1388772224555509,0.13469730605387892
0.020919581608367835,0.02755944881102378
0.124597508049839,0.12393752124957501
0.9994600107997841,0.9991400171996561
0.23069538609227816,0.2380752384952301
0.7628847423051539,0.7349053018939622
0.27159456810863786,0.29461410771784563
0.25713485730285396,0.377312453750925
0.124437511249775,0.37041259174816504
0.39767204655906885,0.4161116777664447
0.501089978200436,0.4278914421711566
0.7996240075198496,0.880442391152177
0.9582408351832964,0.9646807063858723
0.6433271334573308,0.6687266254674906
0.4095318093638127,0.42329153416931664
0.7245855082898343,0.6521269574608508
0.5944881102377952,0.621267574648507
0.39395212095758086,0.3159936801263975
0.15601687966240677,0.1484570308593828
0.24485510289794205,0.17983640327193456
0.9762804743905122,0.9808003839923202
0.5227895442091158,0.4921101577968441
0.1867962640747185,0.17385652286954262
0.4598508029839403,0.5765084698306034
0.7253054938901222,0.7035059298814024
0.4635507289854203,0.09189816203675927
0.20363592728145438,0.22121557568848624
0.6017879642407152,0.6440671186576269
0.873882522349553,0.870402591948161
0.4278514429711406,0.7157256854862903
0.4911701765964681,0.7277054458910822
0.126277474450511,0.1903961920761585
0.38157236855262894,0.15979680406391872
0.24289514209715807,0.23569528609427812
0.5956280874382512,0.6814263714725706
0.8599628007439851,0.8022839543209136
0.3344133117337653,0.15523689526209478
0.4127317453650927,0.4184116317673647
0.3405131897362053,0.3535729285414292
0.38321233575328495,0.2639147217055659
0.10167796644067119,0.01893962120757585
0.5335693286134278,0.7500649987000261
0.17407651846963063,0.2872942541149177
0.8073438531229375,0.8460430791384173
0.8323833523329534,0.9168016639667207
0.39773204535909285,0.254014919701606
0.2621547569048619,0.24627507449851005
0.6385872282554349,0.7290254194916101
0.7451250974980501,0.6540669186616268
0.5371892562148757,0.3171536569268615
0.27875442491150176,0.08013839723205536
0.6990060198796024,0.4943901121977561
0.1888162236755265,0.5516689666206676
0.10933781324373514,0.25725485490290195
0.6364272714545709,0.6522669546609068
0.7222255554888902,0.7041459170816584
0.9829003419931601,0.9472210555788885
0.7791044179116418,0.7479050418991621
0.9678206435871283,0.9735605287894242
0.4017919641607168,0.4228715425691486
0.4390912181756365,0.6504069918601628
0.9373612527749445,0.9495010099798005
0.5775084498310034,0.5573688526229476
0.00629987400251995,0.011679766404671907
0.14821703565928682,0.11359772804543909
0.11153776924461511,0.10653786924261516
0.30915381692366156,0.41965160696786064
0.11157776844463112,0.10713785724285514
0.7004059918801624,0.6891462170756585
0.0883382332353353,0.4036919261614768
0.09285814283714326,0.09831803363932722
0.8230635387292254,0.7655446891062179
0.4487510249795004,0.39785204295914084
0.07275854482910342,0.035819283614327714
0.9651406971860563,0.9671006579868403
0.7005259894802104,0.6955060898782025
0.5359492810143798,0.6559668806623867
0.5604687906241875,0.49567008659826806
0.5572088558228836,0.5608887822243556
0.29293414131717366,0.3141737165256695
0.38263234735305296,0.8024439511209777
0.7707045859082818,0.8946821063578728
0.13951720965580688,0.1513969720605588
0.6705065898682027,0.5619887602247955
0.8470630587388253,0.6584868302633947
0.006679866402671947,0.005839883202335953
0.8550228995420092,0.7138257234855303
0.24309513809723807,0.11189776204475911
0.49773004539909205,0.47343053138937224
0.4173116537669247,0.5515689686206277
0.47373052538949223,0.5703085938281235
0.635667286654267,0.6727065458690826
0.7429051418971621,0.7344453110937782
0.44535109297814046,0.30643387132257355
0.4767704645907082,0.381532369352613
0.3162936741265175,0.2771744565108698
0.6686666266674667,0.6113477730445391
0.6600867982640347,0.5479090418191637
0.33485330293394133,0.38669226615467694
0.6468070638587229,0.5963880722385553
0.18447631047379054,0.1523969520609588
0.40899182016359675,0.4155516889662207
0.4539709205815884,0.45909081818363634
0.19723605527889443,0.17705645887082258
0.11459770804583909,0.09817803643927121
0.14079718405631889,0.1010179796404072
0.7903241935161297,0.629027419451611
0.27247455050898983,0.09783804323913523
0.9201615967680646,0.9301613967720646
0.08417831643367132,0.016999660006799866
0.01783964320713586,0.06177876442471151
0.5346893062138758,0.503889922201556
0.23119537609247817,0.2732345353092938
0.5701485970280594,0.5296894062118758
0.12779744405111898,0.11457770844583108
0.05795884082318354,0.061118777624447514
0.4110717785644287,0.4158916821663567
0.8038439231215376,0.8194236115277694
0.22873542529149418,0.1765364692706146
0.9341813163736725,0.9410011799764005
0.4859302813943721,0.4511109777804444
0.9847003059938801,0.9365012699746006
0.7015659686806264,0.7551048979020419
0.4436711265774685,0.4310313793724126
0.9421411571768565,0.9469410611787764
0.26291474170516593,0.22911541769164617
0.9158416831663367,0.8554828903421932
0.9753604927901443,0.9038219235615288
0.5483090338193236,0.29363412731745364
0.09121817563648728,0.10111797764044719
0.005679886402271955,0.008339833203335933
0.8432431351372973,0.6604067918641627
0.5271694566108678,0.5806883862322754
0.2628947421051579,0.22189556208875824
0.6741665166696666,0.6689266214675706
0.7070058598828024,0.8565228695426091
0.8037639247215056,0.5604487910241795
0.5766684666306674,0.7329653406931862
0.7200255994880103,0.7266054678906422
0.3528129437411252,0.2780344393112138
0.8383032339353214,0.8505429891402172
0.3526329473410532,0.5341093178136438
0.7901841963160737,0.7649647007059859
0.5447691046179076,0.5665086698266035
0.07959840803183936,0.2228355432891342
0.09815803683926322,0.14701705965880682
0.7228855422891542,0.6547869042619148
0.7741245175096498,0.7926241475170497
0.8900221995560089,0.8298434031319374
0.09073818523629527,0.14787704245915081
0.9467810643787125,0.9414811703765925
0.5602887942241155,0.5102497950041
0.24305513889722205,0.17917641647167057
0.1509569808603828,0.17853642927141458
0.9586808263834724,0.9817003659926802
0.44999100017999644,0.6660266794664107
0.2834143317133657,0.30721385572288556
0.2166356672866543,0.45073098538029244
0.5995680086398272,0.6062078758424831
0.33097338053238934,0.2975940481190376
0.1628167436651267,0.09901801963960721
0.627987440251195,0.7258054838903222
0.6009079818403632,0.6332073358532829
0.7173256534869303,0.7283254334913302
0.44205115897682046,0.4306913861722766
0.7163256734865303,0.6986860262794744
0.18033639327213458,0.2913141737165257
0.632047359052819,0.8198236035279295
0.8150436991260175,0.8499630007399852
0.14169716605667887,0.1490770184596308
0.27217455650886985,0.3140337193256135
0.04001919961600768,0.03567928641427172
0.886782264354713,0.8862822743545129
0.45789084218315634,0.4282514349713006
0.06031879362412752,0.06185876282474351
0.4667306653866923,0.4952500949981001
0.8185636287274255,0.9070618587628247
0.7692246155076898,0.7714045719085618
0.29203415931681365,0.5340293194136118
0.9360812783744326,0.9474410511789765
0.1388172236555269,0.11617767644647108
0.1622567548649027,0.1479970400591988
0.21749565008699825,0.25717485650287
0.024439511209775805,0.5480090398192037
0.7118057638847223,0.5393092138157237
0.8342833143337134,0.28337433251334976
0.9447011059778805,0.9439011219775605
0.3510529789404212,0.35703285934281315
0.44547109057818846,0.47361052778944424
0.7760244795104099,0.8018039639207216
0.7566048679026419,0.5426691466170677
0.2862142757144857,0.1739565208695826
0.19011619767604648,0.2021959560808784
0.43073138537229255,0.46611067778644427
0.5114097718045639,0.47367052658946823
0.9355412891742165,0.9445411091778165
0.9039419211615768,0.8901221975560489
0.4413511729765405,0.4189716205675887
0.5775684486310274,0.507609847803044
0.6816263674726506,0.7207455850882982
0.374212515749685,0.30511389772204556
0.891242175156497,0.8479630407391853
0.5496290074198517,0.8045839083218336
0.2131557368852623,0.2262154756904862
0.04405911881762365,0.10509789804203916
0.5737685246295074,0.6040479190416191
0.9830403391932162,0.9841603167936641
0.7086658266834663,0.6018679626407472
0.04593908121837564,0.5092298154036919
0.43431131377372456,0.43621127577448454
0.5427891442171157,0.5847483050338993
0.19319613607727845,0.12047759044819104
0.7654446911061779,0.7202055958880823
0.6100877982440351,0.38239235215295697
0.2591748165036699,0.29831403371932563
0.8924821503569929,0.8950820983580329
0.20677586448271035,0.21559568808623827
0.14293714125717485,0.13145737085258297
0.39429211415771687,0.4543709125817484
0.23963520729585408,0.251954960900782
0.6137877242455151,0.3352132957340853
0.7162056758864823,0.76122477550449
0.7638047239055219,0.6653666926661467
0.877702445951081,0.6012479750404992
0.28515429691406174,0.23341533169336615
0.3980520389592208,0.36171276574468514
0.4301313973720526,0.39487210255794886
0.6732665346693066,0.6796464070718586
0.7383252334953301,0.619767604647907
0.06169876602467951,0.47595048099038023
0.43467130657386854,0.049619007619847603
0.8996420071598569,0.8869822603547929
0.3963920721585568,0.41987160256794864
0.9804003919921602,0.9814003719925601
0.9341413171736566,0.758244835103298
0.3401531969360613,0.2769144617107658
0.4792504149917002,0.5384692306153878
0.8636827263454732,0.9122817543649128
0.8276834463310734,0.8356632867342654
0.8071438571228575,0.8021839563208736
0.22319553608927822,0.12937741245175097
0.10389792204155918,0.14567708645827085
0.5599088018239635,0.4669506609867803
0.03233935321293574,0.030879382412351754
0.4792304153916922,0.4069718605627888
0.9741805163896723,0.9745405091898163
0.021819563608727825,0.016019679606407874
0.16101677966440672,0.19653606927861444
0.7819443611127778,0.8146237075258496
0.008479830403391932,0.007119857602847944
0.2257754844903102,0.19149617007659847
0.8342633147337054,0.8348233035339293
0.058198836023279535,0.06541869162616748
0.7858442831143377,0.8473230535389292
0.030259394812103758,0.023159536809263817
0.49471010579788405,0.6090078198436032
0.17307653846923063,0.1730365392692146
0.10435791284174317,0.06453870922581549
0.2679146417071659,0.3442531149377013
0.8448031039379212,0.8007439851202977
0.44079118417631646,0.34781304373912525
0.251354972900542,0.2917541649167017
0.6429271414571709,0.5447691046179076
0.8231835363292734,0.26903461930761385
0.5633487330253395,0.381472370552589
0.9548609027819444,0.9663606727865443
0.8170636587268255,0.8170436591268175
0.629487410251795,0.4908501829963401
0.6117877642447151,0.4582508349833003
0.8225435491290174,0.7134057318853623
0.6752064958700826,0.7011459770804584
0.637267254654907,0.5709885802283955
0.746005079898402,0.8010839783204337
0.8342233155336893,0.6865462690746186
0.8510029799404012,0.8452830943381132
0.1749165016699666,0.3263134737305254
0.9179216415671687,0.9123217535649287
0.6026479470410592,0.5606687866242676
0.9973200535989281,0.9954600907981841
0.39213215735685286,0.5274494510109798
0.24407511849763006,0.126317473650527
0.9395212095758085,0.9419011619767605
0.6607467850642987,0.7241655166896662
0.36035279294414113,0.506229875402492
0.870742585148297,0.8584228315433692
0.5380092398152038,0.5949881002379953
0.17163656726865464,0.16547669046619068
0.24495510089798206,0.4377312453750925
0.3830123397532049,0.2141957160856783
0.07149857002859943,0.11755764884702306
0.20761584768304633,0.22073558528829423
0.7231455370892582,0.6918061638767224
0.03383932321353573,0.03893922121557569
0.374192516149677,0.37173256534869303
0.29717405651886963,0.14111717765644688
0.1858162836743265,0.26973460530789384
0.43445131097378054,0.3636727265454691
0.47299054018919623,0.49315013699726007
0.9238215235695286,0.9300013999720006
0.2285554288914222,0.15965680686386272
0.5251494970100599,0.6562668746625068
0.7952240955180897,0.7372852542949141
0.19753604927901441,0.29019419611607766
0.21787564248715027,0.3135537289254215
0.29665406691866164,0.45861082778344436
0.2973540529189416,0.22955540889182216
0.23405531889362213,0.4187516249675007
0.6486070278594428,0.636947261054779
0.10891782164356713,0.09587808243835123
0.6136277274454511,0.6537069258614828
0.3094338113237735,0.8058838823223535
0.46903061938761226,0.02359952800943981
0.9117017659646808,0.8544629107417852
0.01737965240695186,0.018079638407231854
0.378912421751565,0.25989480210395793
0.48441031179376415,0.4754104917901642
0.3686126277474451,0.44855102897942045
0.9515809683806324,0.3846723065538689
0.28235435291294175,0.19429611407771846
0.5642687146257075,0.6488470230595388
0.756684866302674,0.7232055358892823
0.6120277594448111,0.625387492250155
0.18377632447351053,0.14261714765704686
0.5723485530289394,0.5111897762044759
0.03899922001559969,0.04519909601807964
0.7179856402871942,0.6923461530769385
0.051938961220775584,0.06863862722745545
0.11365772684546309,0.1132577348453031
0.2931941361172777,0.33153336933261335
0.5572888542229155,0.47063058738825225
0.22009559808803825,0.18583628327433452
0.1374572508549829,0.18057638847223056
0.2921141577168457,0.41919161616767664
0.42019159616807666,0.5681486370272595
0.27279454410911785,0.27475450490990183
0.7897242055158897,0.9118417631647368
0.22381552368952623,0.3624127517449651
0.1991160176796464,0.3293734125317494
0.12929741405171896,0.34925301493970123
0.48183036339273216,0.5322693546129078
0.9351212975740486,0.8926821463570729
0.9887402251954961,0.9881202375952481
0.32203355932881345,0.47875042499150017
0.7073458530829384,0.7339453210935781
0.49207015859682807,0.5680086398272035
0.6500869982600348,0.7752044959100818
0.013179736405271895,0.043379132417351654
0.29795404091918165,0.25627487450250996
0.08145837083258335,0.16903661926761465
0.9200015999680007,0.9748605027899442
0.5911481770364593,0.753584928301434
0.5373092538149237,0.5335093298134037
0.6853262934741305,0.46211075778484434
0.6598268034639307,0.6619467610647787
0.253294934101318,0.3675326493470131
0.7852242955140898,0.8440031199376012
0.18467630647387054,0.28619427611447773
0.2642947141057179,0.3417331653366933
0.7905441891162177,0.504209915801684
0.05675886482270355,0.028399432011359773
0.0008999820003599929,0.0008399832003359933
0.11515769684606308,0.11009779804403912
0.46007079858402833,0.4739105217895642
0.24267514649707006,0.3159536809263815
0.4533509329813404,0.6022879542409152
0.5092298154036919,0.38761224775504494
0.41357172856542873,0.5713885722285554
0.3453330933381332,0.30535389292214155
0.3286534269314614,0.3672926541469171
0.5224295514089718,0.5191496170076598
0.4891902161956761,0.43163136737265256
0.3544929101417972,0.3357932841343173
0.2012559748805024,0.24379512409751805
0.13013739725205498,0.11483770324593509
0.3142737145257095,0.3553328933421332
0.7302253954920902,0.6943861122777545
0.2573948521029579,0.29625407491850164
0.11123777524449512,0.09051818963620728
0.11375772484550309,0.17359652806943862
0.32861342773144536,0.3145137097258055
0.9736205275894483,0.9789404211915762
0.27115457690846184,0.3528129437411252
0.025959480810383795,0.026979460410791786
0.23243535129297416,0.16899662006759866
0.4752504949901002,0.2869542609147817
0.4118917621647567,0.6414871702565949
0.07271854562908742,0.06813863722725545
0.24215515689686207,0.29179416411671766
0.7429651406971861,0.44891102177956443
0.45525089498210036,0.4818103637927242
0.9878002439951201,0.9912601747965041
0.48383032339353216,0.5310093798124038
0.20709585808283834,0.2978740425191496
0.5977480450390993,0.6718665626687467
0.9855602887942242,0.9881602367952641
0.22201555968880624,0.2922341553168937
0.8320433591328174,0.7161056778864423
0.8114237715245696,0.7786244275114498
0.5472290554188917,0.6079078418431632
0.4538109237815244,0.4761904761904762
0.026019479610407792,0.017659646807063858
0.2653546929061419,0.29539409211815765
0.15677686446271075,0.2719745605087898
0.6616467670646587,0.7803843923121537
0.752104957900842,0.6442471150576988
0.061738765224695506,0.05857882842343153
0.7781244375112498,0.7421651566968661
0.24393512129757405,0.29133417331653366
0.8500829983400332,0.9015619687606248
0.7330453390932181,0.6966060678786424
0.7821243575128498,0.5585088298234036
0.17175656486870264,0.20711585768284635
0.21135577288454233,0.055598888022239557
0.26767464650706985,0.1636167276654467
0.4925501489970201,0.4992500149997
0.9177016459670807,0.8215235695286095
0.14267714645707086,0.24375512489750206
0.23041539169216615,0.22325553488930222
0.41929161416771665,0.19289614207715847
0.12889742205155896,0.17805643887122258
0.9712605747885042,0.9762204755904882
0.9077218455630888,0.9127417451650968
0.31747365052698945,0.33011339773204534
0.8697026059478811,0.9050418991620168
0.6083878322433551,0.48739025219495613
0.049659006819863606,0.09501809963800724
0.29237415251694965,0.2626147477050459
0.7942441151176977,0.8443231135377293
0.8294434111317774,0.8710625787484251
0.4236515269694606,0.14229715405691887
0.6499470010599788,0.630967380652387
0.3320133597328054,0.34535309293814126
0.11059778804423911,0.6920661586768265
0.5758484830303394,0.7082458350832984
0.0038199236015279696,0.04129917401651967
0.5827483450330994,0.5437891242175157
0.7192856142877143,0.6537869242615147
0.3120537589248215,0.23877522449551009
0.8956220875582489,0.8996620067598649
0.6808663826723466,0.6565068698626028
0.883242335153297,0.874802503949921
0.7690246195076099,0.7486850262994741
0.062338753224935504,0.056078878422431554
0.8528029439411212,0.6108077838443231
0.19471610567788644,0.1753564928701426
0.20831583368332635,0.19123617527649447
0.34879302413951724,0.3433931321373573
0.9695206095878083,0.9231215375692486
0.9743005139897203,0.9721805563888722
0.4339513209735805,0.6629867402651948
0.9375212495750085,0.9317413651726966
0.4378912421751565,0.6226875462490751
0.6526869462610748,0.7024859502809944
0.8260034799304015,0.8398832023359533
0.1139377212455751,0.0506789864202716
0.1123577528449431,0.11487770244595108
0.8723225535489291,0.9124617507649847
0.4555708885822284,0.4544709105817884
0.6737465250694986,0.5912881742365153
0.39299214015719686,0.2620147597048059
0.8447231055378893,0.8537629247415052
0.6938461230775385,0.6668066638667227
0.1376172476550469,0.10723785524289514
0.9768004639907202,0.994480110397792
0.6498670026599468,0.623547529049419
0.9317213655726886,0.9311813763724726
0.36543269134617307,0.34467310653786926
0.7380852382952341,0.5465890682186356
0.012239755204895902,0.04361912761744765
0.8444031119377613,0.9084618307633847
0.08985820283594328,0.04635907281854363
0.31891362172756543,0.23085538289234217
0.7024259514809704,0.6659666806663866
0.5615887682246355,0.632487350252995
0.20569588608227837,0.29443411131777364
0.33479330413391734,0.1881362372752545
0.8392032159356814,0.8490830183396333
0.3540129197416052,0.3153736925261495
0.8077838443231136,0.7940441191176176
0.028339433211335776,0.03131937361252775
0.039339213215735684,0.05671886562268755
0.5562088758224836,0.5876882462350753
0.22097558048839025,0.1999360012799744
0.2881742365152697,0.49271014579708405
0.9654006919861603,0.9698406031879363
0.10303793924121518,0.10547789044219116
0.014239715205695887,0.00995980080398392
0.16627667446651068,0.2011359772804544
0.630627387452251,0.6860862782744346
0.30333393332133357,0.43071138577228457
0.8082838343233135,0.8040039199216016
0.6720865582688347,0.8907421851562969
0.035319293614127716,0.037159256814863706
0.07231855362892742,0.05563888722225556
0.37011259774804506,0.3587128257434851
0.3262334753304934,0.500169996600068
0.9167416651666968,0.4798104037919242
0.4941701165976681,0.5438091238175237
0.0866782664346713,0.0879982400351993
0.9851402971940562,0.9898402031959361
0.45639087218255636,0.5877682446351074
0.9816003679926402,0.9812803743925121
0.07427851442971141,0.08601827963440732
0.6017079658406832,0.622167556648867
0.03375932481350373,0.013619727605447891
0.10889782204355913,0.10245795084098318
0.50704985900282,0.4548309033819324
0.0766584668306634,0.09725805483890322
0.11075778484430311,0.14237715245695087
0.7664446711065779,0.759504809903802
0.5841883162336754,0.5326893462130757
0.5743485130297394,0.22179556408871823
0.29565408691826167,0.28595428091438174
0.025419491610167797,0.034499310013799724
0.23007539849203018,0.19169616607667847
0.31237375252494953,0.3142137157256855
0.27881442371152576,0.25205495890082197
0.3129337413251735,0.3647927041459171
0.126317473650527,0.10365792684146317
0.510009799804004,0.36691266174676507
0.622987540249195,0.6172676546469071
0.4046719065618688,0.375332493350133
0.9914601707965841,0.992540149197016
0.35749285014299714,0.4120717585648287
0.2387552248955021,0.25527489450210994
0.12353752924941501,0.1995360092798144
0.9613007739845203,0.9625807483850324
0.6065078698426032,0.6476870462590748
0.20343593128137438,0.8350432991340173
0.3305333893322134,0.4398112037759245
0.618267634647307,0.5529089418211636
0.1394572108557829,0.1767364652706946
0.9454810903781925,0.9692806143877123
0.09253814923701527,0.08973820523589529
0.02747945041099178,0.030819383612327753
0.5563488730225395,0.5317093658126838
0.8598028039439212,0.7771044579108418
0.2262354752904942,0.14807703845923081
0.14747705045899082,0.24715505689886202
0.3497930041399172,0.3003739925201496
0.9350412991740166,0.9191616167676647
0.0878182436351273,0.08921821563568728
0.7522449551008981,0.4519909601807964
0.749405011899762,0.883942321153577
0.5710485790284194,0.37949241015179697
0.9535409291814164,0.9700005999880003
0.26885462290754186,0.2973540529189416
0.6982260354792904,0.6090678186436271
0.17037659246815065,0.12467750644987101
0.30773384532309356,0.25915481690366193
0.7046259074818504,0.8900221995560089
0.9862602747945042,0.9869402611947762
0.8084038319233615,0.8273634527309454
0.8362632747345053,0.8470430591388173
0.5562888742225156,0.50544989100218
0.5893682126357473,0.4692306153876923
0.20495590088198237,0.24211515769684608
0.21637567248655026,0.29241415171696566
0.9903601927961441,0.9595208095838084
0.756464870702586,0.7696646067078659
0.49603007939841204,0.2587148257034859
0.24413511729765405,0.14611707765844684
0.4716905661886762,0.5175496490070198
0.6616867662646747,0.6715065698686027
0.7403451930961381,0.6469270614587709
0.037839243215135696,0.2649947001059979
0.748905021899562,0.7694246115077699
0.005859882802343954,0.004739905201895963
0.24521509569808606,0.2643147137057259
0.10979780404391913,0.11625767484650307
0.4597908041839163,0.6513469730605388
0.6692266154676907,0.7661046779064419
0.2740345193096138,0.7159856802863943
0.2253154936901262,0.08347833043339134
0.1894162116757665,0.20637587248255035
0.39819203615927684,0.5756884862302755
0.04401911961760765,0.03333933321333574
0.752564948701026,0.75882482350353
0.9861802763944721,0.9901001979960401
0.4541909161816764,0.5499690006199877
0.04105917881642367,0.03033939321213576
0.18367632647347054,0.44501109977800446
0.7451850962980741,0.4020119597608048
0.06359872802543949,0.34375312493750126
0.042179156416871665,0.15723685526289474
0.37273254534909306,0.33953320933581327
0.7042859142817144,0.6693066138677227
0.47275054498910024,0.5592888142237156
0.757244855102898,0.7707045859082818
0.7059058818823624,0.6776064478710426
0.623327533449331,0.6583268334633308
0.24557508849823004,0.3918921621567569
0.9172816543669127,0.9529009419811604
0.378792424151517,0.38589228215435695
0.10577788444231116,0.36997260054798903
0.10793784124317514,0.08749825003499931
0.20907581848363033,0.2025959480810384
0.9966200675986481,0.9931001379972401
0.6809463810723786,0.5300693986120277
0.7564848703025939,0.7755444891102178
0.3887522249555009,0.372312553748925
0.7747045059098818,0.7315653686926262
0.48583028339433215,0.40901181976360473
0.12807743845123098,0.15169696606067878
0.9168216635667287,0.8354232915341694
0.8987820243595128,0.8692426151476971
0.33559328813423733,0.31821363572728545
0.377812443751125,0.2013759724805504
0.9003619927601448,0.9096218075638488
0.9070818583628327,0.9051618967620648
0.15831683366332674,0.13029739405211896
0.874442511149777,0.882362352752945
0.1495170096598068,0.1871562568748625
0.17125657486850263,0.2599748005039899
0.21811563768724626,0.5081298374032519
0.47583048339033224,0.40059198816023683
0.17831643367132657,0.12073758524829503
0.9324413511729766,0.9388012239755206
0.49363012739745205,0.41741165176696465
0.879422411551769,0.9265214695706087
0.4304113917721646,0.4387712245755085
0.8642827143457131,0.8759824803503931
0.4417311653766925,0.6623267534649308
0.19895602087958242,0.1881962360752785
0.0039399212015759685,0.0025999480010399792
0.1364972700545989,0.14507709845803085
0.34131317373652525,0.3882722345553089
0.4643107137857243,0.44743105137897243
0.74862502749945,0.3161136777264455
0.881202375952481,0.8345433091338174
0.5778684426311474,0.5642687146257075
0.629367412651747,0.7009659806803864
0.0996380072398552,0.16647667046659068
0.4035519289614208,0.35941281174376516
0.16715665686686268,0.250314993700126
0.13207735845283095,0.14469710605787886
0.9410811783764325,0.9487610247795044
0.33311333773324536,0.27093458130837383
0.374432511349773,0.2758144837103258
0.4125117497650047,0.4619707605847883
0.7363252734945301,0.6921261574768505
0.5181696366072679,0.6417271654566908
0.49895002099958,0.5846483070338594
0.9275014499710006,0.9224015519689607
0.6022279554408912,0.8031039379212416
0.5811883762324753,0.35885282294354115
0.7778444431111378,0.7806043879122417
0.5614087718245635,0.6687466250674987
0.6125677486450272,0.508769824603508
0.3131537369252615,0.41971160576788463
0.25367492650147,0.1760764784704306
0.9169616607667846,0.9520609587808244
0.49653006939861205,0.5422891542169157
0.8270034599308014,0.8989620207595849
0.8027239455210896,0.8346433071338574
0.09639807203855923,0.08111837763244735
0.5589688206235875,0.5809683806323874
0.35833283334333316,0.40711185776284475
0.47087058258834824,0.42095158096838065
0.8521829563408733,0.881762364752705
0.12367752644947101,0.18243635127297456
0.04143917121657567,0.0624787504249915
0.6120477590448191,0.4885902281954361
0.6863462730745385,0.870862582748345
0.051958960820783585,0.05219895602087959
0.8045639087218256,0.750164996700066
0.6569468610627788,0.630427391452171
0.25887482250354993,0.2929141417171657
0.9630007399852003,0.9565808683826323
0.5118697626047479,0.5768484630307394
0.22185556288874222,0.3116137677246455
0.7107257854842903,0.7749645007099858
0.3034939301213976,0.2797544049119018
0.37863242735145297,0.6342273154536909
0.9462810743785125,0.8919621607567849
0.9165816683666327,0.7946441071178577
0.1619167616647667,0.2029959400811984
0.6445071098578029,0.6387072258554829
0.6425871482570349,0.5705285894282115
0.8568628627427451,0.9237215255694886
0.3115937681246375,0.21955560888782225
0.376432471350573,0.3903921921561569
0.5147897042059159,0.46799064018719627
0.6172676546469071,0.5334293314133718
0.9333613327733445,0.9306413871722566
0.2623147537049259,0.20631587368252635
0.5881682366352673,0.514809703805924
0.05561888762224756,0.07939841203175937
0.9103217935641288,0.9187016259674807
0.8906021879562409,0.8429231415371693
0.40865182696346075,0.3266934661306774
0.4257114857702846,0.3898122037559249
0.7858042839143218,0.47475050498990023
0.7041059178816423,0.4157316853662927
0.6492870142597148,0.49461010779784403
0.8421031579368413,0.8364432711345774
0.9041419171616568,0.9492410151796964
0.9713205735885283,0.8971220575588489
0.9202615947681047,0.7009259814803704
0.761104777904442,0.6507269854602908
0.6057478850422992,0.5660486790264195
0.6466470670586588,0.6649467010659788
0.871782564348713,0.874962500749985
0.7308853822923542,0.6144077118457631
0.6739665206695866,0.378772424551509
0.28201435971280575,0.3526529469410612
0.2860542789144217,0.3101737965240695
0.631767364652707,0.5580288394232116
0.9481410371792565,0.9500809983800325
0.4402311953760925,0.4776504469910602
0.16817663646727066,0.4146917061658767
0.9904601907961841,0.991520169596608
0.43307133857322855,0.4407111857762845
0.7113657726845464,0.6968660626787464
0.6598068038639228,0.6912261754764905
0.8596828063438732,0.8506429871402572
0.4631307373852523,0.3290934181316374
0.882102357952841,0.8973820523589529
0.21883562328753425,0.18897622047559048
0.503589928201436,0.45005099898002043
0.25319493610127797,0.23937521249575008
0.7050658986820264,0.7683046339073218
0.04235915281694366,0.04367912641747165
0.039659206815863685,0.04793904121917562
0.3261734765304694,0.247935041299174
0.30683386332273355,0.26985460290794183
0.007639847203055939,0.007359852802943941
0.9140617187656247,0.9418811623767525
0.8133637327253456,0.7815043699126017
0.3656326873462531,0.3488930221395572
0.9549409011819764,0.9631207375852483
0.0501189976200476,0.09349813003739925
0.7048659026819464,0.755884882302354
0.6353872922541549,0.5833683326333473
0.3674126517469651,0.42271154576908465
0.6448471030579389,0.7388252234955301
0.7847843043139138,0.7068658626827463
0.5529889402211956,0.4748305033899322
0.5215095698086039,0.514009719805604
0.5646287074258515,0.5262894742105159
0.008319833603327933,0.01383972320553589
0.374032519349613,0.5669686606267875
0.618287634247315,0.6154876902461951
0.07901841963160737,0.0754384912301754
0.7911441771164577,0.7891842163156737
0.8508429831403372,0.8503629927401453
0.5791684166316674,0.6207275854482911
0.018239635207295855,0.03465930681386373
0.09501809963800724,0.07139857202855943
0.28555428891422174,0.3515329693406132
0.9216215675686487,0.9443211135777285
0.16121677566448672,0.1769564608707826
0.3149737005259895,0.24507509849803005
0.5597688046239075,0.4886902261954761
0.10741785164296715,0.09693806123877523
0.6376872462550749,0.7177256454870903
0.7875042499150017,0.7336653266934662
0.8751624967500651,0.8492830143397132
0.4291114177716446,0.3888122237555249
0.5315493690126197,0.8360832783344333
0.9210615787684246,0.9317813643727125
0.7587848243035139,0.7664246715065699
0.6581668366632668,0.6118877622447552
0.5624687506249875,0.5080098398032039
0.5779684406311874,0.5955080898382032
0.4640707185856283,0.47223055538889225
0.5115497690046199,0.635007299854003
0.6810663786724266,0.6560068798624028
0.04475910481790364,0.03445931081378373
0.1632367352652947,0.24227515449691006
0.5253094938101238,0.5266094678106438
0.33557328853422935,0.378912421751565
0.7051058978820424,0.9615607687846244
0.2875542489150217,0.28641427171456574
0.7880442391152177,0.7145457090858183
0.4774104517909642,0.4911101777964441
0.7279054418911622,0.8051438971220576
0.508509829803404,0.4803103937921242
0.30823383532329357,0.3601527969440611
0.5276894462110758,0.4719105617887642
0.6837663246735065,0.6015279694406112
0.47033059338813227,0.4399512009759805
0.5831883362332754,0.5586088278234436
0.629647407051859,0.631747365052699
0.5590288194236116,0.7204255914881703
0.752304953900922,0.7889642207155857
0.7770244595108098,0.9722405551888963
0.9691006179876402,0.9683006339873202
0.5722485550288995,0.5586288274234515
0.8345433091338174,0.8101437971240576
0.6106277874442512,0.6142477150456991
0.6121677566448671,0.5544289114217715
0.49379012419751606,0.44571108577828444
0.2768144637107258,0.24677506449871003
0.2400751984960301,0.23457530849383013
0.5491090178196436,0.5769084618307634
0.868482630347393,0.748405031899362
0.8215635687286255,0.8134837303253936
0.7256454870902582,0.7066058678826423
0.28451430971380576,0.3545529089418212
0.5335293294134118,0.889082218355633
0.9274414511709766,0.9120417591648168
0.9306013879722406,0.9401611967760645
0.027839443211135777,0.045499090018199635
0.5636687266254675,0.5446691066178677
0.18047639047219055,0.20777584448311034
0.8500429991400172,0.7983840323193536
0.6397272054558909,0.6389072218555629
0.06579868402631947,0.019679606407871843
0.3347533049339013,0.3507529849403012
0.8547029059418811,0.7915641687166257
0.883082338353233,0.8719825603487931
0.4226315473690526,0.4065718685626288
0.4202315953680926,0.5454690906181876
0.9380612387752245,0.9512409751804964
0.3891722165556689,0.47113057738845227
0.6068478630427392,0.6150676986460271
0.007779844403111938,0.008199836003279934
0.9201415971680567,0.8886622267554649
0.1760164796704066,0.375592488150237
0.1776164476710466,0.17539649207015862
0.6700665986680266,0.6849663006739866
0.4534709305813884,0.47067058658826827
0.2120557588848223,0.19727605447891042
0.5222695546089079,0.4249915001699966
0.8540429191416172,0.884122317553649
0.06153876922461551,0.053178936421271576
0.7904641907161857,0.8325833483330334
0.37171256574868505,0.2770144597108058
0.6127077458450831,0.6770264594708106
0.7309653806923861,0.6069278614427711
0.375372492550149,0.4563708725825484
0.47927041459170816,0.4042719145617088
0.03527929441411172,0.02911941761164777
0.1755364892702146,0.13125737485250297
0.23573528529429413,0.33347333053338934
0.5519289614207716,0.5563888722225556
0.07689846203075938,0.16559668806623867
0.5341693166136677,0.5352292954140917
0.867342653146937,0.8732225355492891
0.885502289954201,0.9065418691626168
0.18403631927361452,0.1983960320793584
0.4393712125757485,0.4851902961940761
0.6701865962680746,0.6309273814523709
0.3666126677466451,0.23179536409271814
0.7168456630867382,0.7725245495090098
0.4302513949721006,0.43199136017279655
0.5438291234175316,0.5136297274054519
0.9574608507829844,0.9624407511849763
0.20289594208115838,0.14119717605647888
0.9547809043819124,0.9053218935621288
0.44215115697686047,0.2385352292954141
0.7871842563148738,0.5714085718285634
0.20559588808223836,0.18379632407351854
0.23943521129577408,0.502169956600868
0.21651566968660627,0.3371132577348453
0.74682506349873,0.7303853922921542
0.6887262254754906,0.6355872882542349
0.5242295154096919,0.5896682066358673
0.9489010219795604,0.9422811543769125
0.6008679826403472,0.635107297854043
0.9378812423751526,0.9303213935721286
0.10181796364072719,0.11615767684646308
0.02125957480850383,0.014439711205775885
0.9002219955600889,0.3664326713465731
0.7832443351132977,0.8655426891462171
0.38063238735225297,0.4287514249715006
0.5206495870082598,0.5138697226055479
0.6067078658426832,0.5067498650026999
0.11559768804623909,0.1505369892602148
0.9844403111937762,0.9894002119957601
0.9666006679866403,0.9686806263874723
0.9155416891662167,0.8972020559588808
0.8580628387432252,0.8880622387552249
0.07335853282934342,0.17169656606867864
0.01863962720745585,0.020899582008359834
0.4816903661926762,0.5082098358032839
0.9340613187736245,0.9365412691746166
0.06737865242695146,0.06569868602627947
0.10923781524369514,0.10067798644027119
0.10819783604327914,0.3279534409311814
0.7347653046939061,0.6187076258474831
0.19729605407891843,0.16781664366712667
0.32277354452910945,0.25645487090258196
0.8513429731405372,0.48131037379252417
0.2730745385092298,0.19203615927681447
0.25629487410251794,0.1772164556708866
0.9510009799804005,0.9494410111797764
0.3166936661266775,0.4511309773804524
0.7067058658826824,0.40875182496350076
0.9637207255854883,0.8705825883482331
0.11965760684786304,0.13557728845423092
0.4233115337693246,0.4360712785744285
0.8228035439291215,0.8025039499210016
0.030059398812023762,0.04113917721645567
0.23897522049559008,0.18683626327473452
0.8077638447231056,0.8433631327373453
0.8106837863242735,0.47155056898862024
0.21687566248675028,0.33559328813423733
0.6864462710745786,0.6818863622727546
0.25407491850163,0.47257054858902825
0.876822463550729,0.867102657946841
0.5519089618207637,0.4605307893842123
0.9259814803703926,0.9400411991760165
0.751044979100418,0.7476850462990741
0.4869102617947641,0.5226895462090758
0.5708485830283394,0.29195416091678167
0.25187496250075,0.6890862182756345
0.05543889122217556,0.1507569848603028
0.09459810803783925,0.09577808443831123
0.2375352492950141,0.09203815923681527
0.5882482350352993,0.6510069798604028
0.9411611767764645,0.9378012439751205
0.4864302713945721,0.4410311793764125
0.6408271834563309,0.44879102417951644
0.22109557808843824,0.17691646167076658
0.9301613967720646,0.8678226435471291
0.2634547309053819,0.3156136877262455
0.8903421931561369,0.8971820563588728
0.12813743725125498,0.13123737525249496
0.18599628007439853,0.23025539489210217
0.8044439111217776,0.8339833203335933
0.6959460810783784,0.6433071338573229
0.6121877562448751,0.50294994100118
0.8196036079278415,0.19891602167956643
0.7932841343173137,0.7440451190976181
0.3116737665246695,0.5250294994100119
0.6669266614667707,0.6859662806743866
0.9428811423771525,0.9086818263634727
0.2012359752804944,0.09365812683746326
0.7954040919181616,0.8573228535429291
0.38641227175456494,0.4149517009659807
0.11497770044599108,0.5833283334333313
0.38487230255394894,0.44365112697746045
0.4528309433811324,0.4198316033679327
0.8001239975200496,0.7929841403171937
0.24785504289914204,0.2122357552848943
0.022839543209135817,0.021999560008799823
0.7637847243055139,0.8301433971320574
0.5937081258374832,0.6924061518769625
0.6573268534629307,0.7230255394892102
0.5318893622127557,0.5707685846283075
0.33205335893282134,0.4051918961620768
0.7985040299194016,0.8388432231355373
0.4140117197656047,0.4490510189796204
0.33489330213395735,0.2943941121177577
0.4375712485750285,0.372952540949181
0.10493790124197516,0.06137877242455151
0.21683566328673426,0.25525489490210196
0.9836803263934721,0.9902001959960801
0.39289214215715684,0.24123517529649408
0.754044919101618,0.752484950300994
0.6012879742405152,0.6653066938661227
0.06623867522649547,0.06789864202715946
0.16841663166736665,0.1743765124697506
0.9259014819703606,0.7882242355152898
0.20499590008199836,0.21707565848683028
0.8662026759464811,0.7789244215115698
0.7944041119177617,0.7221655566888663
0.9225015499690007,0.9382612347753045
0.0251794964100718,0.048739025219495614
0.14115717685646287,0.26777464450710986
0.0626787464250715,0.020879582408351832
0.0039799204015919685,0.0015799684006319874
0.885322293554129,0.8575028499430012
0.8321433571328574,0.8980020399592008
0.45445091098178036,0.506489870202596
0.7861842763144737,0.7822843543129138
0.5042499150017,0.24353512929741405
0.9440811183776325,0.8608627827443451
0.28371432571348576,0.3113537729245415
0.8656826863462731,0.7919041619167617
0.34517309653806927,0.3533329333413332
0.753264934701306,0.5597288054238916
0.7041459170816584,0.7454850902981941
0.7237455250894982,0.7122257554848903
0.04131917361652767,0.0502989940201196
0.9163216735665287,0.8929421411571768
0.4815303693926122,0.5725085498290035
0.636827263454731,0.6218875622487551
0.8006039879202417,0.7733645327093458
0.3259134817303654,0.3391532169356613
0.9823203535929281,0.9838003239935201
0.8517029659406812,0.7110857782844343
0.4882502349953001,0.44113117737645247
0.4236115277694446,0.4202315953680926
0.7460850782984341,0.6792264154716906
0.34627307453850925,0.39703205935881286
0.6555868882622348,0.376632467350653
0.7072458550828984,0.6689666206675867
0.3469930601387972,0.3174936501269975
0.3612927741445171,0.7815643687126258
0.8472430551388973,0.8667426651466971
0.5762884742305154,0.627527449451011
0.26211475770484594,0.2756544869102618
0.3505529889402212,0.17115657686846264
0.5337493250134997,0.5286494270114598
0.8596228075438491,0.8902421951560969
0.19901601967960642,0.1899562008759825
0.9820203595928082,0.8399632007359853
0.13063738725225496,0.1380372392552149
0.053378932421351576,0.07259854802903942
0.44709105817883643,0.4859902801943961
0.7250054998900022,0.6815463690726186
0.4639907201855963,0.5832083358332834
0.7957040859182817,0.7666446671066579
0.27245455090898185,0.2752544949101018
0.11697766044679107,0.0884782304353913
0.5685686286274275,0.6027879442411151
0.4527709445811084,0.872382552348953
0.16869662606747865,0.17869642607147856
0.5405691886162277,0.5929881402371953
0.8136237275254495,0.7928841423171537
0.20309593808123838,0.11595768084638308
0.012119757604847903,0.01009979800403992
0.44469110617787644,0.5055898882022359
0.8459030819383613,0.7204055918881622
0.8532629347413052,0.8297434051318974
0.22925541489170218,0.20467590648187037
0.19381612367752646,0.19147617047659046
0.375072498550029,0.44027119457610847
0.5655886882262355,0.46893062138757224
0.20599588008239836,0.5294494110117798
0.05323893522129557,0.04929901401971961
0.4181316373672527,0.4266114677706446
0.36571268574628507,0.38635227295454094
0.747985040299194,0.7971440571188576
0.7430851382972341,0.8041639167216655
0.08161836763264735,0.05127897442051159
0.24989500209995802,0.2150956980860383
0.5442691146177077,0.6529069418611628
0.5623087538249235,0.5237495250094998
0.1004779904401912,0.10333793324133518
0.05655886882262355,0.05755884882302354
0.8603027939441211,0.8660026799464011
0.3167336653266935,0.2970140597188056
0.034939301213975725,0.14455710885782286
0.9663406731865363,0.9497410051798965
0.24491510169796604,0.36063278734425314
0.8922821543569129,0.9129817403651928
0.5966080678386433,0.6182276354472911
0.23213535729285414,0.2575148497030059
0.9621007579848403,0.9382812343753125
0.27109457810843784,0.28077438451230974
0.008339833203335933,0.1905361892762145
0.3032539349213016,0.08109837803243936
0.3283134337313254,0.14743705125897483
0.3004539909201816,0.35555288894222115
0.8965420691586169,0.8982820343593129
0.07315853682926342,0.04019919601607968
0.6660466790664187,0.6735865282694347
0.9644607107857843,0.9704605907881843
0.36765264694706107,0.38663226735465295
0.998280034399312,0.999060018799624
0.6611067778644427,0.6484470310593788
0.9052818943621128,0.9148817023659527
0.7836443271134578,0.8325233495330093
0.21729565408691828,0.2903741925161497
0.15815683686326273,0.14575708485830283
0.2374952500949981,0.3295534089318214
0.7868442631147378,0.7381452370952581
0.057998840023199535,0.03377932441351173
0.2872342553148937,0.38151236975260494
0.07283854322913542,0.09427811443771125
0.5689686206275875,0.7805843883122338
0.4355512889742205,0.41031179376412474
0.03447931041379172,0.026019479610407792
0.4297314053718926,0.3116737665246695
0.5489490210195797,0.6102077958440831
0.22889542209155816,0.16757664846703066
0.3571728565428692,0.3358932821343573
0.46245075098498034,0.5131697366052679
0.15599688006239876,0.08309833803323934
0.43009139817203657,0.4891302173956521
0.8199036019279615,0.7828443431131378
0.7404851902961941,0.6607867842643147
0.44381112377752446,0.3871122577548449
0.624707505849883,0.4375112497750045
0.9283614327713446,0.8548229035419292
0.3320733585328294,0.01757964840703186
0.5628287434251316,0.6378072438551229
0.7078458430831384,0.7650446991060179
0.5909681806363873,0.6217475650486991
0.7173056538869222,0.7305453890922182
0.4871102577948441,0.4134717305653887
0.5125697486050279,0.4381712365752685
0.3362532749345013,0.377272454550909
0.9523609527809445,0.9206815863682727
0.6112877742445151,0.380452390952181
0.1380772384552309,0.33391332173356536
0.17679646407071858,0.21755564888702228
0.9736605267894642,0.9794204115917682
0.6045479090418192,0.6033079338413232
0.015299694006119878,0.033119337613247736
0.11735765284694306,0.08263834723305534
0.881622367552649,0.879922401551969
0.23229535409291815,0.2731145377092458
0.01913961720765585,0.024839503209935804
0.0991980160396792,0.10299794004119918
0.3949121017579649,0.43339133217335657
0.8633627327453451,0.8798624027519449
0.021859562808743824,0.016819663606727864
0.07235855282894342,0.24729505409891803
0.626167476650467,0.35383292334153316
0.9772004559908802,0.9808203835923281
0.39757204855902883,0.3014539709205816
0.4727105457890842,0.375992480150397
0.6123277534449312,0.5796284074318514
0.37543249135017304,0.3633527329453411
0.24851502969940603,0.3142737145257095
0.06537869242615148,0.09711805763884723
0.07857842843143137,0.06013879722405552
0.2903941921161577,0.2256954860902782
0.7904041919161617,0.7373052538949221
0.28117437651246974,0.3285134297314054
0.15109697806043879,0.23321533569328615
0.03153936921261575,0.20687586248275036
0.8075638487230256,0.7993040139197216
0.10713785724285514,0.4494510109797804
0.35521289574208514,0.7181056378872422
0.20491590168196636,0.1375572488550229
0.5346493070138597,0.5995080098398032
0.7656446871062579,0.6687066258674826
0.5889082218355634,0.5997680046399072
0.08187836243275134,0.2025759484810304
0.14547709045819085,0.13119737605247894
0.999880002399952,0.999760004799904
0.3348733025339493,0.27315453690926184
0.8582028359432812,0.9358612827743445
0.378572428551429,0.4647707045859083
0.1635967280654387,0.2991740165196696
0.3217135657286854,0.2730145397092058
0.7048859022819544,0.6655466890662187
0.5518689626207476,0.5594888102237956
0.7402251954960901,0.6673666526669467
0.8204835903281935,0.5162696746065079
0.26893462130757384,0.2160956780864383
0.7863242735145297,0.6981060378792424
0.1995360092798144,0.2007759844803104
0.9284814303713926,0.9156616867662647
0.23543529129417412,0.20739585208295835
0.17851642967140657,0.16629667406651868
0.7235055298894022,0.8747025059498811
0.5771284574308514,0.3221135577288454
0.24751504969900603,0.2721945561088778
0.28195436091278175,0.38967220655586887
0.46997060058798823,0.4264914701705966
0.8358232835343293,0.9567208655826884
0.8103837923241536,0.754404911901762
0.13149737005259896,0.20745585088298235
0.6832063358732826,0.9093618127637447
0.5569488610227795,0.48617027659446815
0.47281054378912424,0.4778904421911562
0.21233575328493431,0.052858942821143576
0.07313853722925542,0.0627187456250875
0.34867302653946924,0.31529369412611746
0.8098838023239535,0.8155036899262015
0.8080438391232175,0.7116657666846663
0.7880242395152097,0.7608247835043299
0.512389752204956,0.5776284474310514
0.2401351972960541,0.38131237375252497
0.07307853842923141,0.09279814403711927
0.633167336653267,0.6802063958720825
0.4127517449651007,0.43433131337373254
0.624427511449771,0.5125897482050359
0.5921281574368513,0.5626087478250436
0.3516729665406692,0.2019759604807904
0.6386872262554749,0.6437671246575069
0.045619087618247636,0.07985840283194337
0.48515029699406015,0.5521889562208756
0.8341433171336573,0.7852042959140817
0.7604847903041939,0.7817243655126898
0.13513729725405493,0.12229755404891902
0.7196256074878503,0.74452510949781
0.28287434251314975,0.25317493650127
0.047119057618847625,0.03891922161556769
0.9665206695866083,0.9604207915841684
0.2264954700905982,0.2874342513149737
0.48485030299394016,0.3909121817563649
0.8464830703385933,0.880002399952001
0.4764704705905882,0.6517469650606988
0.9950200995980081,0.9923001539969201
0.3864522709545809,0.4011519769604608
0.32157356852862945,0.25617487650246995
0.3553528929421412,0.7373452530949381
0.41889162216755665,0.4860302793944121
0.3369932601347973,0.2690146197076059
0.10519789604207916,0.1509769804603908
0.36069278614427713,0.41363172736545273
0.5879482410351793,0.3246935061298774
0.6450670986580269,0.15953680926381472
0.06163876722465551,0.03489930201395972
0.9634207315853683,0.9876402471950562
0.9408211835763285,0.9783204335913283
0.1861562768744625,0.14663706725865483
0.5863682726345474,0.6740665186696266
0.31757364852702946,0.29373412531749366
0.5899682006359873,0.6128477430451391
0.21601567968640628,0.4555708885822284
0.6334273314533709,0.4361712765744685
0.42065158696826066,0.2649547009059819
0.6502269954600908,0.3656726865462691
0.6821263574728506,0.8033439331213376
0.5422091558168837,0.6147877042459151
0.39503209935801287,0.3964520709585808
0.9836003279934402,0.9752004959900802
0.061018779624407514,0.0629187416251675
0.253154936901262,0.24699506009879804
0.9648407031859363,0.9661606767864643
0.24987500249995,0.29933401331973364
0.3138537229255415,0.3903321933561329
0.9255014899702007,0.9344013119737605
0.5238295234095318,0.5200895982080359
0.5148297034059319,0.5578888422231556
0.502169956600868,0.5857082858342834
0.1508569828603428,0.20893582128357432
0.022099558008839823,0.01865962680746385
0.9929001419971601,0.9942801143977121
0.9884002319953601,0.9878202435951281
0.6919061618767625,0.6101477970440592
0.5653686926261475,0.5386492270154597
0.7671046579068419,0.8885422291554169
0.7998640027199456,0.8354832903341933
0.2352152956940861,0.07203855922881543
0.7764444711105778,0.8265634687306254
0.8290034199316014,0.7977440451190977
0.8991820163596729,0.9049619007619848
0.5636887262254755,0.50254994900102
0.7258854822903542,0.5958280834383313
0.29001419971600567,0.25685486290274195
0.25237495250095,0.3256534869302614
0.48437031259374813,0.4382512349753005
0.3025339493210136,0.2741545169096618
0.8040039199216016,0.8414631707365853
0.5419891602167957,0.8751624967500651
0.4184716305673887,0.44217115657686845
0.3542129157416852,0.3390732185356293
0.4377112457750845,0.5382692346153077
0.5811483770324594,0.6406071878562429
0.6943461130777385,0.8644227115457691
0.6522869542609148,0.6636267274654507
0.764544709105818,0.7248855022899542
0.28251434971300576,0.2585348293034139
0.626827463450731,0.5813283734325314
0.2269354612907742,0.23483530329393412
0.029739405211895765,0.027879442411151777
0.5159696806063879,0.6520069598608028
0.9824603507929842,0.9860602787944241
0.2622547549049019,0.2255754884902302
0.631207375852483,0.5660686786264275
0.48623027539449215,0.6030479390412192
0.754004919901602,0.6673466530669386
0.7069658606827863,0.5368492630147397
0.21723565528689426,0.19817603647927043
0.7681446371072579,0.765684686306274
0.4545509089818204,0.7332653346933061
0.5454490910181796,0.5545089098218036
0.9294414111717766,0.9446811063778725
0.44489110217795647,0.4413111737765245
0.5175096498070039,0.4264114717705646
0.02141957160856783,0.034119317613647726
0.5380692386152277,0.5572688546229075
0.9309613807723846,0.9794604107917843
0.6034079318413632,0.49721005579888405
0.7729045419091618,0.7852442951140978
0.10775784484310315,0.0863182736345273
0.049739005219895605,0.06149877002459951
0.4030119397612048,0.4023919521609568
0.5960880782384352,0.5938281234375312
0.7504049919001621,0.7811843763124737
0.44481110377792443,0.6798664026719465
0.625107497850043,0.6740065198696026
0.4125317493650127,0.29751404971900564
0.6971060578788425,0.7189256214875702
0.19323613527729447,0.15901681966360673
0.762384752304954,0.7906841863162737
0.6100677986440272,0.6526269474610508
0.8609027819443611,0.883842323153537
0.27749445011099777,0.33183336333273333
0.5894482110357793,0.5743085138297235
0.739605207895842,0.7610247795044099
0.3529929401411972,0.2918141637167257
0.7064058718825623,0.625807483850323
0.7095858082838343,0.7094658106837863
0.8824823503529929,0.8353632927341453
0.4554508909821804,0.4256514869702606
0.2763144737105258,0.26971460570788586
0.05191896162076759,0.21107577848443032
0.12171756564868703,0.14661706765864682
0.9042219155616888,0.8893222135557289
0.30545389092218156,0.3132537349253015
0.38143237135257296,0.45417091658166836
0.19363612727745447,0.24169516609667807
0.2833543329133417,0.32009359812803745
0.45787084258314836,0.381012379752405
0.8320633587328253,0.76522469550609
0.4656506869862603,0.4660706785864283
0.003259934801303974,0.01623967520649587
0.20987580248395032,0.36721265574688505
0.6676066478670427,0.7071458570828584
0.3562528749425012,0.2016559668806624
0.5561888762224756,0.5777284454310914
0.1505569888602228,0.17817643647127057
0.7924241515169697,0.7853842923141537
0.7409851802963942,0.8529229415411692
0.5977280454390912,0.7839443211135777
0.04887902241955161,0.04183916321673567
0.6588868222635548,0.7153656926861462
0.633607327853443,0.6040679186416272
0.9496810063798724,0.9445011099778005
0.630167396652067,0.6117477650446991
0.34389312213755724,0.43405131897362054
0.382272354552909,0.3308133837323254
0.6169676606467871,0.5867882642347153
0.6578668426631468,0.870322593548129
0.46811063778724427,0.6697866042679147
0.9760204795904083,0.9740405191896162
0.7184256314873703,0.7310853782924341
0.9558208835823284,0.7715645687086259
0.23737525249495012,0.25843483130337397
0.3094938101237975,0.28385432291354173
0.8151636967260655,0.8433431331373373
0.6630467390652187,0.6395472090558189
0.2920941581168377,0.3103537929241415
0.6811663766724666,0.5848283034339313
0.4026719465610688,0.8096638067238655
0.619427611447771,0.6481470370592588
0.875422491550169,0.8975820483590329
0.28191436171276574,0.32317353652926945
0.14685706285874284,0.2763944721105578
0.8037439251214976,0.7040459190816184
0.40927181456370876,0.4694706105877883
0.4436111277774445,0.40271194576108477
0.12109757804843904,0.13577728445431092
0.28807423851522973,0.22387552248955023
0.36851262974740506,0.26685466290674187
0.6172076558468831,0.9154016919661607
0.4885502289954201,0.4134917301653967
0.24071518569628608,0.2671746565068699
0.36635267294654106,0.23513529729405414
0.5407291854162917,0.6813663726725466
0.7299254014919702,0.8253234935301295
0.6785264294714106,0.6087278254434911
0.11685766284674307,0.1502169956600868
0.2134557308853823,0.19489610207795846
0.3892122157556849,0.34639307213855725
0.7139657206855863,0.4437911241775165
0.6745465090698186,0.5212095758084838
0.503489930201396,0.5905481890362193
0.6832263354732906,0.7037259254814904
0.23197536049279016,0.1874962500749985
0.45473090538189237,0.40687186256274877
0.19921601567968641,0.18837623247535049
0.1114177716445671,0.08417831643367132
0.25847483050338993,0.25857482850342994
0.5194896102077958,0.4658106837863243
0.9335613287734246,0.8543029139417212
0.1486570268594628,0.04785904281914362
0.7046659066818663,0.746345073098538
0.8364832703345934,0.8394632107357853
0.8851022979540409,0.8942821143577129
0.9597208055838884,0.9339613207735845
0.8570628587428252,0.883322333553329
0.6514069718605628,0.6006479870402592
0.6301273974520509,0.5994480110397792
0.15645687086258275,0.10237795244095119
0.37069258614827705,0.42449151016979664
0.24221515569688606,0.17711645767084658
0.38773224535509293,0.3493930121397572
0.07197856042879143,0.06359872802543949
0.2119157616847663,0.29281414371712566
0.6551668966620667,0.5699086018279634
0.877202455950881,0.887562248755025
0.5957680846383072,0.7332253354932902
0.9099818003639928,0.9247215055698886
0.6673466530669386,0.39555208895822086
0.4797504049919002,0.37179256414871703
0.21287574248515032,0.2812943741125178
0.5749685006299874,0.47139057218855623
0.12101757964840704,0.12303753924921502
0.31661366772664545,0.30631387372252555
0.17003659926801465,0.08289834203315934
0.05899882002359953,0.044999100017999644
0.9308413831723366,0.7861842763144737
0.27401451970960583,0.1888162236755265
0.3371532569348613,0.50384992300154
0.04835903281934362,0.05191896162076759
0.02907941841163177,0.023619527609447813
0.7779444411111778,0.869502609947801
0.8644627107457851,0.8716025679486411
0.9061018779624408,0.9509809803803925
0.627807443851123,0.9805003899922002
0.03609927801443971,0.032419351612967745
0.003499930001399972,0.057318853622927546
0.8297234055318894,0.8463030739385212
0.6893062138757226,0.6643667126657468
0.15667686646267076,0.19499610007799845
0.8842023159536809,0.884362312753745
0.626407471850563,0.4747105057898842
0.4647707045859083,0.26869462610747785
0.07941841163176737,0.08363832723345534
0.2660746785064299,0.28211435771284576
0.9371812563748725,0.9431011379772405
0.870762584748305,0.8273434531309374
0.43311133777324456,0.48773024539509213
0.8078638427231456,0.8002839943201137
0.4639507209855803,0.374612507749845
0.8471830563388733,0.8528029439411212
0.617367652646947,0.3413731725365493
0.503089938201236,0.5175696486070279
0.11911761764764706,0.8426231475370493
0.7620847583048339,0.4014319713605728
0.06949861002779945,0.08297834043319134
0.9686806263874723,0.6583468330633387
0.762264754704906,0.5416691666166676
0.3438531229375413,0.47195056098878024
0.30561388772224557,0.5095098098038039
0.21897562048759026,0.22019559608807823
0.6933061338773224,0.3236535269294614
0.9565608687826244,0.9554408911821763
0.6608667826643467,0.7301853962920741
0.07107857842843143,0.050758984820303596
0.7066858662826744,0.7806443871122578
0.8282634347313054,0.8582428351432971
0.2661946761064779,0.4682706345873083
0.9707005859882802,0.9691206175876482
0.50004999900002,0.4482910341793164
0.5139697206055879,0.4024119517609648
0.381012379752405,0.33605327893442133
0.12293754124917503,0.124757504849903
0.18093638127237455,0.3051338973220536
0.5220495590088199,0.25117497650047
0.5774284514309714,0.20789584208315834
0.9803803923921522,0.9809403811923761
0.3334933301333973,0.34591308173836527
0.3613527729445411,0.4477310453790924
0.377372452550949,0.43547129057418854
0.26623467530649386,0.4107317853642927
0.4770304593908122,0.5443891122177557
0.8478030439391212,0.32089358212835745
0.5898682026359473,0.5942881142377152
0.46617067658646827,0.47995040099198016
0.25935481290374196,0.13215735685286295
0.32249355012899744,0.3901521969560609
0.4288514229715406,0.24431511369772604
0.9409611807763845,0.9338413231735365
0.6721865562688747,0.7307053858922822
0.1360972780544389,0.16679666406671867
0.28281434371312575,0.28325433491330176
0.7698446031079379,0.7722645547089059
0.9094618107637847,0.9306813863722726
0.5729085418291634,0.7252654946901063
0.7157456850862983,0.6829663406731865
0.7397052058958821,0.7225855482890342
0.49121017579648407,0.3083938321233575
0.26257474850502993,0.3149937001259975
0.36737265254694906,0.376452470950581
0.16641667166656668,0.1987960240795184
0.125317493650127,0.17353652926941462
0.4412711745765085,0.5270694586108278
0.10631787364252715,0.0765584688306234
0.9077818443631128,0.8518029639407212
0.18109637807243856,0.18377632447351053
0.6944861102777945,0.7161656766864662
0.42145157096858066,0.8996020079598408
0.504929901401972,0.745345093098138
0.06727865442691146,0.09759804803903922
0.3130337393252135,0.30547389052218954
0.9445211095778084,0.32997340053198937
0.18489630207395852,0.08149837003259935
0.372272554548909,0.41959160816783664
0.01881962360752785,0.027039459210815783
0.38191236175276494,0.1997760044799104
0.6889062218755625,0.6392672146557069
0.5261894762104758,0.637847243055139
0.7746245075098498,0.5739085218295634
0.8103237935241295,0.8078638427231456
0.7725645487090258,0.9899802003959921
0.5509689806203876,0.5770084598308034
0.9804803903921921,0.9661406771864564
0.009519809603807924,0.006119877602447951
0.8231435371292575,0.869042619147617
0.5260894782104358,0.4589908201835963
0.2765944681106378,0.4270714585708286
0.24573508529829405,0.25977480450390994
0.00875982480350393,0.01007979840403192
0.49299014019719606,0.4640907181856363
0.6994860102797944,0.7302853942921141
0.8509629807403852,0.8497430051398972
0.6788264234715305,0.5432291354172917
0.9492410151796964,0.9215415691686166
0.633727325453491,0.48709025819483615
0.1135777284454311,0.0756584868302634
0.39237215255694885,0.34181316373672527
0.10765784684306315,0.0637787244255115
0.06903861922761545,0.06577868442631148
0.10639787204255916,0.13663726725465491
0.5622687546249076,0.512409751804964
0.5366292674146518,0.5618087638247236
0.12385752284954302,0.4656906861862763
0.9409011819763605,0.9362812743745126
0.04917901641967161,0.04101917961640767
0.41899162016759667,0.35513289734205317
0.7707445851082979,0.7742845143097138
0.03285934281314374,0.058418831623367536
0.8355832883342333,0.8611627767444652
0.9354212915741685,0.9024019519609608
0.6900661986760265,0.871542569148617
0.50294994100118,0.4028519429611408
0.4870702585948281,0.633267334653307
0.9573208535829284,0.9665406691866163
0.7734445311093778,0.9307213855722886
0.624567508649827,0.6116477670446592
0.3445331093378133,0.38289234215315693
0.3163936721265575,0.5193696126077478
0.3003339933201336,0.26149477010459793
0.002139957200855983,0.005459890802183957
0.21121577568448632,0.3575728485430292
0.04243915121697566,0.04859902801943961
0.36245275094498114,0.21701565968680628
0.6132277354452911,0.7680446391072179
0.6622867542649147,0.5813083738325233
0.9591008179836403,0.9665206695866083
0.26605467890642187,0.46229075418491633
0.1391372172556549,0.40471190576188476
0.7929441411171777,0.7723445531089379
0.9821603567928642,0.9875402491950162
0.6817663646727066,0.4137717245655087
0.3517729645407092,0.2640147197056059
0.8186836263274735,0.8141237175256495
0.8380232395352093,0.7820043599128018
0.9540809183816324,0.9483810323793525
0.6488870222595549,0.624387512249755
0.8243235135297294,0.8084238315233696
0.07701845963080739,0.0636187276254475
0.7186256274874503,0.6031279374412511
0.2910141797164057,0.3262534749305014
0.18175636487270255,0.15429691406171878
0.08029839403211936,0.1387572248555029
0.9801403971920561,0.9796804063918721
0.376552468950621,0.4398712025759485
0.8975020499590008,0.8870622587548249
0.20503589928201438,0.2628747425051499
0.07277854442911141,0.6350472990540189
0.5320893582128358,0.5319893602127957
0.5663086738265235,0.6046079078418432
0.48407031859362815,0.5167696646067079
0.7076258474830504,0.8472630547389053
0.8102637947241056,0.7980240395192096
0.878162436751265,0.498970020599588
0.6407871842563149,0.8702825943481131
0.4134317313653727,0.30635387292254157
0.4501509969800604,0.16167676646467072
0.5973480530389392,0.5534289314213716
0.7267854642907142,0.763284734305314
0.9782004359912803,0.9736405271894563
0.7257454850902982,0.871582568348633
0.1766364672706546,0.1648367032659347
0.3902521949561009,0.26217475650486993
0.14749705005899882,0.14943701125977482
0.3869522609547809,0.5685486290274194
0.6924061518769625,0.6899862002759946
0.6951260974780504,0.6571068578628427
0.32019359612807746,0.4715705685886282
0.022199556008879823,0.01883962320753585
0.8614227715445691,0.8162236755264894
0.017139657206855865,0.03521929561408772
0.8051038979220416,0.7435251294974101
0.0875782484350313,0.17391652166956661
0.7376052478950421,0.7665246695066099
0.31927361452770947,0.1515769684606308
0.48323033539329213,0.5589288214235716
0.33377332453350933,0.6537669246615068
0.9304813903721926,0.9619607607847843
0.752404951900962,0.8391832163356733
0.20681586368272636,0.2774744505109898
0.7122657546849063,0.5329693406131878
0.8706025879482411,0.9264214715705686
0.005519889602207956,0.010319793604127919
0.4285314293714126,0.6424871502569949
0.9469210615787684,0.9186016279674407
0.6662266754664907,0.49711005779884404
0.7114857702845944,0.7094058118837624
0.8621827563448732,0.8458230835383292
0.5891682166356673,0.6715465690686186
0.04373912521749565,0.03611927761444771
0.3105137897242055,0.1499770004599908
0.7946041079178416,0.7620647587048259
0.2378552428951421,0.03327933441331173
0.7181856362872743,0.756104877902442
0.06487870242595148,0.06681866362672746
0.9843203135937282,0.9848803023939522
0.5836683266334673,0.5077898442031159
0.08263834723305534,0.08179836403271935
0.2239755204895902,0.1997360052798944
0.6586668266634668,0.7023059538809224
0.2914341713165737,0.30729385412291754
0.6176476470470591,0.5543289134217316
0.9693606127877443,0.9691806163876723
0.38567228655426894,0.5276894462110758
0.42031159376812466,0.41923161536769266
0.7005659886802265,0.7849043019139618
0.8266434671306574,0.8473030539389212
0.05481890362192756,0.062258754824903506
0.9666806663866723,0.9686206275874483
0.7370252594948101,0.7168856622867543
0.4583108337833243,0.755084898302034
0.7863442731145377,0.5591688166236676
0.9354412911741765,0.9273214535709287
0.23055538889222216,0.23093538129237415
0.3659326813463731,0.5203895922081558
0.1004579908401832,0.030259394812103758
0.6819663606727866,0.75012499750005
0.7984840303193936,0.8246835063298734
0.6268074638507231,0.5941481170376592
0.9107217855642887,0.876442471150577
0.5448491030179397,0.7880442391152177
0.622527549449011,0.41787164256714865
0.8331433371332574,0.8059238815223696
0.6998260034799304,0.6413471730565389
0.12285754284914302,0.4233315333693326
0.8404031919361613,0.7955240895182096
0.14699706005879884,0.1488570228595428
0.7282454350912982,0.8392432151356973
0.6910061798764024,0.6688666226675467
0.6216475670486591,0.5217495650086998
0.4804303913921722,0.7252054958900822
0.2023159536809264,0.2910741785164297
0.7133057338853224,0.5524689506209876
0.30025399492010163,0.2713545729085418
0.10749785004299914,0.1125777484450311
0.7026259474810505,0.8187636247275055
0.756984860302794,0.7585448291034179
0.5212295754084918,0.5081098378032439
0.5305293894122117,0.5523489530209396
0.8421631567368653,0.9073818523629528
0.021539569208615827,0.11455770884582309
0.7441251174976501,0.872262554748905
0.4729505409891802,0.40951180976380475
0.4268114637707246,0.6550468990620187
0.9124217515649687,0.9045819083618328
0.8135437291254175,0.8262634747305054
0.3401131977360453,0.31935361292774145
0.4708905821883563,0.27933441331173375
0.14613707725845484,0.1500369992600148
0.32173356532869346,0.35867282654346916
0.06759864802703947,0.12891742165156697
0.8877622447551049,0.8268834623307534
0.5184296314073719,0.5878282434351313
0.8641427171456572,0.889522209555809
0.8548229035419292,0.6723665526689466
0.06419871602567949,0.05271894562108758
0.5345693086138278,0.6109477810443791
0.5264494710105798,0.48517029659406813
0.9571608567828643,0.9442411151776965
0.9248615027699446,0.9028019439611208
0.9057218855622888,0.9208615827683446
0.40985180296394075,0.29801403971920565
0.3583728325433491,0.48457030859382816
0.2984340313193736,0.27515449691006183
0.2736545269094618,0.6926061478770424
0.7344453110937782,0.13273734525309494
0.4791904161916762,0.4055518889622208
0.505089898202036,0.9553008939821204
0.12879742405151898,0.21615567688646228
0.11689766204675907,0.1997960040799184
0.24683506329873403,0.2613947721045579
0.6962060758784825,0.6131277374452511
0.29343413131737367,0.23391532169356613
0.4046319073618528,0.3616327673446531
0.9071218575628488,0.9464010719785605
0.51104977900442,0.624427511449771
0.9094418111637768,0.8941821163576729
0.45769084618307637,0.2658146837063259
0.9214815703685927,0.74302513949721
0.7423251534969301,0.8080638387232255
0.7822843543129138,0.8126637467250655
0.44663106737865244,0.44303113937721245
0.44627107457850845,0.43649127017459655
0.22219555608887823,0.2383152336953261
0.630667386652267,0.746365072698546
0.509529809403812,0.4429911401771965
0.1380972380552389,0.7786444271114578
0.9222615547689047,0.8899422011559769
0.19523609527809443,0.043099138017239656
0.3135937281254375,0.2962740745185096
0.28207435851282975,0.2783344333113338
0.15641687166256676,0.125437491250175
0.05541889162216756,0.1140777184456311
0.8009239815203696,0.8494430111397773
0.26795464090718185,0.49709005819883606
0.8502029959400812,0.8510229795404092
0.5430091398172037,0.4285714285714286
0.9220815583688327,0.9207615847683047
0.7284854302913942,0.638307233855323
0.8866222675546489,0.8093838123237536
0.5402891942161157,0.41997160056798866
0.3366332673346533,0.34107317853642927
0.7996040079198417,0.7939841203175937
0.23333533329333414,0.127437451250975
0.2883342333153337,0.34027319453610927
0.6554868902621948,0.7124857502849943
0.05667886642267155,0.0999580008399832
0.20379592408151836,0.1618567628647427
0.4506909861802764,0.5731485370292594
0.995980080398392,0.9956800863982721
0.36011279774404514,0.5288494230115398
0.7163856722865543,0.5370892582148358
0.6963860722785544,0.6945461090778184
0.18665626687466252,0.20627587448251036
0.13503729925401492,0.13039739205215897
0.5811283774324514,0.5963280734385312
0.7901441971160577,0.7728245435091299
0.6681066378672427,0.6650466990660187
0.26543469130617386,0.25805483890322195
0.379172416551669,0.4181316373672527
0.2887742245155097,0.21167576648467032
0.36223275534489313,0.2883742325153497
0.4342913141737165,0.34689306213875726
0.500689986200276,0.5951880962380752
0.6692066158676827,0.9883002339953201
0.6758064838703226,0.6723865522689546
0.5535889282214356,0.5924881502369953
0.2636147277054459,0.1728365432691346
0.20447591048179037,0.31931361372772543
0.27091458170836585,0.3280334393312134
0.9729205415891683,0.9746805063898722
0.48539029219415614,0.5201295974080519
0.8043439131217376,0.6105077898442032
0.7187856242875142,0.5232495350092998
0.4218315633687326,0.49899002019959604
0.054798904021919566,0.06109877802443951
0.03625927481450371,0.20215595688086238
0.24747505049899002,0.37139257214855703
0.41963160736785265,0.4612307753844923
0.9974000519989601,0.9970800583988321
0.3397332053358933,0.254534909301814
0.7915241695166096,0.8099038019239615
0.4752904941901162,0.4387512249755005
0.7687046259074819,0.7219455610887783
0.9436811263774725,0.9374612507749845
0.9236815263694726,0.9653006939861203
0.9240415191696166,0.9351012979740405
0.7758044839103219,0.7757844843103138
0.7376252474950501,0.8516429671406572
0.5480490390192196,0.631647367052659
0.3113737725245495,0.40939181216375675
0.127017459650807,0.1855562888742225
0.04515909681806364,0.04775904481910362
0.8653426931461371,0.8374832503349934
0.6112477750444991,0.6134877302453952
0.19463610727785444,0.2380952380952381
0.8016639667206656,0.5345293094138117
0.8149237015259695,0.8387032259354813
0.9223015539689207,0.8999820003599929
0.7025259494810104,0.7750844983100338
0.13065738685226297,0.1622967540649187
0.7078858422831543,0.8355432891342174
0.7111057778844423,0.6846663066738665
0.4261114777704446,0.46715065698686026
0.8934821303573929,0.877822443551129
0.18751624967500652,0.14903701925961482
0.2643747125057499,0.3258734825303494
0.04163916721665567,0.03665926681466371
0.8692026159476811,0.877862442751145
0.7167856642867143,0.8075238495230096
0.6782864342713146,0.7377452450950981
0.7500649987000261,0.7114457710845783
0.5100297994040119,0.6978460430791384
0.8251234975300494,0.8815823683526329
0.3416331673366533,0.3136337273254535
0.5616687666246676,0.509069818603628
0.09513809723805525,0.10939781204375913
0.8423831523369533,0.8301033979320414
0.8087838243235136,0.8472830543389133
0.8903821923561529,0.8680026399472011
0.02039959200815984,0.015919681606367874
0.48395032099358015,0.5428891422171557
0.22253554928901423,0.21613567728645428
0.6857662846743066,0.45627087458250837
0.9832603347933042,0.9511209775804484
0.8937221255574889,0.9364412711745765
0.45845083098338035,0.48493030139397214
0.18019639607207857,0.1774764504709906
0.4627707445851083,0.9363012739745206
0.7435851282974341,0.757784844303114
0.9941001179976401,0.9924201515969681
0.2861742765144697,0.1772364552708946
0.754084918301634,0.7751844963100738
0.506789864202716,0.5446291074178516
0.31957360852782946,0.2115157696846063
0.9142217155656888,0.9218215635687287
0.3166336673266535,0.23989520209595808
0.2155156896862063,0.3427131457370853
0.5989080218395633,0.5585488290234195
0.43205135897282054,0.3925721485570289
0.5771884562308754,0.2843743125137497
0.8521429571408572,0.883142337153257
0.26905461890762183,0.1503769924601508
0.2364752704945901,0.25325493490130196
0.4327513449731005,0.4691706165876683
0.2758344833103338,0.761804763904722
0.7803643927121457,0.6708265834683307
0.9991400171996561,0.9962400751984961
0.4768104637907242,0.45451090978180436
0.29577408451830967,0.379692406151877
0.31819363612727747,0.4236515269694606
0.43077138457230857,0.4390112197756045
0.39127217455650887,0.4885102297954041
0.3288134237315254,0.371972560548789
0.07937841243175137,0.06721865562688746
0.9673806523869523,0.9675006499870002
0.44771104577908444,0.5257494850102998
0.8024039519209616,0.4241315173696526
0.35661286774264517,0.3646927061458771
0.37213255734885303,0.31603367932641346
0.8537429251414972,0.8589428211435771
0.6495670086598269,0.6002879942401153
0.37331253374932505,0.4026719465610688
0.06645867082658347,0.0869782604347913
0.023159536809263817,0.028159436811263774
0.14969700605987882,0.13409731805363892
0.8752824943501131,0.884822303553929
0.6484870302593948,0.6395072098558029
0.11893762124757505,0.12999740005199897
0.6358672826543469,0.6410671786564269
0.26097478050438994,0.21867562648747027
0.05159896802063959,0.4386112277754445
0.3268734625307494,0.5434891302173956
0.9574208515829684,0.9450210995780085
0.5764684706305874,0.5916281674366513
0.3640927181456371,0.18565628687426253
0.0127197456050879,0.0064998700025999485
0.5004499910001801,0.5558288834223316
0.1888362232755345,0.15849683006339874
0.0034399312013759726,0.000759984800303994
0.8005439891202176,0.2274154516909662
0.5693086138277235,0.5126697466050679
0.7931241375172496,0.6787464250714986
0.008279834403311934,0.0029999400011999763
0.6024079518409632,0.5342693146137077
0.8388232235355293,0.8113637727245455
0.9237615247695047,0.8938221235575289
0.026479470410591788,0.03047939041219176
0.4363712725745485,0.4846703065938681
0.11429771404571909,0.10771784564308715
0.8587428251434972,0.873082538349233
0.9612807743845123,0.9525009499810004
0.36721265574688505,0.41917161656766866
0.9847203055938881,0.995420091598168
0.2268354632907342,0.26839463210735787
0.7828443431131378,0.7772644547109058
0.250314993700126,0.23141537169256615
0.7163656726865463,0.3038339233215336
0.9932201355972881,0.9926201475970481
0.6678866422671547,0.45773084538309233
0.2011359772804544,0.3359532809343813
0.11873762524749505,0.07813843723125538
0.1536569268614628,0.14823703525929482
0.9045619087618247,0.8719625607487851
0.19811603767924643,0.11049779004419912
0.3643127137457251,0.5209295814083719
0.1764164716705666,0.37073258534829306
0.4389512209755805,0.4076518469630607
0.9513609727805444,0.9578208435831284
0.4757104857902842,0.3379532409351813
0.43169136617267656,0.4702105957880843
0.44555108897822043,0.6890262194756105
0.6800663986720266,0.7217655646887062
0.44581108377832446,0.39583208335833286
0.8127837443251136,0.8382032359352813
0.9034819303613928,0.7070058598828024
0.33741325173496534,0.1900761984760305
0.4405911881762365,0.5214295714085718
0.001379972400551989,0.0012799744005119898
0.4217715645687086,0.4895102097958041
0.7115257694846103,0.6734465310693787
0.6516269674606509,0.626127477450451
0.28037439251214974,0.2896142077158457
0.7402651946961061,0.7870642587148258
0.3611127777444451,0.29367412651746966
0.5650486990260195,0.5294694106117878
0.5841483170336593,0.5725285494290114
0.003899922001559969,0.037139257214855705
0.6001879962400752,0.6107677846443071
0.4491110177796444,0.6343473130537389
0.04487910241795164,0.05261894762104758
0.12105757884842304,0.14955700885982282
0.8535029299414012,0.8632827343453131
0.32067358652826944,0.503009939801204
0.2823343533129338,0.32237355252894945
0.8109237815243695,0.8578228435431292
0.8969420611587768,0.8932821343573129
0.1758164836703266,0.17877642447151057
0.5232495350092998,0.3854722905541889
0.5207695846083078,0.4926901461970761
0.374132517349653,0.4504709905801884
0.6052878942421152,0.5612087758244835
0.49317013659726805,0.42347153056938863
0.9904001919961601,0.9895802083958322
0.8715225695486091,0.869522609547809
0.30677386452270955,0.35451290974180516
0.7384652306953862,0.7903441931161377
0.4512109757804844,0.4518109637807244
0.16851662966740666,0.2858742825143497
0.20417591648167038,0.3033739325213496
0.09181816363672726,0.1628567428651427
0.20243595128097439,0.253394932101358
0.31953360932781344,0.28653426931461373
0.753984920301594,0.7403051938961221
0.1890762184756305,0.5662286754264915
0.4863902721945561,0.36669266614667706
0.9055018899622008,0.8897022059558809
0.12799744005119898,0.15865682686346275
0.50014999700006,0.5684886302273955
0.4704305913881722,0.4906301873962521
0.16053678926421472,0.2261954760904782
0.8206035879282415,0.7642447151056979
0.10821783564328714,0.10985780284394313
0.4901701965960681,0.44675106497870043
0.6498270034599308,0.5787684246315073
0.760764784704306,0.7435451290974181
0.39207215855682886,0.07239855202895942
0.15945681086378272,0.15721685566288673
0.8435831283374333,0.2630947381052379
0.9920201595968081,0.9940001199976001
0.3901521969560609,0.4754504909901802
0.6890262194756105,0.6223275534489311
0.39277214455710885,0.4067918641627168
0.9035619287614248,0.8570228595428092
0.9616607667846644,0.9602007959840804
0.29541409171816563,0.36961260774784505
0.011959760804783904,0.004279914401711966
0.372372552548949,0.22045559088818226
0.7756044879102418,0.753384932301354
0.11011779764404712,0.40535189296214075
0.6374672506549869,0.5778084438311234
0.8246035079298414,0.8198036039279215
0.4912501749965001,0.4006319873602528
0.9213415731685367,0.9193416131677367
0.09293814123717525,0.21797564048719026
0.7231255374892502,0.7647847043059139
0.35497290054198916,0.28601427971440574
0.03517929641407172,0.024599508009839805
0.6176676466470671,0.5367692646147078
0.34839303213935724,0.2619547609047819
0.4362912741745165,0.46125077498450034
0.03587928241435171,0.026779464410711787
0.3210335793284134,0.3106137877242455
0.28417431651366976,0.125697486050279
0.3077138457230855,0.40551188976220476
0.09661806763864723,0.053358932821343574
0.627527449451011,0.5255494890102198
0.7616247675046499,0.8278634427311454
0.9725605487890242,0.9796404071918562
0.3024339513209736,0.38629227415451695
0.4773304533909322,0.5222895542089159
0.35667286654266916,0.15929681406371873
0.4253714925701486,0.3527329453410932
0.4632107357852843,0.4356712865742685
0.5690886182276355,0.7149257014859703
0.5476890462190757,0.6341473170536589
0.24241515169696606,0.18447631047379054
0.3606527869442611,0.3377732445351093
0.3516129677406452,0.26915461690766185
0.5512089758204836,0.46961060778784425
0.7875242495150098,0.6176276474470511
0.42047159056818867,0.5217695646087078
0.11807763844723106,0.09599808003839924
0.27193456130877386,0.24257514849703007
0.9229015419691606,0.9472410551788965
0.5597088058238835,0.637287254254915
0.5321293574128517,0.40443191136177276
0.4426511469770605,0.377692446151077
0.39663206735865286,0.3383732325353493
0.7189456210875783,0.7113657726845464
0.6445671086578268,0.43993120137597247
0.4484310313793724,0.3635327293454131
0.7280654386912262,0.7103457930841384
0.628607427851443,0.5716085678286434
0.08561828763424732,0.05149897002059959
0.8946021079578409,0.9143817123657527
0.6360872782544349,0.6483670326593468
0.5807683846323074,0.2991540169196616
0.3906321873562529,0.40695186096278074
0.9031219375612488,0.8578628427431452
0.8309833803323934,0.8174036519269615
0.502669946601068,0.5490690186196276
0.5551088978220435,0.619667606647867
0.2117157656846863,0.28111437771244574
0.019199616007679846,0.020179596408071838
0.1784164316713666,0.21039579208415832
0.19691606167876644,0.20379592408151836
0.28285434291314177,0.28037439251214974
0.10739785204295914,0.1007379852402952
0.7093658126837463,0.6493270134597309
0.8612427751444971,0.8653826923461531
0.6020879582408352,0.640587188256235
0.33565328693426133,0.4095318093638127
0.014779704405911882,0.010279794404111918
0.08157836843263135,0.15633687326253476
0.9623807523849524,0.9684006319873603
0.8668226635467291,0.890902181956361
0.19533609327813445,0.2921141577168457
0.7976840463190736,0.9785004299914002
0.7350652986940261,0.7798244035119298
0.874322513549729,0.8478430431391373
0.764884702305954,0.5502089958200836
0.9796404071918562,0.23051538969220617
0.5731885362292755,0.5231495370092598
0.254654906901862,0.3122937541249175
0.6015679686406272,0.6170476590468191
0.7244055118897622,0.5959280814383713
0.21869562608747825,0.2834143317133657
0.02891942161156777,0.03599928001439971
0.8017039659206816,0.8341033179336413
0.43399132017359654,0.47269054618907624
0.6800263994720106,0.6945261094778105
0.6865062698746025,0.7226655466890662
0.36807263854722905,0.4254514909701806
0.08217835643287134,0.06485870282594348
0.26873462530749387,0.20629587408251834
0.8899222015559689,0.876742465150697
0.004679906401871963,0.00501989960200796
0.6690866182676347,0.43425131497370056
0.9179816403671927,0.8350632987340253
0.11739765204695907,0.15263694726105478
0.20755584888302234,0.1896162076758465
0.18943621127577448,0.39837203255934883
0.7446051078978421,0.9090218195636087
0.7092058158836824,0.7345653086938262
0.6451070978580429,0.9477810443791125
0.7632247355052899,0.8155436891262176
0.25473490530189397,0.21539569208615827
0.631527369452611,0.5593088138237235
0.19401611967760646,0.15323693526129478
0.7967240655186897,0.755944881102378
0.5320093598128037,0.5153496930061399
0.6127677446451071,0.6466270674586508
0.4701505969880603,0.47099058018839624
0.3186936261274775,0.20647587048259036
0.020659586808263835,0.022219555608887824
0.7188256234875303,0.7230055398892022
0.32615347693046143,0.1370372592548149
0.9618407631847363,0.9403411931761365
0.7983440331193377,0.7698646027079459
0.5123497530049399,0.4856302873942521
0.7011659766804664,0.7881442371152577
0.15813683726325475,0.16911661766764666
0.20009599808003842,0.19589608207835843
0.5611487770244595,0.6442071158576829
0.04597908041839163,0.9172816543669127
0.5322093558128838,0.4508109837803244
0.627727445451091,0.4093718125637487
0.24617507649847004,0.11863762724745505
0.9322413551728965,0.9365212695746086
0.3313333733325334,0.44769104617907646
0.9684806303873923,0.9666006679866403
0.8062038759224815,0.8311833763324734
0.6519069618607628,0.6422271554568909
0.0251594968100638,0.018919621607567848
0.5919881602367952,0.37113257734845306
0.5662286754264915,0.5592088158236835
0.9562008759824804,0.9587608247835043
0.6636067278654427,0.50704985900282
0.7738645227095459,0.617027659446811
0.49743005139897206,0.3431731365372693
0.3146337073258535,0.3248135037299254
0.3935321293574129,0.25393492130157397
0.7372452550948981,0.6390672186556269
0.35479290414191716,0.6145677086458271
0.9311613767724646,0.8921621567568649
0.620807583848323,0.5451890962180757
0.5660686786264275,0.4222315553688926
0.11941761164776706,0.14583708325833483
0.4528109437811244,0.4159316813663727
0.7059258814823703,0.7287854242915142
0.22479550408991822,0.07647847043059139
0.15591688166236675,0.7507649847003061
0.07087858242835143,0.08121837563248735
0.0625787484250315,0.07791844163116737
0.6074278514429712,0.7189456210875783
0.4803303933921322,0.4742105157896842
0.8113637727245455,0.8505229895402092
0.8918821623567529,0.9037819243615128
0.6567068658626828,0.6114677706445871
0.46223075538489233,0.6962260754784905
0.33365332693346134,0.254154916901662
0.2986740265194696,0.3884322313553729
0.11073778524429512,0.09699806003879922
0.2258754824903502,0.2370952580948381
0.4163916721665567,0.46109077818443633
0.07375852482950342,0.09749805003899922
0.8978620427591448,0.886222275554489
0.8191636167276655,0.7844043119137617
0.1396772064558709,0.1125377492450151
0.29495410091798163,0.18335633287334255
0.4362312753744925,0.506709865802684
0.8015239695206097,0.8222435551288975
0.07789844203115938,0.10511789764204717
0.1518769624607508,0.1367572648547029
0.5453090938181236,0.7193056138877223
0.9627407451850963,0.9639807203855923
0.16393672126557468,0.10769784604307914
0.26577468450630987,0.13247735045299094
0.6652666946661067,0.34397312053758927
0.7089458210835784,0.7179456410871783
0.45681086378272434,0.3833523329533409
0.4492310153796924,0.43357132857342856
0.7028059438811224,0.6753464930701386
0.01617967640647187,0.017279654406911864
0.2605547889042219,0.29375412491750164
0.8071638567228656,0.8496230075398492
0.7644447111057779,0.7944441111177777
0.6602067958640827,0.6738665226695466
0.7050058998820024,0.7303053938921222
0.7836643267134658,0.6570668586628268
0.5659886802263955,0.7396652066958661
0.8645427091458171,0.8585628287434252
0.5204895902081959,0.5647487050258995
0.9403411931761365,0.9279014419711606
0.628627427451451,0.6451470970580588
0.8154036919261615,0.7389252214955702
0.5437891242175157,0.5835683286334273
0.6686866262674747,0.748045039099218
0.380212395752085,0.39617207655846887
0.15983680326393473,0.21611567768644627
0.3866722665546689,0.23763524729505411
0.5206895862082759,0.08321833563328734
0.8166036679266415,0.868022639547209
0.7091858162836744,0.7785844283114338
0.24213515729685406,0.16957660846783065
0.29453410931781365,0.6572668546629068
0.76442471150577,0.1767564648707026
0.35503289934201315,0.2389152216955661
0.12161756764864703,0.25583488330233395
0.8280434391312174,0.7898442031159377
0.8372832543349134,0.872002559948801
0.879742405151897,0.8687226255474891
0.3600327993440131,0.3649127017459651
0.48177036459270817,0.6268074638507231
0.9279014419711606,0.9246815063698727
0.04275914481710366,0.046919061618767625
0.2636747265054699,0.4284514309713806
0.623187536249275,0.6840863182736345
0.12275754484910302,0.18593628127437453
0.21943561128777425,0.13073738525229495
0.7211055778884422,0.6943661126777465
0.5090298194036119,0.5103697926041479
0.8457630847383053,0.7387252254954901
0.40803183936321274,0.38425231495370094
0.20919581608367832,0.24917501649967003
0.4790504189916202,0.46971060578788426
0.2881142377152457,0.5141897162056759
0.3250334993300134,0.24535509289814206
0.0627987440251195,0.0501189976200476
0.49477010459790804,0.4139117217655647
0.8137437251254975,0.7227655446891063
0.9448611027779444,0.9532209355812884
0.7366652666946661,0.621247575048499
0.2714145717085658,0.2005759884802304
0.9270414591708166,0.9271414571708566
0.4398912021759565,0.5072498550029
0.8968020639587209,0.8600427991440172
0.9692206155876882,0.9598808023839523
0.6630667386652267,0.5351892962140757
0.12067758644827103,0.3488730225395492
0.9056418871622568,0.8012639747205056
0.9551008979820403,0.9624607507849844
0.40941181176376473,0.4162716745665087
0.23563528729425412,0.2862542749145017
0.9640607187856243,0.9092218155636888
0.09691806163876723,0.06009879802403952
0.29275414491710167,0.19761604767904642
0.6772064558708826,0.6727865442691147
0.5465490690186197,0.8416631667366653
0.06483870322593549,0.055078898422031564
0.6988660226795465,0.8028639427211456
0.18547629047419054,0.4672906541869163
0.7705045899082018,0.8280234395312094
0.9169816603667927,0.9207215855682886
0.7662046759064819,0.7721245575088499
0.745885082298354,0.7277454450910982
0.22129557408851824,0.24391512169756605
0.9353212935741285,0.6657466850662987
0.3521329573408532,0.24657506849863003
0.21605567888642227,0.19015619687606247
0.8419431611367773,0.9883802323953521
0.021719565608687826,0.030559388812223757
0.9419611607767845,0.9216215675686487
0.4939301213975721,0.34433311333773325
0.6073278534429312,0.5522689546209076
0.43151136977260457,0.45921081578368433
0.8695426091478171,0.8631027379452412
0.6812063758724826,0.7807043859122818
0.125657486850263,0.061918761624767504
0.14389712205755886,0.2988940221195576
0.7143657126857463,0.7890042199156018
0.9691606167876643,0.9723205535889282
0.02887942241155177,0.026879462410751787
0.3151336973260535,0.2621947561048779
0.45947081058378836,0.4648707025859483
0.6173876522469551,0.7125057498850024
0.6979460410791785,0.6978660426791464
0.4054918901621968,0.41855162896742065
0.24943501129977402,0.32153356932861343
0.3581928361432771,0.16763664726705466
0.07001859962800744,0.06037879242415152
0.16987660246795064,0.15813683726325475
0.9887802243955122,0.9829003419931601
0.39489210215795684,0.4514509709805804
0.12097758044839103,0.12871742565148697
0.34959300813983724,0.7398252034959301
0.16689666206675868,0.16059678806423872
0.8437831243375132,0.1877362452750945
0.4904901901961961,0.5971880562388753
0.04567908641827163,0.07241855162896742
0.29019419611607766,0.18143637127257456
0.27835443291134176,0.3368532629347413
0.8662626747465051,0.9129017419651607
0.6667466650666987,0.8337033259334814
0.6455470890582189,0.628367432651347
0.05341893162136757,0.05725885482290354
0.5757884842303154,0.47411051778964425
0.28585428291434173,0.19271614567708648
0.44695106097878046,0.4658706825863483
0.39007219855602887,0.47185056298874023
0.5117697646047079,0.253694926101478
0.09503809923801525,0.04747905041899162
0.49665006699866004,0.5248095038099239
0.33223335533289333,0.878562428751425
0.2796944061118778,0.4140117197656047
0.14515709685806286,0.14841703165936682
0.02993940121197576,0.030779384412311754
0.0884182316353673,0.0756384872302554
0.0630387392252155,0.07347853042939141
0.2648547029059419,0.3145737085258295
0.25239495210095797,0.24671506569868604
0.3650126997460051,0.4151116977660447
0.6052278954420912,0.6138477230455391
0.13857722845543088,0.3634727305453891
0.378772424551509,0.4263914721705566
0.7692446151076979,0.7807243855122897
0.32953340933181335,0.3976520469590608
0.11523769524609508,0.10863782724345514
0.1517369652606948,0.5350892982140357
0.4772104557908842,0.5279494410111798
0.7615247695046099,0.7947041059178817
0.7687446251074979,0.6257674846503071
0.20281594368112638,0.46039079218415635
0.887582248355033,0.8980420391592169
0.47159056818863626,0.39881202375952485
0.4745905081898362,0.42775144497110057
0.13217735645287096,0.506469870602588
0.7644047119057619,0.6610267794644107
0.3999720005599888,0.4275314493710126
0.7916641667166657,0.7774244515109698
0.5517489650206996,0.4240515189696206
0.6906661866762664,0.5625687486250275
0.9868002639947201,0.9894202115957681
0.8936821263574729,0.8943821123577529
0.21167576648467032,0.1492770144597108
0.44527109457810843,0.39527209455810886
0.4136517269654607,0.499430011399772
0.40875182496350076,0.4270114597708046
0.9332813343733126,0.9408411831763365
0.39623207535849286,0.40099198016039683
0.07189856202875942,0.06157876842463151
0.9737405251894963,0.9601007979840404
0.22705545889082218,0.1728965420691586
0.886322273554529,0.880742385152297
0.00995980080398392,0.008139837203255935
0.5892882142357153,0.4774104517909642
0.12049759004819904,0.4905701885962281
0.2739745205095898,0.2120557588848223
0.629067418651627,0.758344833103338
0.38669226615467694,0.4110317793644127
0.46899062018759624,0.7705245895082099
0.9490610187796245,0.9450410991780165
0.3506329873402532,0.17459650806983862
0.6168676626467471,0.6882062358752825
0.4724305513889722,0.4944501109977801
0.6405071898562029,0.6447871042579149
0.28225435491290174,0.2731945361092778
0.5428891422171557,0.5634087318253636
0.3513729725405492,0.31899362012759747
0.9273014539709206,0.869622607547849
0.014659706805863884,0.013399732005359894
0.9056218875622488,0.9275014499710006
0.024539509209815805,0.04947901041979161
0.4707705845883082,0.19443611127777446
0.1500569988600228,0.15651686966260675
0.40727185456290876,0.3667126657466851
0.7966640667186656,0.8053438931221376
0.5585088298234036,0.5649687006259875
0.5833083338333234,0.8118037639247215
0.08683826323473531,0.042299154016919666
0.5681086378272435,0.44463110737785244
0.9346013079738406,0.9798604027919442
0.4314513709725806,0.4614107717845643
0.47481050378992423,0.45319093618127637
0.760104797904042,0.7579648407031859
0.32397352052958944,0.30677386452270955
0.9094818103637927,0.875702485950281
0.5168696626067479,0.056878862422751544
0.1120177596448071,0.018579628407431853
0.6984660306793864,0.6974860502789945
0.5262494750104998,0.4536909261814764
0.50794984100318,0.5871282574348513
0.3439131217375653,0.34449311013779726
0.8272634547309055,0.5417291654166917
0.747245055098898,0.6560868782624347
0.7307853842923142,0.4690706185876283
0.5517089658206836,0.30681386372272557
0.6422271554568909,0.5744685106297874
0.9681006379872403,0.9272414551708966
0.7951040979180417,0.7988840223195537
0.02111957760844783,0.010799784004319914
0.034199316013679724,0.040759184816303674
0.8089038219235616,0.8493030139397212
0.4587108257834843,0.44329113417731647
0.5773484530309394,0.44715105697886043
0.28973420531589367,0.24681506369872602
0.9048619027619448,0.9025819483610328
0.5182296354072918,0.5550488990220196
0.3522729545409092,0.36795264094718105
0.6981660366792665,0.5829883402331953
0.06161876762464751,0.05765884682306354
0.08521829563408732,0.13143737125257496
0.5218695626087478,0.5316893662126758
0.5544289114217715,0.4903101937961241
0.9388012239755206,0.9374012519749605
0.24287514249715006,0.7122657546849063
0.7225055498890023,0.48349033019339616
0.11637767244655108,0.1351572968540629
0.1774364512709746,0.11215775684486311
0.5335493290134198,0.5366892662146757
0.9397612047759045,0.9162016759664807
0.9343013139737205,0.9591608167836644
0.380672386552269,0.40915181696366076
0.08329833403331934,0.07189856202875942
0.7322453550928981,0.7016859662806744
0.3608927821443571,0.5341693166136677
0.9523209535809284,0.9269814603707927
0.8100837983240335,0.7770444591108178
0.22345553088938222,0.23983520329593408
0.33239335213295734,0.2271754564908702
0.9202215955680887,0.9244615107697847
0.8039839203215936,0.8394232115357693
0.6513869722605549,0.5317493650126998
0.18269634607307855,0.2133157336853263
0.6390672186556269,0.6030879382412352
0.3648527029459411,0.24463510729785407
0.5134897302053959,0.5562888742225156
0.8300633987320254,0.5139297214055719
0.6862262754744906,0.5889682206355873
0.2007959840803184,0.08625827483450331
0.4130917381652367,0.39681206375872485
0.6714265714685707,0.7144857102857943
0.8660026799464011,0.7858842823143537
0.16789664206715865,0.3632327353452931
0.3907521849563009,0.2752144957100858
0.06847863042739145,0.06187876242475151
0.32015359692806145,0.26823463530729386
0.9355612887742245,0.9163216735665287
0.17259654806903862,0.17207655846883063
0.7984240315193697,0.7903641927161457
0.6699466010679787,0.7357852842943141
0.42563148737025264,0.42307153856922863
0.34873302533949324,0.2735345293094138
0.7059458810823783,0.3649927001459971
0.6103877922441552,0.7481250374992501
0.5212495750084999,0.39179216415671686
0.9589808203835923,0.9628407431851363
0.7166856662866743,0.5394092118157637
0.7584248315033699,0.9180016399672006
0.9905201895962081,0.9824803503929922
0.14197716045679087,0.0023999520009599807
0.42335153296934064,0.3121337573248535
0.17029659406811865,0.15261694766104678
0.21693566128677427,0.2137757244855103
0.5476490470190596,0.5603087938241236
0.016559668806623868,0.04749905001899962
0.13259734805303894,0.1652366952660947
0.754704905901882,0.8215435691286175
0.2632547349053019,0.3342933141337173
0.867682646347073,0.8412231755364893
0.19369612607747846,0.21791564168716626
0.10373792524149518,0.08389832203355933
0.15489690206195877,0.14401711965760686
0.376792464150717,0.376212475750485
0.75722485550289,0.6022479550408992
0.13267734645307094,0.11459770804583909
0.762844743105138,0.7900641987160257
0.4129517409651807,0.4233715325693486
0.9475410491790165,0.9302413951720966
0.7213855722885543,0.8884222315553689
0.8880822383552329,0.8928421431571368
0.9681206375872483,0.9678206435871283
0.876502469950601,0.9171216575668487
0.11805763884722306,0.125937481250375
0.12777744445111097,0.13475730485390292
0.14225715485690288,0.13511729765404693
0.7362452750944981,0.7350852982940341
0.6790464190716186,0.6690866182676347
0.7644647107057859,0.7932041359172817
0.3921521569568609,0.3522129557408852
0.9141817163656727,0.9261214775704486
0.2868342633147337,0.21585568288634227
0.23519529609407813,0.15431691366172678
0.5417491650166997,0.6440071198576028
0.2151756964860703,0.3158136837263255
0.6574468510629787,0.4903701925961481
0.6572068558628827,0.4875902481950361
0.029499410011799766,0.04261914761704766
0.30065398692026163,0.18969620607587848
0.8505429891402172,0.8906421871562569
0.2880542389152217,0.2752344953100938
0.8162436751264975,0.8144637107257855
0.26709465810683786,0.2993540129197416
0.43873122537549253,0.48841023179536414
0.379052418951621,0.4617907641847163
0.9740605187896243,0.9707805843883123
0.7594448111037779,0.6914261714765705
0.7619447611047779,0.5640287194256115
0.636587268254635,0.4277114457710846
0.09657806843863123,0.11619767604647907
0.5681686366272675,0.4871702565948681
0.7622047559048819,0.7777044459110818
0.6016079678406432,0.49299014019719606
0.5073298534029319,0.6436871262574748
0.9417011659766805,0.9399612007759846
0.5609687806243875,0.6936061278774425
0.7363052738945222,0.74612507749845
0.2913541729165417,0.5144497110057799
0.42231155376892465,0.4165716685666287
0.3393532129357413,0.3232535349293014
0.4249115017699646,0.4527709445811084
0.2751944961100778,0.3519329613407732
0.10201795964080719,0.09545809083818324
0.7160456790864183,0.5059298814023719
0.9186216275674487,0.9230615387692247
0.5635887282254355,0.8516629667406652
0.09291814163716726,0.0634187316253675
0.16161676766464672,0.12757744845103097
0.3514129717405652,0.4020519589608208
0.1889362212755745,0.15149697006059878
0.8413831723365534,0.8379232415351693
0.3647727045459091,0.2402551948961021
0.5937281254374913,0.6217675646487071
0.006759864802703946,0.005719885602287955
0.6904261914761705,0.636807263854723
0.6026679466410672,0.6489670206595868
0.8373432531349373,0.7826243475130498
0.9293214135717286,0.9370612587748245
0.8272434551308974,0.8328033439331214
0.615887682246355,0.5966680666386672
0.3133137337253255,0.24265514689706208
0.8433031339373213,0.8627027459450811
0.37113257734845306,0.5906081878362432
0.034119317613647726,0.2254954900901982
0.2401551968960621,0.2276954460910782
0.5775484490310194,0.2284154316913662
0.875202495950081,0.8473630527389453
0.8440831183376333,0.8408431831363373
0.764764704705906,0.748965020699586
0.060518789624207515,0.09875802483950322
0.07411851762964741,0.1623567528649427
0.8981420371592569,0.9401811963760726
0.8388632227355454,0.7215455690886182
0.25851482970340595,0.30835383292334156
0.043299134017319656,0.1615167696646067
0.031299374012519754,0.03689926201475971
0.2744745105097898,0.30979380412391755
0.30887382252354956,0.5365892682146357
0.3996920061598768,0.33341333173336535
0.9486810263794725,0.9536209275814485
0.9225615487690246,0.9089618207635848
0.27027459450810987,0.005299894002119958
0.4435511289774205,0.4348713025739485
0.14309713805723887,0.0872182556348873
0.2851942961140777,0.30711385772284555
0.628467430651387,0.6697666046679067
0.06563868722625547,0.06259874802503951
0.41827163456730865,0.11159776804463911
0.3198936021279575,0.011719765604687907
0.10569788604227916,0.14281714365712686
0.8049639007219855,0.5964080718385633
0.49563008739825204,0.5178496430071399
0.7787244255114898,0.751364972700546
0.20565588688226236,0.19463610727785444
0.2027159456810864,0.2009559808803824
0.8302233955320893,0.8361432771344574
0.5912481750364993,0.5401691966160677
0.9265014699706006,0.9437611247775045
0.23163536729265416,0.3217735645287094
0.49737005259894806,0.41203175936481273
0.9643807123857523,0.9477210455790884
0.879922401551969,0.8657826843463131
0.016019679606407874,0.04431911361772765
0.6571468570628588,0.6813263734725306
0.8532029359412812,0.8264634707305855
0.1885162296754065,0.3265934681306374
0.47143057138857225,0.377072458550829
0.19051618967620648,0.2258154836903262
0.2873942521149577,0.7075258494830103
0.8140837183256335,0.7949841003179937
0.15635687286254277,0.13171736565268696
0.0762984740305194,0.09405811883762324
0.6592068158636828,0.33345333093338136
0.628927421451571,0.7749245015099698
0.6829663406731865,0.7106857862842744
0.5822283554328913,0.7163656726865463
0.37041259174816504,0.3447131057378853
0.24527509449811005,0.23659526809463813
0.35739285214295713,0.3126937461250775
0.7692646147077059,0.8424831503369933
0.9197616047679047,0.9315613687726246
0.4755104897902042,0.4768304633907322
0.42113157736845264,0.35687286254274914
0.16447671046579068,0.19533609327813445
0.45793084138317236,0.3349333013339733
0.8057438851222976,0.9161416771664567
0.07633847323053539,0.039159216815663686
0.32233355332893343,0.31957360852782946
0.28337433251334976,0.11705765884682306
0.8148437031259375,0.7362652746945061
0.04193916121677566,0.046999060018799624
0.8038639227215456,0.8558228835423292
0.4822703545929082,0.5826283474330514
0.9228615427691447,0.9381612367752645
0.09779804403911922,0.11559768804623909
0.4266314673706526,0.5059498810023799
0.7805643887122258,0.7790444191116178
0.5760084798304034,0.501689966200676
0.4181716365672687,0.4515909681806364
0.5301693966120677,0.5172296554068919
0.9688406231875363,0.9474610507789845
0.3042339153216936,0.25695486090278197
0.017219655606887863,0.017039659206815865
0.41803163936721266,0.4043519129617408
0.7098458030839383,0.3511729765404692
0.2159756804863903,0.2738745225095498
0.6443671126577468,0.6399672006559869
0.25801483970320593,0.29623407531849366
0.3407731845363093,0.15483690326193478
0.20209595808083838,0.24085518289634208
0.639667206655867,0.6018879622407552
0.10143797124057519,0.14525709485810284
0.8371832563348733,0.9093218135637288
0.8415031699366013,0.8514029719405612
0.25429491410171795,0.34537309253814924
0.5502289954200916,0.5298694026119478
0.4660706785864283,0.5308693826123477
0.16875662486750265,0.1763364732705346
0.1008579828403432,0.09237815243695126
0.2633347333053339,0.31689366212675746
0.19781604367912642,0.4099318013639727
0.3479530409391812,0.2131157376852463
0.9750204995900082,0.9670806583868323
0.4926901461970761,0.35457290854182916
0.38469230615387695,0.4156716865662687
0.1635767284654307,0.13293734125317494
0.12039759204815904,0.06869862602747945
0.5408491830163397,0.5652086958260835
0.6435671286574268,0.3543129137417252
0.4112717745645087,0.4873702525949481
0.9296614067718646,0.9357212855742886
0.7417051658966821,0.8125037499250015
0.7157656846863063,0.6756464870702587
0.8939021219575609,0.9427211455770885
0.13605727885442293,0.2111157776844463
0.890562188756225,0.8805423891522169
0.31025379492410154,0.08101837963240735
0.6438871222575548,0.638867222655547
0.1361572768544629,0.14503709925801483
0.15229695406091878,0.21087578248435032
0.4300113997720046,0.5280294394112118
0.6092678146437072,0.45747085058298836
0.5735685286294274,0.6808463830723386
0.33107337853242935,0.622267554648907
0.2768344633107338,0.37035259294814105
0.06841863162736746,0.057118857622847546
0.6838663226735465,0.5433491330173397
0.5501889962200757,0.4768104637907242
0.7653646927061459,0.7249055018899623
0.8001439971200577,0.8039439211215776
0.250094998100038,0.20451590968180638
0.2244155116897662,0.24267514649707006
0.6022879542409152,0.5846683066338674
0.9942801143977121,0.9934001319973601
0.2280954380912382,0.2387152256954861
0.8927421451570969,0.9089818203635928
0.8720825583488331,0.8358832823343534
0.06717865642687146,0.044479110417791644
0.7080458390832184,0.7690646187076259
0.2396752064958701,0.2640747185056299
0.9610807783844324,0.9664006719865603
0.8088238235235296,0.5656086878262435
0.7854642907141858,0.7618447631047379
0.34919301613967724,0.3453930921381573
0.9012019759604808,0.8657426851462972
0.7245455090898182,0.7108857822843543
0.5855282894342113,0.41885162296754064
0.9586208275834484,0.9695006099878003
0.3154936901261975,0.4908101837963241
0.4260114797704046,0.5740485190296194
0.11399772004559909,0.07085858282834344
0.3377732445351093,0.4027319453610928
0.6378672426551469,0.6882862342753145
0.07027859442811143,0.06743865122697547
0.5082098358032839,0.5912481750364993
0.878682426351473,0.9501009979800404
0.6677066458670827,0.6386072278554429
0.5856282874342513,0.5722285554288914
0.39595208095838086,0.45925081498370035
0.32255354892902144,0.2776344473110538
0.5459690806183877,0.27081458370832584
0.004119917601647967,0.0038199236015279696
0.5697886042279154,0.8987220255594889
0.5712485750284995,0.4915301693966121
0.6581268374632507,0.5326693466130678
0.29545409091818164,0.25399492010159797
0.05975880482390353,0.04049919001619968
0.9154416911661767,0.882582348353033
0.4237915241695166,0.48403031939361213
0.4007719845603088,0.32843343133137337
0.6081478370432591,0.8584428311433772
0.23047539049219015,0.09751804963900722
0.7682846343073139,0.8602827943441131
0.9606407871842564,0.9513809723805524
0.5304493910121798,0.5147697046059079
0.4601307973840523,0.11781764364712706
0.5354692906141877,0.3371532569348613
0.17785644287114258,0.1484770304593908
0.502609947801044,0.4868502629947401
0.5404891902161957,0.507729845403092
0.43339133217335657,0.623567528649427
0.02023959520809584,0.020519589608207836
0.4432711345773085,0.6512069758604828
0.46773064538709225,0.4655106897862043
0.0755184896302074,0.06923861522769545
0.5732085358292834,0.5855482890342193
0.8953020939581209,0.9059218815623687
0.03951920961580768,0.022039559208815826
0.6860462790744185,0.6873062538749225
0.5659486810263795,0.7407651846963061
0.3238335233295334,0.4648507029859403
0.9709005819883603,0.9622007559848803
0.004759904801903962,0.004479910401791964
0.4526109477810444,0.4024319513609728
0.05373892522149557,0.060038799224015525
0.9498410031799365,0.876182476350473
0.35941281174376516,0.36509269814603706
0.7009459810803784,0.511489770204596
0.2771744565108698,0.27147457050858986
0.377652446951061,0.2844943101137977
0.2260954780904382,0.19461610767784646
0.39865202695946084,0.5445091098178036
0.3127937441251175,0.34753304933901324
0.755144897102058,0.7191856162876743
0.5283494330113397,0.27165456690866185
0.25971480570388594,0.2907341853162937
0.6917461650766985,0.7095458090838184
0.7115857682846344,0.7003859922801544
0.9806003879922401,0.9825803483930322
0.8093638127237456,0.8098038039239216
0.5897282054358913,0.48201035979280415
0.08171836563268735,0.06107877842443151
0.5890882182356353,0.5265294694106119
0.8997420051598969,0.9588008239835204
0.4844903101937961,0.5487090258194837
0.7842643147137057,0.8219835603287935
0.08043839123217536,0.19267614647707046
0.7239855202895943,0.7706645867082659
0.5631287374252515,0.5590088198236035
0.01131977360452791,0.014639707205855883
0.6680466390672187,0.6689466210675786
0.3146537069258615,0.2934741305173897
0.06057878842423152,0.07811843763124737
0.7994040119197616,0.8021439571208576
0.23025539489210217,0.3825523489530209
0.49865002699946004,0.5489490210195797
0.6752464950700986,0.4517109657806844
0.3255934881302374,0.3918721625567489
0.5147297054058919,0.5290894182116358
0.9832003359932802,0.9418411631767365
0.9816403671926561,0.9793004139917202
0.15919681606367872,0.14213715725685486
0.24907501849963,0.2282954340913182
0.8980620387592249,0.7738445231095379
0.033319333613327735,0.033299334013319734
0.8018039639207216,0.8000239995200096
0.748185036299274,0.7837243255134898
0.8347233055338894,0.7916241675166497
0.9203815923681526,0.9034619307613848
0.1627767444651107,0.1620967580648387
0.44587108257834845,0.46153076938461235
0.08769824603507931,0.04061918761624768
0.8364632707345854,0.8442231155376893
0.632787344253115,0.6909661806763865
0.016839663206735866,0.0250794984100318
0.8315833683326334,0.9523809523809524
0.09927801443971121,0.2256354872902542
0.24765504689906204,0.25411491770164596
0.41065178696426075,0.4245115097698046
0.8975620487590249,0.9337813243735126
0.3042139157216856,0.15397692046159078
0.4403711925761485,0.4669906601867963
0.7379052418951622,0.6404071918561629
0.38807223855522893,0.34685306293874124
0.7815243695126097,0.620327593448131
0.47955040899182017,0.4893502129957401
0.5772484550308994,0.5677486450270994
0.28167436651266975,0.8150436991260175
0.7315253694926102,0.7463850722985541
0.30909381812363756,0.07917841643167137
0.5061698766024679,0.7813643727125458
0.5503089938201237,0.6753064938701226
0.7923641527169457,0.9730805383892323
0.08319833603327934,0.09431811363772725
0.08223835523289534,0.5516089678206436
0.5237895242095159,0.508309833803324
0.7974840503189936,0.7172656546869063
0.39275214495710087,0.5390692186156277
0.09683806323873523,0.09937801243975121
0.5445091098178036,0.6074278514429712
0.3549329013419732,0.37087258254834904
0.25891482170356594,0.24141517169656607
0.5925881482370353,0.373172536549269
0.4251914961700766,0.5222095558088838
0.6931461370772585,0.8111637767244655
0.28127437451250975,0.34783304333913323
0.8427631447371053,0.8402031959360813
0.497410051798964,0.4006119877602448
0.23483530329393412,0.2378952420951581
0.024299514009719806,0.08463830723385532
0.5939081218375633,0.4810103797924042
0.7352252954940901,0.886082278354433
0.5484690306193877,0.5526289474210516
0.5805883882322354,0.6937661246775064
0.8049039019219616,0.8025639487210257
0.9035419291614168,0.8117437651246975
0.26841463170736585,0.2997540049199016
0.9435611287774245,0.9524609507809844
0.20825583488330235,0.2265354692906142
0.2612347753044939,0.2903941921161577
0.25537489250214995,0.25307493850123
0.6913861722765545,0.743385132297354
0.16809663806723865,0.18183636327273456
0.7302053958920822,0.76022479550409
0.619087618247635,0.7124657506849863
0.8021639567208656,0.6456070878582428
0.4671906561868763,0.30669386612267757
0.14317713645727087,0.11953760924781505
0.12087758244835103,0.10943781124377513
0.5449891002179956,0.7258654826903462
0.6105877882442351,0.39105217895642086
0.2392752144957101,0.27429451410971784
0.3262934741305174,0.8702625947481051
0.04125917481650367,0.043519129617407656
0.11545769084618308,0.1518769624607508
0.7681846363072738,0.30855382892342154
0.19357612847743047,0.1374572508549829
0.09521809563808724,0.04839903201935961
0.33417331653366933,0.30875382492350156
0.1645167096658067,0.9474810503789924
0.16093678126437472,0.250914981700366
0.6624067518649627,0.636347273054539
0.8178036439271215,0.6523469530609388
0.6802663946721066,0.8067438651226976
0.3654726905461891,0.29991400171996563
0.2604147917041659,0.5685086298274035
0.9859402811943762,0.9877802443951121
0.11885762284754306,0.18203635927281456
0.3030939381212376,0.3436131277374453
0.8417431651366973,0.8523029539409213
0.23447531049379014,0.251934961300774
0.10297794044119118,0.4852902941941161
0.36153276934461315,0.5841083178336434
0.1525369492610148,0.16591668166636667
0.48727025459490814,0.4016719665606688
0.6533669326613468,0.7251054978900422
0.8362032759344813,0.8336033279334414
0.4038719225615488,0.5775084498310034
0.11535769284614308,0.1398172036559269
0.15567688646227076,0.3888522229555409
0.40059198816023683,0.7864442711145777
0.3518729625407492,0.23071538569228617
0.6128077438451232,0.7266454670906582
0.626047479050419,0.6562468750624988
0.29847403051938964,0.22929541409171816
0.5409291814163717,0.5725885482290355
0.8017839643207136,0.8131637367252655
0.6615667686646267,0.6092878142437151
0.9128017439651207,0.9349213015739686
0.8858222835543289,0.8582228355432892
0.17777644447111057,0.15357692846143078
0.16951660966780666,0.37755244895102097
0.3235535289294214,0.3865522689546209
0.5375492490150198,0.49785004299914004
0.38521229575408494,0.38275234495310095
0.624727505449891,0.31015379692406153
0.14549709005819883,0.14433711325773485
0.18113637727245455,0.2012359752804944
0.3424131517369653,0.43551128977420456
0.9226615467690646,0.8957820843583129
0.8311833763324734,0.75122497550049
0.756004879902402,0.7270654586908262
0.5357892842143157,0.6085878282434352
0.7713845723085538,0.8072038559228816
0.7046059078818424,0.7955640887182257
0.4388712225755485,0.7740645187096258
0.125457490850183,0.11967760644787105
0.5079898402031959,0.7311653766924662
0.5154496910061799,0.5619487610247795
0.7905241895162097,0.8087638247235056
0.10965780684386313,0.11913761724765505
0.08933821323573529,0.12009759804803904
0.4268514629707406,0.7994640107197857
0.6069878602427952,0.5837483250334994
0.49099018019639606,0.5519689606207876
0.9280214395712086,0.9453610927781445
0.11203775924481511,0.23007539849203018
0.6061078778424431,0.5879682406351873
0.7004259914801704,0.8111837763244736
0.18951620967580649,0.43611127777444453
0.2398552028959421,0.23547529049419014
0.5391892162156757,0.751844963100738
0.43593128137437254,0.4162116757664847
0.9349813003739925,0.9282614347713046
0.8282834343313134,0.8333633327333454
0.1130577388452231,0.11039779204415912
0.6527869442611148,0.6991460170796584
0.8609827803443931,0.9019819603607928
0.40661186776264474,0.6782464350712986
0.03207935841283174,0.09119817603647927
0.1632167356652867,0.26023479530409394
0.6523869522609548,0.7147457050858983
0.31689366212675746,0.21049579008419833
0.4531509369812604,0.6003479930401392
0.9019219615607689,0.8496630067398653
0.4042719145617088,0.20859582808343835
0.9817603647927042,0.9767404651906962
0.5449291014179717,0.5489890202195956
0.8697626047479051,0.8600627987440251
0.8543229135417292,0.8589828203435932
0.5432491350172997,0.1503569928601428
0.9466610667786645,0.9586008279834404
0.753684926301474,0.7739845203095939
0.2018559628807424,0.2604147917041659
0.05385892282154357,0.14043719125617488
0.7124457510849783,0.7075658486830264
0.07965840683186337,0.07905841883162337
0.9404411911761765,0.9262214755704886
0.3461330773384532,0.38801223975520494
0.5532289354212916,0.5549089018219636
0.7983040339193216,0.7979040419191616
0.3120737585248295,0.9761004779904402
0.9759804803903922,0.8290034199316014
0.4185716285674287,0.3890722185556289
0.6846463070738585,0.6768664626707466
0.06385872282554349,0.36979260414791704
0.4435711285774285,0.45771084578308435
0.04537909241815164,0.06477870442591148
0.8794024119517609,0.8282834343313134
0.9756404871902562,0.9755804883902323
0.8216035679286414,0.8415831683366333
0.9414611707765845,0.9084418311633767
0.03891922161556769,0.03543929121417572
0.2866142677146457,0.1392972140557189
0.1641767164656707,0.13437731245375092
0.5115297694046119,0.5184296314073719
0.18797624047519051,0.2833543329133417
0.6980260394792105,0.6509469810603788
0.3882722345553089,0.3657326853462931
0.501289974200516,0.504389912201756
0.43609127817443655,0.39053218935621287
0.34793304133917324,0.3005339893202136
0.3987920241595168,0.3138137237255255
0.9496410071798564,0.8407031859362813
0.9631207375852483,0.9854402911941762
0.1477370452590948,0.12851742965140697
0.8285034299314014,0.871242575148497
0.2008759824803504,0.13517729645407092
0.6728065438691226,0.5553488930221395
0.16527669446611068,0.15485690286194276
0.8611027779444411,0.7201455970880583
0.34597308053838927,0.05965880682386353
0.2981540369192616,0.2903141937161257
0.4675706485870283,0.46737065258694827
0.5902681946361072,0.5498090038199236
0.376292474150517,0.376292474150517
0.3583128337433251,0.25787484250314996
0.7913441731165377,0.6110477790444191
0.38041239175216496,0.32535349293014143
0.6151076978460431,0.6525669486610268
0.8166436671266575,0.8471430571388573
0.47367052658946823,0.4674106517869643
0.08493830123397532,0.3321333573328534
0.7888242235155297,0.7768444631107378
0.1871362572748545,0.20617587648247035
0.08009839803203936,0.047219055618887625
0.5228495430091399,0.4776704465910682
0.8340233195336093,0.8416831663366733
0.3080538389232215,0.3559728805423892
0.39133217335653286,0.38259234815303694
0.8209235815283694,0.5818283634327314
0.013159736805263895,0.00625987480250395
0.08527829443411132,0.07345853082938342
0.7749445011099778,0.6794064118717625
0.08103837923241536,0.07819843603127938
0.4152116957660847,0.44307113857722846
0.7361452770944581,0.8197436051278975
0.15823683526329474,0.14147717045659086
0.382152356952861,0.2765344693106138
0.8465230695386092,0.9827403451930962
0.4043319133617328,0.5936481270374593
0.40603187936241275,0.49551008979820405
0.5468690626187477,0.5760484790304194
0.5931881362372753,0.6826263474730505
0.2862742745145097,0.3235335293294134
0.7623247535049299,0.5829683406331874
0.11795764084718306,0.031979360412791744
0.4808303833923322,0.4191516169676607
0.7114057718845623,0.7709245815083698
0.9192816143677127,0.9334413311733766
0.9835203295934082,0.7802243955120898
0.29381412371752563,0.26873462530749387
0.3020939581208376,0.3394532109357813
0.2984940301193976,0.33165336693266134
0.4032719345613088,0.4046719065618688
0.5347093058138838,0.29457410851782967
0.1637967240655187,0.18629627407451851
0.27251454970900585,0.3266134677306454
0.2719145617087658,0.2729945401091978
0.9271614567708646,0.9705005899882003
0.2760744785104298,0.31979360412791746
0.15801683966320673,0.1405971880562389
0.2001159976800464,0.18339633207335854
0.20223595528089439,0.2649347013059739
0.45993080138397235,0.5204895902081959
0.5558288834223316,0.7453650926981461
0.29065418691626166,0.3163536729265415
0.7904841903161937,0.7370652586948261
0.6983260334793304,0.6699266014679707
0.7887642247155057,0.745105097898042
0.2971340573188536,0.3646727065458691
0.5132697346053079,0.5449691006179876
0.15283694326113478,0.18117637647247056
0.3991320173596528,0.4321913561728766
0.9486210275794484,0.9358812823743525
0.8197036059278815,0.6559868802623948
0.5986080278394432,0.627447451050979
0.3134337313253735,0.2914141717165657
0.7682046359072818,0.6884862302753945
0.2252754944901102,0.22519549609007822
0.05691886162276755,0.1758364832703346
0.44707105857882845,0.3487530249395012
0.9598208035839284,0.873502529949401
0.09461810763784724,0.11203775924481511
0.47949041019179617,0.6046479070418592
0.9900401991960162,0.9580808383832323
0.4818103637927242,0.5115297694046119
0.3091338173236535,0.36069278614427713
0.36919261614767707,0.35715285694286114
0.6643667126657468,0.5863682726345474
0.3446531069378613,0.3273734525309494
0.8000439991200177,0.8806623867522649
0.0033199336013279737,0.002759944801103978
0.02889942201155977,0.14595708085838283
0.10987780244395112,0.07125857482850344
0.6948461030779385,0.1625967480650387
0.9393812123757526,0.44907101857962844
0.11743765124697507,0.11611767764644708
0.16621667566648668,0.25387492250154997
0.6071678566428672,0.7589848203035939
0.251434971300574,0.09007819843603128
0.6490070198596029,0.6676666466670667
0.9070018599628008,0.4627507449851003
0.13129737405251896,0.10479790404191916
0.15951680966380674,0.1879362412751745
0.7832243355132897,0.7062458750824984
0.14693706125877484,0.2680946381072379
0.8027439451210976,0.9078418431631368
0.3157136857262855,0.7022259554808904
0.8197236055278895,0.9182616347673047
0.3855922881542369,0.39265214695706085
0.6527669446611069,0.622887542249155
0.6014679706405872,0.614507709845803
0.44845103097938044,0.3004739905201896
0.5447491050178996,0.5283494330113397
0.03637927241455171,0.06807863842723146
0.6924261514769705,0.5236095278094438
0.23237535249295016,0.36829263414731706
0.9149017019659608,0.9407211855762885
0.9419011619767605,0.9358012839743205
0.5365492690146197,0.5160296794064119
0.08555828883422331,0.23129537409251816
0.8317433651326974,0.8547829043419132
0.6669466610667787,0.6769464610707786
0.8138237235255296,0.8217835643287135
0.8929421411571768,0.8953420931581368
0.3159336813263735,0.3138737225255495
0.11189776204475911,0.14499710005799885
0.5603487930241395,0.5266494670106598
0.8937821243575129,0.8691226175476491
0.8263434731305375,0.8147237055258895
0.06477870442591148,0.46997060058798823
0.42089158216835665,0.3979320413591728
0.3489530209395812,0.2978140437191256
0.05705885882282354,0.04845903081938362
0.5039899202015959,0.29391412171756565
0.41077178456430874,0.4353312933741325
0.6045879082418352,0.5306893862122758
0.31831363372732546,0.29585408291834164
0.3541929161416772,0.1893962120757585
0.47035059298814025,0.6058478830423392
0.2784544309113818,0.3605927881442371
0.7192656146877062,0.7936441271174577
0.1761564768704626,0.1736965260694786
0.49509009819803607,0.3904321913561729
0.9667006659866803,0.9506209875802484
0.22803543929121417,0.20611587768244635
0.2897542049159017,0.12197756044879103
0.6129677406451871,0.7243055138897222
0.5513889722205556,0.21005579888402232
0.1744765104697906,0.11873762524749505
0.0015999680006399872,0.002219955600887982
0.34257314853702925,0.36965260694786106
0.16705665886682267,0.11751764964700706
0.22883542329153417,0.21963560728785425
0.754264914701706,0.7684446311073779
0.8354432911341774,0.7737045259094818
0.11449771004579909,0.18137637247255056
0.8214235715285695,0.8550828983420332
0.49845003099938,0.2637147257054859
0.25765484690306195,0.1990760184796304
0.9540609187816244,0.8200835983280335
0.6911461770764585,0.5397492050158997
0.07945841083178337,0.03303933921321574
0.5295494090118198,0.507289854202916
0.3292134157316854,0.44337113257734845
0.29491410171796567,0.12705745885082298
0.11477770444591108,0.07687846243075139
0.507689846203076,0.22413551728965422
0.9246615067698646,0.9100417991640167
0.11519769604607909,0.11973760524789505
0.8677626447471051,0.8406631867362653
0.3636327273454531,0.2136357272854543
0.29675406491870165,0.42963140737185257
0.06461870762584748,0.22793544129117418
0.9463610727785444,0.9364012719745606
0.36959260814783707,0.39501209975800483
0.8433231335373292,0.8140637187256256
0.08973820523589529,0.0039799204015919685
0.7449051018979621,0.6517869642607148
0.9212215755684887,0.9300413991720166
0.16669666606667868,0.40785184296314075
0.3498930021399572,0.3233335333293334
0.7462050758984821,0.7159056818863623
0.25895482090358196,0.3024339513209736
0.6059878802423951,0.5977480450390993
0.38201235975280495,0.3611127777444451
0.622827543449131,0.5431091378172437
0.3620327593448131,0.38475230495390095
0.9694406111877762,0.9711405771884563
0.24161516769664607,0.18403631927361452
0.9173216535669287,0.9383412331753366
0.1124777504449911,0.09667806643867123
0.0372192556148877,0.041779164416711666
0.8878822423551529,0.8858022839543209
0.7678846423071539,0.7633647327053459
0.43171136577268454,0.4182316353672927
0.2282154356912862,0.012119757604847903
0.6647267054658907,0.6696266074678506
0.4590508189836203,0.47921041579168416
0.22271554568908622,0.10127797444051119
0.4020919581608368,0.4195516089678207
0.1479970400591988,0.28195436091278175
0.1876962460750785,0.22987540249195018
0.4673506529869403,0.6813863722725546
0.7360852782944342,0.7900841983160337
0.6254274914501711,0.6284074318513629
0.19367612647747046,0.23957520849583008
0.3930321393572129,0.31781364372712545
0.7354852902941942,0.47887042259154816
0.4609507809843803,0.4762304753904922
0.0747985040299194,0.07029859402811944
0.5408691826163476,0.3930121397572049
0.42609147817043663,0.5720685586288274
0.8420831583368333,0.75942481150377
0.880342393152137,0.9314613707725846
0.6775264494710106,0.6986460270794584
0.746905061898762,0.7401851962960742
0.6420071598568029,0.5596288074238516
0.27105457890842183,0.21871562568748626
0.039559208815823685,0.06761864762704746
0.18483630327393452,0.1132377352452951
0.7902241955160897,0.6905661886762265
0.13583728325433492,0.10909781804363913
0.05383892322153557,0.4492110157796844
0.0508789824203516,0.025779484410311793
0.126137477250455,0.13883722325553488
0.43273134537309255,0.3039939201215976
0.3920321593568129,0.4634907301853963
0.17733645327093459,0.028759424811503773
0.5579888402231955,0.7776044479110418
0.752764944701106,0.7871842563148738
0.4017319653606928,0.26905461890762183
0.7788844223115537,0.7646047079058419
0.8202835943281135,0.9505809883802324
0.20703585928281434,0.23361532769344615
0.8268634627307454,0.6990460190796184
0.48195036099278016,0.46915061698766025
0.1770364592708146,0.6802863942721146
0.8774624507509851,0.877102457950841
0.14215715685686287,0.2262954740905182
0.9247615047699046,0.4472710545789084
0.06815863682726346,0.11669766604667907
0.3981520369592608,0.32981340373192536
0.7736445271094579,0.7846843063138738
0.37979240415191695,0.32167356652866946
0.11839763204735906,0.4788904221915562
0.9615407691846164,0.9743005139897203
0.45635087298254035,0.19669606607867843
0.8676226475470491,0.8722025559488811
0.08197836043279134,0.09077818443631128
0.34437311253774927,0.3530129397412052
0.6012079758404832,0.6319673606527869
0.881722365552689,0.9074818503629928
0.5687286254274915,0.7132457350852983
0.3832923341533169,0.30939381212375755
0.248995020099598,0.19861602767944642
0.4600307993840123,0.45891082178356435
0.35867282654346916,0.3581928361432771
0.04189916201675967,0.03615927681446371
0.6214275714485711,0.4884302313953721
0.7975040499190017,0.7126857462850743
0.18515629687406251,0.14157716845663088
0.9670806583868323,0.9508609827803445
0.7655646887062258,0.7689046219075619
0.5235695286094278,0.5803483930321394
0.027079458410831786,0.04083918321633567
0.7105657886842264,0.6691066178676427
0.49991000179996403,0.2764944701105978
0.3403731925361493,0.48327033459330815
0.1499770004599908,0.20035599288014241
0.7807643847123058,0.7916641667166657
0.8638427231455371,0.8008239835203296
0.7729845403091938,0.8272434551308974
0.29179416411671766,0.381132377352453
0.376712465750685,0.2766344673106538
0.3058338833223336,0.30489390212195755
0.43497130057398853,0.5097298054038919
0.7994440111197776,0.8387232255354893
0.3000739985200296,0.5942481150376993
0.9013819723605528,0.8355832883342333
0.8220435591288174,0.8330033399332014
0.06643867122657547,0.1508169836603268
0.31009379812403753,0.40889182216355674
0.5434291314173717,0.38203235935281293
0.4513109737805244,0.5593488130237395
0.6948661026779465,0.7426051478970421
0.46651066978660427,0.5814683706325874
0.7113057738845223,0.6025679486410273
0.9615007699846003,0.9534409311813764
0.9505609887802244,0.9598008039839203
0.27133457330853383,0.16587668246635068
0.9018619627607448,0.8311233775324494
0.3013739725205496,0.22539549209015822
0.882902341953161,0.8147037059258815
0.5742285154296914,0.49939001219975604
0.7954240915181696,0.760404791904162
0.514689706205876,0.630267394652107
0.09391812163756726,0.05289894202115958
0.4238315233695326,0.1611767764644707
0.4631707365852683,0.5663086738265235
0.9131417371652567,0.9204215915681687
0.5505089898202036,0.48761024779504414
0.018079638407231854,0.02117957640847183
0.9676006479870403,0.9738405231895363
0.884382312353753,0.8864022719545609
0.07119857602847943,0.02237955240895182
0.9867602647947041,0.9841403171936561
0.01011979760404792,0.010259794804103918
0.3983920321593568,0.5148297034059319
0.23457530849383013,0.25817483650326994
0.051838963220735584,0.0625587488250235
0.03499930001399972,0.06679866402671947
0.9986600267994641,0.8511229775404492
0.9429411411771765,0.9246615067698646
0.8445631087378253,0.8035239295214096
0.5974880502389952,0.7333453330933382
0.8879622407551849,0.9089418211635768
0.05167896642067159,0.04799904001919962
0.21631567368652627,0.4696306073878523
0.3336133277334453,0.32209355812883744
0.3623727525449491,0.09309813803723926
0.23523529529409412,0.25417491650166996
0.21857562848743026,0.17985640287194257
0.5178496430071399,0.5481490370192597
0.8526829463410732,0.7763044739105218
0.42181156376872464,0.5181096378072438
0.5460690786184277,0.38531229375412496
0.4495510089798204,0.4644107117857643
0.3245335093298134,0.3412931741365173
0.6105277894442112,0.6391472170556589
0.05685886282274355,0.10141797164056719
0.36331273374532513,0.4112517749645007
0.29167416651666966,0.2916541669166617
0.3118737625247495,0.030859382812343752
0.8436431271374573,0.8100037999240015
0.2385952280954381,0.250854982900342
0.3267734645307094,0.252994940101198
0.49681006379872406,0.5755284894302114
0.9772204555908882,0.9759404811903762
0.9018219635607289,0.887482250354993
0.499710005799884,0.6395272094558109
0.5764084718305634,0.7108057838843224
0.9124817503649927,0.9776004479910402
0.22893542129157418,0.42959140817183655
0.3006739865202696,0.2643347133057339
0.029279414411711766,0.04551908961820764
0.126077478450431,0.08133837323253536
0.49323013539729205,0.48625027499450013
0.9652806943861123,0.9687206255874883
0.6847063058738826,0.5370692586148277
0.4651306973860523,0.3271334573308534
0.8290834183316333,0.8342833143337134
0.7263254734905302,0.8322033559328814
0.4924301513969721,0.509869802603948
0.20959580808383832,0.2968540629187416
0.04377912441751165,0.2405351892962141
0.26069478610427793,0.10897782044359113
0.12423751524969501,0.2158956820863583
0.7825043499130018,0.7717045659086819
0.5598488030239396,0.26949461010779785
0.4913101737965241,0.510589788204236
0.9074018519629607,0.9626007479850404
0.15651686966260675,0.07785844283114338
0.5835883282334353,0.5850082998340034
0.30837383252334954,0.4882502349953001
0.08379832403351933,0.06861862762744746
0.754404911901762,0.7977240455190896
0.9681606367872643,0.9684206315873682
0.0629387412251755,0.04313913721725566
0.635887282254355,0.2149557008859823
0.9797404051918962,0.7864042719145617
0.46125077498450034,0.46931061378772426
0.5349893002139957,0.5492690146197077
0.2242155156896862,0.21545569088618227
0.9493010139797204,0.8377832443351133
0.10187796244075119,0.1369572608547829
0.12065758684826304,0.1482770344593108
0.9709805803883923,0.9709605807883843
0.6019079618407632,0.5715685686286275
0.5900081998360033,0.5838883222335554
0.2659146817063659,0.3663726725465491
0.877902441951161,0.743165136697266
0.10283794324113518,0.10795784084318313
0.3352732945341093,0.32935341293174136
0.28355432891342175,0.26611467770644587
0.3532729345413092,0.44685106297874044
0.42161156776864467,0.4545909081818364
0.1393972120557589,0.06731865362692746
0.31913361732765344,0.4496310073798524
0.8148237035259295,0.6543669126617467
0.9011419771604569,0.9065618687626248
0.10205795884082319,0.15833683326333473
0.6499270014599708,0.2677546449071019
0.12317753644927101,0.19311613767724647
0.507389852202956,0.5089298214035719
0.36899262014759704,0.2715745685086298
0.012959740805183896,0.00377992440151197
0.9335813283734326,0.9177816443671127
0.3055938881222376,0.30911381772364555
0.1756164876702466,0.24571508569828604
0.9815003699926002,0.626447471050579
0.6032479350412991,0.7010659786804264
0.3330933381332373,0.38183236335273296
0.32317353652926945,0.3491730165396692
0.6394072118557629,0.5939481210375793
0.127817443651127,0.13323733525329493
0.8324433511329774,0.9561008779824404
0.5556688866222675,0.374892502149957
0.6480670386592269,0.6172876542469151
0.8981620367592649,0.9043019139617208
0.8832823343533129,0.8620027599448011
0.12291754164916702,0.1502569948601028
0.5428491430171397,0.5047899042019159
0.8305433891322174,0.8310033799324014
0.5975680486390272,0.7264454710905782
0.7301053978920422,0.6968060638787225
0.7605847883042339,0.38069238615227696
0.4895302093958121,0.7836243275134498
0.75082498350033,0.6030679386412272
0.9528609427811444,0.9579608407831843
0.6571868562628748,0.6587068258634827
0.7061458770824584,0.374192516149677
0.6510669786604268,0.29127417451650967
0.5404691906161877,0.5848683026339473
0.9002619947601048,0.9426011479770405
0.012639747205055899,0.34501309973800526
0.6790664186716265,0.7326853462930741
0.49923001539969203,0.5584288314233715
0.12263754724905503,0.11529769404611909
0.04895902081958361,0.08619827603447931
0.11057778844423112,0.1643167136657267
0.875682486350273,0.8933821323573529
0.27899442011159775,0.25217495650087
0.07939841203175937,0.07695846083078339
0.5809883802323954,0.6503469930601388
0.12901741965160698,0.035539289214215716
0.7959840803183936,0.7949241015179697
0.377112457750845,0.2876942461150777
0.6812463750724985,0.6065878682426352
0.39641207175856485,0.45513089738205237
0.3234335313293734,0.376392472150557
0.503709925801484,0.4504909901801964
0.42929141417171657,0.32741345173096537
0.5096898062038759,0.5367492650146998
0.03849923001539969,0.03941921161576769
0.28171436571268577,0.4527909441811164
0.250754984900302,0.34553308933821325
0.632347353052939,0.5595088098238036
0.3986720265594688,0.40887182256354876
0.38059238815223695,0.3405731885362293
0.5441891162176756,0.501789964200716
0.26987460250794987,0.18049639007219856
0.4547109057818844,0.3885122297554049
0.7723045539089218,0.7444651106977861
0.7862842743145138,0.8683426331473371
0.4344113117737645,0.4340113197736045
0.28687426251474973,0.27979440411191775
0.8551228975420492,0.8383232335353293
0.9865802683946321,0.45847083058338833
0.16427671446571068,0.16877662446751066
0.7718245635087299,0.7684846303073939
0.29921401571968564,0.1759364812703746
0.27025459490810183,0.380612387752245
0.9875602487950241,0.9872602547949041
0.6669666606667867,0.7217455650886982
0.4483510329793404,0.8249835003299935
0.3012339753204936,0.25829483410331794
0.6290874182516349,0.627887442251155
0.750564988700226,0.8488630227395453
0.6446471070578589,0.5685686286274275
0.19485610287794244,0.18663626727465452
0.9682806343873123,0.9643807123857523
0.35887282254354913,0.5066098678026439
0.5342693146137077,0.5810083798324034
0.20989580208395833,0.22125557488850223
0.7651046979060419,0.5915881682366353
0.992780144397112,0.9911601767964641
0.36029279414411713,0.49549009019819606
0.9695806083878323,0.9370012599748005
0.6179876402471951,0.6928261434771305
0.8535229295414092,0.6862062758744826
0.12189756204875903,0.20263594728105438
0.4916501669966601,0.504669906601868
0.9750604987900242,0.9291614167716646
0.624847503049939,0.7291254174916502
0.9422011559768805,0.9510009799804005
0.7130457390852183,0.7871242575148497
0.06885862282754344,0.09891802163956721
0.6028879422411552,0.6088278234435311
0.08241835163296735,0.07837843243135137
0.7079858402831943,0.5490890182196356
0.15353692926141477,0.14665706685866284
0.6435271294574109,0.7659846803063939
0.997340053198936,0.5651886962260755
0.20777584448311034,0.29835403291934165
0.7952640947181057,0.43519129617407654
0.2900541989160217,0.3362532749345013
0.1761364772704546,0.17141657166856664
0.4582508349833003,0.5292494150116998
0.7054458910821784,0.7396452070958581
0.2161756764864703,0.2583148337033259
0.4653306933861323,0.5261894762104758
0.6872062558748825,0.5808483830323393
0.03895922081558369,0.058118837623247536
0.027339453210935782,0.025419491610167797
0.5525489490210196,0.5801683966320674
0.11125777484450311,0.10617787644247115
0.3031939361212776,0.249915001699966
0.29157416851662965,0.3147937041259175
0.7503049939001221,0.5821683566328674
0.745085098298034,0.75722485550289
0.5592088158236835,0.7443651126977461
0.36839263214735707,0.374932501349973
0.26703465930681386,0.21917561648767026
0.5320293594128117,0.3836923261534769
0.1622367552648947,0.2795344093118138
0.9235015299694006,0.9402011959760805
0.28397432051358973,0.29303413931721367
0.4546509069818604,0.376952460950781
0.07699846003079938,0.09333813323733525
0.9876402471950562,0.9882402351952961
0.9400811983760325,0.9199816003679927
0.867442651146977,0.8599028019439612
0.748085038299234,0.7953040939181216
0.005799884002319954,0.003479930401391972
0.4514309713805724,0.47205055898882026
0.7594648107037859,0.7975640487190256
0.5464490710185796,0.5216895662086758
0.42581148377032463,0.4945701085978281
0.2766944661106778,0.2810743785124298
0.29271414571708565,0.3891322173556529
0.7918641627167456,0.7595448091038179
0.9807003859922802,0.9675806483870323
0.5298694026119478,0.7043859122817544
0.505989880202396,0.34839303213935724
0.14323713525729487,0.07743845123097538
0.08019839603207936,0.08367832643347134
0.2987540249195016,0.378892422151557
0.3275134497310054,0.21637567248655026
0.3065738685226296,0.30591388172236555
0.9348413031739365,0.8720825583488331
0.5399892002159957,0.4949101017979641
0.0373192536149277,0.05471890562188757
0.5910881782364353,0.3289134217315654
0.5122097558048839,0.5279894402111958
0.037459250814983705,0.04401911961760765
0.8457030859382813,0.9888802223955522
0.6019679606407872,0.5407891842163157
0.8491830163396732,0.8430631387372253
0.34685306293874124,0.38229235415291696
0.3301933961320774,0.49837003259934803
0.26675466490670185,0.28165436691266177
0.24421511569768606,0.11965760684786304
0.01899962000759985,0.02271954560908782
0.30701385972280554,0.26875462490750185
0.507589848203036,0.4935301293974121
0.05109897802043959,0.06131877362452751
0.017859642807143857,0.012939741205175897
0.8124437511249776,0.7671646567068658
0.8655826883462331,0.8573028539429212
0.21919561608767826,0.2885942281154377
0.48521029579408415,0.9784804303913922
0.637287254254915,0.6650866982660347
0.011659766804663907,0.012179756404871903
0.1898162036759265,0.2031959360812784
0.251554968900622,0.756804863902722
0.4287514249715006,0.634327313453731
0.125137497250055,0.1000379992400152
0.3416731665366693,0.27005459890802186
0.18203635927281456,0.16701665966680668
0.752364952700946,0.7793044139117218
0.04183916321673567,0.0378192436151277
0.887562248755025,0.882282354352913
0.9963800723985521,0.9963600727985441
0.6671866562668747,0.5240095198096039
0.5223895522089559,0.44707105857882845
0.2653346933061339,0.20449591008179838
0.8506029879402413,0.8479230415391692
0.8232235355292894,0.8077838443231136
0.4161716765664687,0.37205255894882105
0.8332633347333054,0.8714225715485691
0.8976820463590729,0.878502429951401
0.629627407451851,0.6038079238415232
0.8781424371512571,0.7687246255074899
0.3578528429431411,0.4264314713705726
0.6175276494470111,0.6879262414751706
0.19807603847923042,0.32889342213155737
0.3392132157356853,0.3648127037459251
0.07041859162816744,0.0749585008299834
0.6764464710705786,0.7072058558828823
0.9814203715925682,0.9806603867922642
0.1899962000759985,0.27239455210895785
0.4401911961760765,0.4734105317893642
0.45245095098098037,0.36685266294674107
0.9614607707845844,0.9618807623847523
0.2769944601107978,0.29409411811763764
0.020799584008319834,0.043499130017399655
0.1483970320593588,0.15571688566228675
0.7924841503169937,0.8592828143437131
0.5838483230335394,0.5647687046259074
0.5974080518389633,0.5850482990340193
0.2855342893142137,0.23501529969400614
0.5528889422211556,0.7224655506889862
0.5317293654126918,0.7217255654886903
0.03251934961300774,0.03609927801443971
0.39225215495690086,0.3495530089398212
0.9076418471630567,0.887122257554849
0.6325273494530109,0.6111077778444431
0.07481850362992741,0.039679206415871686
0.9088618227635448,0.9374412511749766
0.2662146757064859,0.5926881462370753
0.8802023959520809,0.9154816903661928
0.38585228295434093,0.3196136077278455
0.8488430231395372,0.8421231575368493
0.7781844363112738,0.7870442591148177
0.14445711085778284,0.07963840723185536
0.3536329273414532,0.14307713845723086
0.2777744445111098,0.38075238495230096
0.7700245995080098,0.7791444171116578
0.07331853362932741,0.14497710045799084
0.5643087138257235,0.5285094298114038
0.255394892102158,0.24599508009839804
0.633867322653547,0.625247495050099
0.8083638327233456,0.8678426431471371
0.8002639947201057,0.8289634207315854
0.5116497670046599,0.503409931801364
0.12213755724885503,0.14095718085638287
0.3906121877562449,0.28321433571328575
0.506129877402452,0.4761704765904682
0.15327693446131077,0.11453770924581509
0.254314913701726,0.1755564888702226
0.2845543089138217,0.03009939801203976
0.506009879802404,0.5310493790124198
0.27253454930901383,0.4307513849723006
0.1384772304553909,0.13315733685326295
0.3642927141457171,0.5861082778344433
0.7237055258894822,0.7318453630927382
0.7956240875182496,0.6990260194796104
0.5300293994120118,0.6002079958400832
0.5888882222355553,0.5967080658386833
0.6360472790544189,0.624707505849883
0.06503869922601548,0.0507789844203116
0.25769484610307797,0.3879922401551969
0.6122877542449151,0.7004059918801624
0.43415131697366055,0.5925681486370272
0.48321033579328415,0.47189056218875625
0.24367512649747006,0.4247315053698926
0.3528929421411572,0.32781344373112536
0.004379912401751965,0.006619867602647947
0.34427311453770926,0.26697466050678986
0.8549229015419691,0.9091018179636408
0.15455690886182277,0.15739685206295875
0.995760084798304,0.9987600247995041
0.5312493750124998,0.5560088798224035
0.8948421031579369,0.750444991100178
0.1370172596548069,0.06525869482610348
0.99990000199996,0.99990000199996
0.1863562728745425,0.4475110497790044
0.6732065358692826,0.619307613847723
0.8497630047399052,0.8291434171316574
0.6122077558448831,0.633367332653347
0.5640687186256275,0.6064878702425952
0.006019879602407952,0.00505989880202396
0.21911561768764626,0.34147317053658927
0.5657886842263155,0.5790284194316114
0.7207455850882982,0.7329253414931701
0.9331013379732406,0.765004699906002
0.7066258674826503,0.6545669086618268
0.48173036539269215,0.47071058578828423
0.1867362652746945,0.19721605567888642
0.08097838043239136,0.11365772684546309
0.7093058138837224,0.6408071838563228
0.37091258174836506,0.22229555408891824
0.06415871682566349,0.07931841363172737
0.9986800263994721,0.9992200155996881
0.43131137377252454,0.6017479650406992
0.45987080258394836,0.375372492550149
0.5246495070098598,0.8688826223475531
0.38345233095338094,0.35799284014319716
0.9702205955880883,0.9710605787884242
0.7268254634907302,0.8031639367212656
0.885762284754305,0.9386212275754485
0.8169436611267775,0.7149657006859863
0.4525909481810364,0.372152556948861
0.033519329613407735,0.04423911521769565
0.9796204075918482,0.9842403151936961
0.753464930701386,0.7233055338893223
0.49881002379952405,0.5812283754324914
0.5484490310193796,0.5350692986140277
0.3433931321373573,0.3285334293314134
0.6866662666746666,0.5493890122197557
0.4413911721765565,0.4171516569668607
0.5360892782144357,0.6332273354532909
0.9093418131637367,0.9361812763744726
0.8525829483410332,0.8496830063398733
0.23217535649287016,0.35839283214335715
0.9399812003759925,0.9416611667766644
0.6705265894682106,0.21933561328773427
0.06589868202635947,0.125337493250135
0.8848823023539529,0.6481670366592668
0.02009959800803984,0.04133917321653567
0.6891262174756505,0.6444471110577789
0.11829763404731906,0.14231715365692688
0.6082278354432912,0.44551108977820447
0.5671886562268755,0.6526669466610668
0.6973460530789385,0.9006419871602568
0.11595768084638308,0.13279734405311894
0.6592268154636908,0.5963680726385473
0.6210875782484351,0.6694666106677867
0.7099858002839944,0.7244455110897783
0.5225695486090278,0.751344973100538
0.9069218615627688,0.9038619227615448
0.5222895542089159,0.5870282594348113
0.4424911501769965,0.7345253094938101
0.45709085818283635,0.4879902401951961
0.2754144917101658,0.2884542309153817
0.6676466470670587,0.6407271854562909
0.9902801943961121,0.9899402011959761
0.24571508569828604,0.19679606407871844
0.24825503489930204,0.2697546049079019
0.35337293254134916,0.37085258294834106
0.05491890162196756,0.05373892522149557
0.1370372592548149,0.15639687206255876
0.33409331813363735,0.377572448551029
0.7188656226875463,0.6877262454750905
0.09145817083658327,0.21985560288794226
0.24465510689786205,0.19495610087798246
0.5618687626247475,0.3935921281574369
0.4642507149857003,0.4759704805903882
0.6477070458590828,0.6349473010539789
0.6765464690706187,0.4902501949961001
0.46061078778424436,0.503469930601388
0.74702505949881,0.7914641707165857
0.15791684166316675,0.17039659206815863
0.16921661566768664,0.1655766884662307
0.7290654186916262,0.8066838663226735
0.6525069498610028,0.6671266574668507
0.44787104257914845,0.43245135097298054
0.6748665026699466,0.747245055098898
0.5456090878182437,0.40665186696266076
0.08049839003219936,0.07661846763064739
0.19449611007779846,0.2134957300853983
0.7903441931161377,0.9060618787624248
0.1411371772564549,0.22903541929161417
0.5386292274154517,0.7921841563168737
0.380892382152357,0.374272514549709
0.8048639027219456,0.6691866162676746
0.8222435551288975,0.8610427791444172
0.1766764664706706,0.32941341173176536
0.500829983400332,0.5892482150356994
0.47377052458950825,0.5590288194236116
0.3528729425411492,0.36177276454470914
0.23763524729505411,0.19639607207855844
0.6175676486470271,0.5659486810263795
0.42061158776824464,0.6497470050598988
0.5745485090298195,0.5444691106177877
0.7141857162856743,0.7212055758884822
0.09633807323853523,0.10491790164196717
0.13275734485310295,0.3497730045399092
0.8914221715565689,0.6491870162596748
0.7267454650906983,0.7250254994900103
0.14539709205815884,0.1503169936601268
0.7761044779104418,0.4928501429971401
0.7031859362812743,0.6999660006799864
0.21669566608667828,0.2366152676946461
0.15879682406351875,0.04633907321853563
0.41799164016719664,0.4736905261894762
0.6850062998740025,0.5546289074218516
0.22213555728885423,0.24743505129897403
0.4886102277954441,0.618507629847403
0.49813003739925205,0.4652106957860843
0.06557868842623148,0.07361852762944741
0.5959880802383952,0.6498670026599468
0.7677646447071059,0.8327233455330894
0.5469290614187716,0.40591188176236476
0.3148137037259255,0.33185336293274137
0.20899582008359832,0.1744765104697906
0.7610847783044339,0.7843243135137298
0.3128137437251255,0.26801463970720585
0.5410891782164357,0.6412271754564909
0.9031619367612648,0.7096858062838743
0.8165036699266015,0.8405431891362173
0.9458810823783524,0.9368612627747446
0.6471070578588428,0.46959060818783627
0.7782044359112819,0.8112637747245055
0.023399532009359812,0.04011919761604768
0.7401651966960661,0.8281434371312574
0.24711505769884604,0.3149537009259815
0.9659806803863923,0.5274294514109718
0.8246435071298575,0.8464230715385692
0.5929481410371793,0.7847443051138977
0.75672486550269,0.6976460470790584
0.029059418811623768,0.025379492410151798
0.6652266954660907,0.5931281374372512
0.4795104097918042,0.5826883462330753
0.47105057898842023,0.3498930021399572
0.04395912081758365,0.06075878482430352
0.8592828143437131,0.8449431011379772
0.3457330853382932,0.34307313853722926
0.39743205135897286,0.42947141057178856
0.38537229255414895,0.3561928761424772
0.9613607727845443,0.9470810583788325
0.41717165656686866,0.3165136697266055
0.05259894802103958,0.0031599368012639748
0.6955060898782025,0.634667306653867
0.004399912001759965,0.005479890402191956
0.6951060978780425,0.7176656466870663
0.34309313813723724,0.27139457210855783
0.37073258534829306,0.18533629327413453
0.44487110257794843,0.49127017459650807
0.8939821203575928,0.9099218015639687
0.6973860522789544,0.9723005539889202
0.9483410331793365,0.8991620167596648
0.03397932041359173,0.033619327613447735
0.05701885962280755,0.07607847843043139
0.2630347393052139,0.31667366652666945
0.8045039099218015,0.8311433771324573
0.0003999920001599968,0.0009799804003919922
0.5863882722345554,0.39551208975820484
0.26171476570468594,0.1991360172796544
0.9415611687766245,0.9329613407731846
0.752584948301034,0.6873262534749305
0.5970480590388192,0.6018479630407392
0.3282534349313014,0.379472410551789
0.4103317933641327,0.4180716385672287
0.34341313173736526,0.4029719405611888
0.5964480710385792,0.7958840823183536
0.22003559928801425,0.16731665366692666
0.9920801583968321,0.9915801683966321
0.4083918321633567,0.39545209095818085
0.4133117337653247,0.38463230735385295
0.21447571048579028,0.19225615487690248
0.6883662326753465,0.7044859102817944
0.878442431151377,0.8726625467490651
0.0876182476350473,0.14311713765724687
0.1643167136657267,0.17915641687166256
0.508429831403372,0.5513089738205236
0.4605907881842363,0.3601927961440771
0.9776404471910562,0.9776804463910722
0.5122497550048999,0.7053058938821224
0.4629307413851723,0.5073098538029239
0.059718805623887525,0.07839843203135938
0.7115457690846183,0.5737085258294834
0.9942401151976961,0.9929001419971601
0.8590628187436251,0.8195236095278094
0.8397832043359134,0.8101037979240415
0.7879642407151857,0.7974640507189856
0.13173736525269494,0.124837503249935
0.39921201575968485,0.46189076218475633
0.8253634927301454,0.7839243215135697
0.10847783044339114,0.33597328053438935
0.0879782404351913,0.08975820483590329
0.7833643327133457,0.8492430151396972
0.030519389612207758,0.02785944281114378
0.01625967480650387,0.014339713205735885
0.3279134417311654,0.7063858722825543
0.8916621667566649,0.749565008699826
0.19473610527789445,0.24497510049799004
0.376592468150637,0.3987920241595168
0.2910741785164297,0.3057138857222856
0.04083918321633567,0.03357932841343173
0.23991520169596608,0.23791524169516612
0.0075798484030319396,0.006699866002679947
0.31083378332433353,0.05243895122097558
0.39881202375952485,0.375572488550229
0.11479770404591909,0.1638367232655347
0.1874962500749985,0.20377592448151038
0.39425211495770085,0.19915601687966242
0.3393932121357573,0.45583088338233235
0.4000319993600128,0.2958140837183256
0.6356072878542429,0.28425431491370173
0.37983240335193297,0.5306493870122597
0.2397352052958941,0.30363392732145356
0.500929981400372,0.500189996200076
0.044379112417751644,0.04111917761644767
0.8241435171296574,0.8113837723245535
0.8218435631287374,0.7572648547029059
0.8701425971480571,0.6685066298674027
0.09957800843983121,0.09015819683606328
0.06927861442771145,0.28493430131397374
0.03599928001439971,0.07761844763104739
0.5044499110017799,0.4652506949861003
0.9334213315733686,0.9220215595688086
0.2735745285094298,0.3120737585248295
0.4752304953900922,0.34313313733725326
0.6145477090458191,0.7659446811063779
0.8005039899202017,0.8068238635227296
0.507829843403132,0.2619347613047739
0.1736965260694786,0.2398152036959261
0.7677846443071139,0.8193836123277535
0.16571668566628667,0.15755684886302274
0.28629427411451774,0.44181116377672447
0.758004839903202,0.75192496150077
0.09339813203735925,0.12037759244815104
0.6439471210575789,0.7281854362912742
0.6801063978720426,0.6586668266634668
0.6727665446691067,0.4759904801903962
0.40789184216315677,0.25543489130217395
0.44679106417871645,0.4480710385792284
0.9153816923661527,0.9395212095758085
0.40007199856002884,0.3111337773244535
0.35633287334253316,0.34251314973700525
0.18509629807403852,0.18163636727265456
0.3575728485430292,0.26035479290414193
0.4798704025919482,0.6652266954660907
0.5972480550388992,0.5363092738145238
0.4847303053938921,0.42517149657006864
0.999660006799864,0.999640007199856
0.06187876242475151,0.17895642087158256
0.002159956800863983,0.002899942001159977
0.48733025339493213,0.5482090358192836
0.9960000799984,0.9960400791984161
0.7753244935101298,0.6576668466630667
0.9232415351692966,0.9222015559688806
0.3485330293394132,0.39059218815623686
0.5152296954060919,0.5282294354112917
0.2883742325153497,0.26681466370672585
0.025559488810223796,0.029299414011719767
0.1380572388552229,0.12885742285154297
0.5261094778104438,0.6563268734625308
0.22949541009179816,0.26623467530649386
0.3154136917261655,0.4031519369612608
0.753104937901242,0.754884902301954
0.8112437751244975,0.878982420351593
0.5181896362072759,0.5968080638387232
0.627327453450931,0.6151676966460671
0.09159816803663927,0.08153836923261536
0.9058218835623287,0.9278414431711366
0.6029679406411872,0.6149877002459951
0.04929901401971961,0.04509909801803964
0.6572268554628907,0.6436071278574429
0.5435291294174117,0.17275654486910264
0.8465630687386253,0.8539429211415772
0.37103257934841305,0.4381312373752525
0.7485850282994341,0.7347053058938822
0.04031919361612768,0.029759404811903763
0.09129817403651927,0.126377472450551
0.20673586528269436,0.013419731605367894
0.2613547729045419,0.5990080198396033
0.2692946141077179,0.13411731765364693
0.506309873802524,0.43343133137337253
0.7426251474970501,0.7789644207115858
0.5618487630247395,0.3178936421271575
0.025619487610247797,0.029699406011879762
0.2825543489130217,0.22201555968880624
0.9382012359752805,0.9272214555708886
0.11495770084598309,0.1497370052598948
0.8506429871402572,0.9427811443771125
0.24725505489890204,0.2879942401151977
0.4151916961660767,0.7107257854842903
0.04869902601947961,0.06581868362632748
0.8274034519309614,0.7743645127097458
0.8085038299234015,0.8139037219255615
0.8592228155436892,0.8160036799264015
0.8592428151436972,0.874882502349953
0.8927021459570809,0.8621227575448491
0.3635127297454051,0.1625367492650147
0.3995920081598368,0.3870122597548049
0.04847903041939161,0.04169916601667967
0.7116457670846583,0.6680466390672187
0.09455810883782324,0.0873782524349513
0.6952260954780904,0.30881382372352556
0.5323093538129238,0.5305893882122358
0.10993780124397512,0.10405791884162317
0.9241215175696487,0.9095418091638168
0.24867502649947001,0.36773264534709305
0.1757564848703026,0.10585788284234315
0.26981460370792587,0.2399352012959741
0.8016439671206577,0.378372432551349
0.4146317073658527,0.4238915221695566
0.8650826983460331,0.8390232195356093
0.19969600607987842,0.32083358332833345
0.47417051658966825,0.3440731185376293
0.6182476350472991,0.9297814043719126
0.46783064338713226,0.376732465350693
0.2798744025119498,0.27017459650806985
0.876902461950761,0.883002339953201
0.7750244995100098,0.8029839403211936
0.30853382932341356,0.46113077738445235
0.43135137297254056,0.4383712325753485
0.3389132217355653,0.34575308493830126
0.8531629367412652,0.8652826943461132
0.13517729645407092,0.15455690886182277
0.7724845503089939,0.6571268574628507
0.7658446831063379,0.7997840043199136
0.3356732865342693,0.5268694626107479
0.45795084098318034,0.42089158216835665
0.9196616067678647,0.9091818163636728
0.871922561548769,0.8425431491370173
0.40911181776364475,0.1510769784604308
0.05753884922301554,0.05253894922101558
0.624987500249995,0.6832063358732826
0.2641147177056459,0.26497470050598987
0.9767404651906962,0.9852802943941121
0.8021039579208417,0.8269434611307774
0.04049919001619968,0.03537929241415172
0.751464970700586,0.7630247395052099
0.2951940961180777,0.35519289614207716
0.09343813123737525,0.13017739645207096
0.5756684866302674,0.43513129737405254
0.375852482950341,0.3423531529369413
0.2613347733045339,0.23111537769244617
0.2363352732945341,0.22479550408991822
0.49093018139637207,0.6450670986580269
0.502969940601188,0.3905521889562209
0.13097738045239096,0.07621847563048739
0.1752564948701026,0.24163516729665407
0.501809963800724,0.5214495710085798
0.6850262994740105,0.6626867462650747
0.14695706085878282,0.060018799624007524
0.7354052918941621,0.7012259754804904
0.48131037379252417,0.499590008199836
0.24829503409931802,0.22399552008959822
0.6717865642687146,0.7137257254854903
0.5563888722225556,0.6032079358412832
0.016099678006439872,0.01373972520549589
0.868142637147257,0.877262454750905
0.07797844043119138,0.3446531069378613
0.5325493490130198,0.6553468930621388
0.9252414951700967,0.8089438211235775
0.5919481610367793,0.5252294954100918
0.4371512569748605,0.3359132817343653
0.4626507469850603,0.4447111057778845
0.6657466850662987,0.7834843303133937
0.4379112417751645,0.2271354572908542
0.7596848063038739,0.6534669306613868
0.9083218335633287,0.9413211735765284
0.17339653206935862,0.20737585248295035
0.4883302333953321,0.498170036599268
0.6017679646407073,0.5681086378272435
0.8141037179256415,0.8224835503289935
0.5355692886142277,0.5814883702325954
0.8177036459270814,0.745085098298034
0.4900701985960281,0.4869102617947641
0.6852462950740985,0.6810663786724266
0.6024479510409791,0.6514269714605708
0.4461910761784764,0.5565488690226196
0.12437751244975101,0.13639727205455893
0.1496570068598628,0.11213775724485511
0.5317493650126998,0.5203695926081479
0.47133057338853224,0.625367492650147
0.1881362372752545,0.15555688886222277
0.5395092098158037,0.5498690026199476
0.4352712945741085,0.44175116497670047
0.40607187856242877,0.3903121937561249
0.8488230235395292,0.8637227255454891
0.3144137117257655,0.377992440151197
0.27061458770824587,0.21591568168636627
0.8516029679406412,0.8386232275354493
0.4694706105877883,0.6001879962400752
0.14361712765744686,0.17083658326833465
0.6876262474750505,0.23263534729305416
0.510129797404052,0.5711285774284515
0.5816683666326674,0.49815003699926
0.8567028659426812,0.8604827903441932
0.26829463410731785,0.3467530649387012
0.6141077178456431,0.3439131217375653
0.2978340433191336,0.5743285134297315
0.4827303453930922,0.43073138537229255
0.9064418711625768,0.8998020039599208
0.7641847163056739,0.21017579648407034
0.3245735085298294,0.30619387612247756
0.5682686346273075,0.6641867162656747
0.11943761124777505,0.10709785804283915
0.9610607787844243,0.9529409411811764
0.5162296754064919,0.6036279274414512
0.015179696406071879,0.012839743205135899
0.8061038779224415,0.5722885542289154
0.5782284354312914,0.623347533049339
0.5720085598288035,0.5204495910081799
0.22799544009119818,0.2387952240955181
0.3338933221335573,0.3286334273314534
0.08459830803383933,0.05229895402091958
0.010819783604327914,0.009059818803623929
0.879602407951841,0.6888862222755545
0.9894202115957681,0.8075038499230016
0.6796864062718746,0.7700445991080178
0.7762844743105138,0.7587848243035139
0.15505689886202276,0.16937661246775065
0.15541689166216677,0.12785744285114298
0.8210635787284255,0.8419831603367933
0.9177816443671127,0.9112217755644887
0.2246155076898462,0.1737765244695106
0.07911841763164737,0.05915881682366353
0.1730965380692386,0.24983500329993402
0.75642487150257,0.8034239315213696
0.14349713005739886,0.08053838923221536
0.3038739225215496,0.2254154916901662
0.05769884602307954,0.058598828023439534
0.9576408471830564,0.9658406831863363
0.3653526929461411,0.3563728725425492
0.7443451130977381,0.5491290174196516
0.2944541109177817,0.24667506649867005
0.7738245235095298,0.6785464290714186
0.3297934041319174,0.25515489690206195
0.8946221075578489,0.9052618947621048
0.7352052958940821,0.7897042059158818
0.9558608827823444,0.9436211275774485
0.8907221855562889,0.8654426911461771
0.9280014399712007,0.9198816023679527
0.2886142277154457,0.2888742225155497
0.761664766704666,0.7424851502969941
0.19179616407671848,0.00891982160356793
0.5404491910161797,0.5435491290174197
0.7659246815063699,0.8451430971380572
0.19159616807663848,0.20471590568188636
0.8254834903301934,0.8090038199236016
0.39093218135637287,0.37223255534889305
0.7073258534829303,0.6872062558748825
0.5370892582148358,0.37435251294974103
0.5505889882202356,0.5217295654086919
0.14555708885822283,0.1386572268554629
0.6968660626787464,0.7774644507109858
0.43411131777364453,0.3397932041359173
0.9356012879742406,0.9243615127697447
0.621927561448771,0.5060698786024279
0.08297834043319134,0.05495890082198356
0.13549729005419892,0.10443791124177516
0.4121317573648527,0.44341113177736446
0.2998740025199496,0.2940541189176217
0.5633687326253475,0.5786084278314434
0.04885902281954361,0.04143917121657567
0.8235435291294174,0.6866862662746746
0.627027459450811,0.6818263634727306
0.3109137817243655,0.46943061138777226
0.5224095518089639,0.4792904141917162
0.5521289574208516,0.5333293334133318
0.0001399972000559989,0.00015999680006399873
0.9534209315813684,0.9470410591788164
0.11051778964420712,0.5168096638067239
0.6313873722525549,0.8419631607367853
0.623307533849323,0.7165056698866022
0.5972680546389072,0.5223495530089398
0.9319413611727766,0.9527609447811044
0.9609807803843924,0.9675406491870163
0.9218015639687207,0.9805203895922082
0.18171636567268656,0.1362972740545189
0.7039859202815943,0.7364252714945702
0.35747285054298916,0.42169156616867665
0.004719905601887962,0.0038799224015519693
0.22161556768864624,0.20381592368152637
0.3861122777544449,0.6558468830623387
0.48203035939281214,0.5321893562128758
0.31859362812743747,0.3497330053398932
0.32369352612947744,0.4269314613707726
0.25577488450230995,0.24529509409811803
0.9154616907661847,0.9054818903621928
0.8171236575268495,0.8031239375212496
0.04071918561628768,0.0376792464150717
0.10421791564168717,0.11787764244715106
0.7983840323193536,0.8271034579308414
0.6691866162676746,0.7063058738825224
0.5316493670126597,0.23131537369252617
0.24237515249695007,0.39715205695886086
0.21999560008799826,0.18171636567268656
0.19543609127817443,0.37469250614987704
0.027799444011119778,0.01637967240655187
0.09469810603787925,0.06901861962760746
0.7288454230915382,0.9426411471770565
0.6430271394572109,0.5990480190396192
0.4890502189956201,0.4388912221755565
0.0007999840003199936,0.0008599828003439931
0.20149597008059839,0.08565828683426331
0.05535889282214356,0.16107677846443072
0.7101257974840504,0.4698106037879243
0.24815503689926202,0.18155636887262255
0.8962620747585048,0.9149217015659687
0.5446691066178677,0.6467470650586988
0.629807403851923,0.622827543449131
0.04027919441611168,0.032999340013199735
0.04565908681826364,0.04505909881802364
0.6855862882742345,0.8239835203295934
0.8407231855362893,0.8450830983380333
0.45679086418271636,0.3929121417571649
0.08581828363432732,0.06759864802703947
0.7722045559088818,0.7413651726965461
0.7116257674846503,0.8115637687246255
0.6999860002799945,0.877642447151057
0.5593088138237235,0.5429091418171637
0.29649407011859763,0.2390552188956221
0.6570068598628027,0.5677686446271075
0.3145137097258055,0.39985200295994083
0.01751964960700786,0.004199916001679967
0.2144957100857983,0.17943641127177457
0.8130237395252096,0.7060858782824344
0.3676326473470531,0.3502929941401172
0.21521569568608628,0.12887742245155098
0.8507029859402813,0.7030259394812104
0.7626647467050659,0.7140057198856024
0.6023679526409472,0.7186256274874503
0.9870202595948081,0.992780144397112
0.4835303293934122,0.5828483430331394
0.04423911521769565,0.050438991220175595
0.39317213655726885,0.35325293494130117
0.26951460970780583,0.25547489050218997
0.39443211135777284,0.2391552168956621
0.5648887022259556,0.8675426491470171
0.6937861242775145,0.27187456250874986
0.2739345213095738,0.3879522409551809
0.5528289434211316,0.5586488270234595
0.18349633007339855,0.2723745525089498
0.9193616127677446,0.9167416651666968
0.5962480750384993,0.5927881442371152
0.001999960000799984,0.1127577448451031
0.39729205415891683,0.2377952440951181
0.03635927281454371,0.05143897122057559
0.5378092438151237,0.42139157216855666
0.018439631207375854,0.01739965200695986
0.6112077758444832,0.6532269354612908
0.882302353952921,0.8121637567248655
0.4850702985940281,0.5705885882282354
0.35485290294194116,0.48675026499470014
0.9569808603827924,0.9640407191856163
0.8002039959200816,0.6967660646787065
0.50054998900022,0.5757884842303154
0.3368732625347493,0.3117337653246935
0.15939681206375872,0.20229595408091838
0.2673946521069579,0.21779564408711827
0.8380632387352254,0.2263154736905262
0.17049659006819864,0.33055338893222136
0.876862462750745,0.8153436931261375
0.1627967440651187,0.18195636087278255
0.7358052838943221,0.5917481650366992
0.6761864762704746,0.5867482650346993
0.5802083958320834,0.5177896442071159
0.125977480450391,0.04257914841703166
0.9746605067898643,0.9360012799744005
0.35655286894262117,0.38573228535429294
0.4576308473830524,0.4006719865602688
0.6653266934661307,0.6368672626547469
0.3920921581568369,0.36801263974720505
0.7407251854962901,0.7276854462910742
0.3487130257394852,0.1748165036699266
0.0746985060298794,0.0378992420151597
0.2925541489170217,0.26687466250674985
0.12421751564968701,0.11773764524709507
0.5628087438251235,0.5975280494390113
0.8424631507369853,0.8350832983340334
0.3011539769204616,0.2386952260954781
0.3507129857402852,0.9079018419631608
0.2875742485150297,0.5489290214195717
0.07893842123157536,0.1631567368652627
0.5512289754204917,0.48393032139357217
0.877422451550969,0.8909221815563689
0.8187436251274974,0.8088838223235536
0.10795784084318313,0.11573768524629507
0.3427131457370853,0.3112137757244855
0.03547929041419172,0.029139417211655767
0.25217495650087,0.26669466610667786
0.47411051778964425,0.3184136317273655
0.6146477070458591,0.6009279814403712
0.3123937521249575,0.41225175496490074
0.2815343693126138,0.14345713085738285
0.6016879662406752,0.5237695246095079
0.09785804283914322,0.08595828083438331
0.6490670186596268,0.5733485330293394
0.28189436211275776,0.21233575328493431
0.34543309133817324,0.746685066298674
0.9660006799864003,0.9124417511649767
0.882762344753105,0.8946021079578409
0.03225935481290374,0.02745945081098378
0.07835843283134337,0.053778924421511574
0.9033019339613209,0.9138417231655367
0.25561488770224594,0.3139737205255895
0.8527829443411132,0.871702565948681
0.19869602607947842,0.23535529289414212
0.8725625487490251,0.9638007239855203
0.126537469250615,0.07421851562968741
0.06881862362752746,0.09065818683626328
0.44953100937981244,0.47325053498930025
0.6804063918721626,0.6957660846783065
0.9468410631787365,0.9560408791824164
0.37085258294834106,0.2772744545109098
0.31191376172476554,0.4479710405791884
0.4543509129817404,0.45845083098338035
0.16459670806583868,0.1868162636747265
0.4091918161636767,0.507169856602868
0.1129377412451751,0.14687706245875082
0.9090418191636167,0.9682406351872963
0.34171316573668525,0.26917461650766983
0.7144657106857863,0.6480270394592108
0.2781744365112698,0.2780544389112218
0.9642807143857123,0.9558408831823364
0.2856542869142617,0.4635307293854123
0.06439871202575949,0.1360172796544069
0.9705605887882243,0.9565008699826004
0.8334633307333854,0.8346033079338413
0.9330213395732085,0.9225215495690087
0.10523789524209516,0.0999380012399752
0.2668946621067579,0.36737265254694906
0.6848463030739386,0.8626627467450652
0.7195256094878103,0.5896082078358433
0.6155276894462111,0.4412711745765085
0.052958940821183575,0.04473910521789564
0.7774044519109619,0.7255054898902022
0.43511129777404456,0.4778304433911322
0.2984540309193816,0.23743525129497411
0.7911041779164417,0.7093058138837224
0.5758684826303474,0.4305313893722126
0.30363392732145356,0.2116557668846623
0.46823063538729226,0.5166696666066679
0.9064618707625848,0.9170016599668007
0.45667086658266837,0.37333253334933303
0.5936881262374752,0.5858482830343393
0.2723745525089498,0.2635947281054379
0.6634667306653868,0.7973440531189376
0.10777784444311114,0.40867182656346873
0.9175816483670327,0.9193616127677446
0.6811463770724586,0.6886262274754505
0.12883742325153497,0.15577688446231075
0.629607407851843,0.7214855702885943
0.4011319773604528,0.2996140077198456
0.8061238775224496,0.7655246895062099
0.2009959800803984,0.19305613887722245
0.9088218235635288,0.9135017299654007
0.0024599508009839803,0.0021799564008719826
0.3530929381412372,0.33043339133217337
0.6568668626627467,0.6420071598568029
0.19649607007859843,0.18543629127417452
0.9726005479890403,0.9641007179856403
0.15621687566248676,0.19969600607987842
0.9996000079998401,0.9995800083998321
0.21023579528409433,0.2692946141077179
0.9977600447991041,0.998240035199296
0.759304813903722,0.7493850122997541
0.8565628687426252,0.8591828163436731
0.74442511149777,0.868362632747345
0.7128857422851543,0.752764944701106
0.11135777284454311,0.13413731725365494
0.7841843163136738,0.7787044259114818
0.6555468890622188,0.6775464490710186
0.13255734885302295,0.1643567128657427
0.7008059838803224,0.75462490750185
0.5331093378132438,0.44657106857862844
0.06833863322733545,0.045719085618287636
0.0750584988300234,0.3653926921461571
0.6161676766464671,0.5625087498250035
0.3532129357412852,0.4291714165716686
0.4025719485610288,0.4393512129757405
0.08277834443311134,0.0630587388252235
0.5767484650306994,0.5545489090218196
0.24781504369912602,0.7622847543049139
0.10007799844003121,0.09713805723885523
0.9121417571648567,0.8409431811363773
0.04629907401851963,0.0376392472150557
0.7473250534989301,0.5007899842003161
0.50084998300034,0.7090258194836103
0.252314953700926,0.7303253934921302
0.5235295294094118,0.7862242755144897
0.8180836383272335,0.8174236515269695
0.25645487090258196,0.24889502209955802
0.5804283914321714,0.6132677346453071
0.005779884402311954,0.009739805203895922
0.8446431071378573,0.8398632027359453
0.5326693466130678,0.6612067758644827
0.7749645007099858,0.7391052178956421
0.9088418231635368,0.8676026479470411
0.5750684986300274,0.5612687746245075
0.5169896602067959,0.4872902541949161
0.5660086798264035,0.49105017899642006
0.8998020039599208,0.9296614067718646
0.4005519889602208,0.5177296454070919
0.0125797484050319,0.0126997460050799
0.14003719925601488,0.12993740125197498
0.30807383852322956,0.27101457970840587
0.14725705485890284,0.12427751444971101
0.2391152176956461,0.33753324933501333
0.622407551848963,0.8132037359252815
0.7004659906801864,0.6826063478730425
0.6827663446731066,0.8451830963380733
0.879522409551809,0.9695206095878083
0.3385132297354053,0.9146217075658487
0.001739965200695986,0.001139977200455991
0.7695646087078258,0.5590688186236276
0.8102037959240815,0.8617827643447131
0.34541309173816526,0.2984940301193976
0.0742985140297194,0.025859482810343795
0.9245215095698086,0.9368812623747526
0.36663266734665306,0.4769104617907642
0.14237715245695087,0.25045499090018203
0.3952520949581009,0.47073058538829227
0.47029059418811625,0.4507109857802844
0.13519729605407893,0.3401331973360533
0.3859322813543729,0.3937121257574849
0.24261514769704606,0.6736665266694666
0.4533309333813324,0.37371252574948505
0.0250994980100398,0.24595508089838203
0.3122337553248935,0.36611267774644507
0.6596668066638668,0.7381652366952661
0.9241815163696726,0.9034019319613608
0.01889962200755985,0.021879562408751826
0.03505929881402372,0.03697926041479171
0.08839823203535929,0.07209855802883942
0.05343893122137557,0.051058978820423595
0.25479490410191796,0.40499190016199677
0.631327373452531,0.4034319313613728
0.035839283214335715,0.027139457210855783
0.991740165196696,0.9902601947961042
0.3225135497290054,0.4411111777764445
0.9540409191816164,0.9475010499790004
0.9250214995700087,0.9548809023819524
0.5748885022299555,0.5414891702165957
0.25691486170276595,0.23155536889262215
0.34587308253834925,0.3297334053318934
0.5882282354352913,0.6841063178736425
0.10017799644007121,0.039539209215815684
0.9408011839763205,0.9758204835903282
0.9707205855882882,0.9761804763904722
0.003119937601247975,0.0027799444011119777
0.5368492630147397,0.5360892782144357
0.6131677366452671,0.7418051638967221
0.9652006959860803,0.9633207335853283
0.617147657046859,0.6007279854402913
0.6983460330793384,0.7739645207095859
0.9795404091918162,0.9766004679906403
0.6583868322633547,0.6315073698526029
0.7692846143077139,0.6779264414711706
0.623507529849403,0.5327693446131078
0.5577088458230836,0.6351672966540669
0.08535829283414333,0.18611627767444652
0.0005599888002239956,0.00041999160016799666
0.6107677846443071,0.33333333333333337
0.0765584688306234,0.09263814723705527
0.06771864562708746,0.06855862882742346
0.9213215735685286,0.8977820443591128
0.19089618207635847,0.15295694086118278
0.752384952300954,0.744505109897802
0.8087438251234975,0.8468630627387452
0.3894722105557889,0.3683726325473491
0.48297034059318816,0.5245895082098359
0.31877362452750946,0.29951400971980563
0.4698106037879243,0.18517629647407052
0.4887502249955001,0.6977060458790825
0.06961860762784744,0.07395852082958342
0.9533209335813284,0.9135417291654168
0.056118877622447556,0.0503989920201596
0.23427531449371014,0.08145837083258335
0.44563108737825247,0.4020719585608288
0.2715145697086058,0.4341313173736525
0.15227695446091077,0.06557868842623148
0.128157436851263,0.17719645607087858
0.7122057558848823,0.7091058178836424
0.6201675966480671,0.6611667766644668
0.19639607207855844,0.32053358932821346
0.30059398812023763,0.15459690806183876
0.995520089598208,0.9934201315973681
0.0878782424351513,0.11887762244755105
0.0014199716005679887,0.0015399692006159878
0.6027079458410832,0.6539869202615948
0.882362352752945,0.872702545949081
0.8417631647367053,0.8173036539269215
0.6999460010799784,0.6696666066678667
0.8482830343393133,0.874642507149857
0.6974860502789945,0.9119217615647688
0.8498630027399452,0.8586028279434411
0.7239455210895782,0.7004259914801704
0.3219535609287814,0.26857462850742986
0.10481790364192717,0.11117777644447112
0.2893742125157497,0.18281634367312655
0.8371232575348493,0.8896822063558729
0.7211655766884663,0.6359672806543869
0.21799564008719827,0.22759544809103818
0.8066838663226735,0.754804903901922
0.3989720205595888,0.49577008459830807
0.6207475850482991,0.5601287974240515
0.1516369672606548,0.11179776404471911
0.8064838703225936,0.7807443851122978
0.5609287814243715,0.33633327333453333
0.2399552008959821,0.20601587968240637
0.2383152336953261,0.23253534929301414
0.2882342353152937,0.29237415251694965
0.26865462690746184,0.5548089038219236
0.43393132137357254,0.4561908761824764
0.8931021379572409,0.887942241155177
0.19531609367812644,0.1774364512709746
0.5159896802063959,0.3234935301293974
0.8242235155296894,0.7342653146937062
0.9536209275814485,0.9159616807663847
0.3004739905201896,0.25793484130317396
0.4830103397932042,0.06405871882562349
0.7629647407051859,0.7735245295094099
0.9121817563648728,0.8656026879462411
0.9171416571668567,0.9549209015819684
0.2774344513109738,0.26183476330473393
0.7425651486970261,0.7640447191056179
0.17807643847123059,0.18639627207455853
0.9531809363812724,0.9500009999800004
0.6483470330593388,0.6757064858702826
0.41225175496490074,0.3390532189356213
0.9081618367632648,0.8905821883562329
0.248195036099278,0.6635467290654187
0.21861562768744625,0.21121577568448632
0.41987160256794864,0.3958720825583488
0.4877102457950841,0.4764504709905802
0.3131937361252775,0.75072498550029
0.8266634667306654,0.9005619887602249
0.9071618567628648,0.9190416191676167
0.50614987700246,0.3929721405571889
0.2930741385172297,0.3049139017219656
0.9178416431671367,0.8409231815363692
0.19663606727865443,0.1500569988600228
0.2994740105197896,0.251234975300494
0.07865842683146337,0.09045819083618328
0.8344833103337933,0.8094238115237695
0.5896482070358593,0.4621507569848603
0.25507489850202997,0.2930141397172057
0.19487610247795045,0.6989860202795944
0.7208255834883303,0.8507629847403052
0.6075078498430032,0.5374892502149957
0.18535629287414251,0.5687486250274995
0.8558628827423452,0.9162616747665047
0.6151676966460671,0.7021059578808424
0.1502169956600868,0.15743685126297474
0.0759584808303834,0.06523869522609547
0.2925741485170297,0.8781424371512571
0.9236415271694567,0.9489810203795924
0.4148717025659487,0.4237715245695086
0.026099478010439794,0.019979600407991842
0.2667146657066859,0.24785504289914204
0.24515509689806206,0.21459570808583828
0.4076518469630607,0.8507429851402972
0.14037719245615088,0.05239895202095958
0.4162316753664927,0.47939041219175615
0.8552828943421132,0.8409631807363853
0.29201415971680567,0.2844343113137737
0.05269894602107958,0.04091918161636767
0.21967560648787024,0.16599668006639867
0.6407271854562909,0.6746465070698586
0.7857842843143137,0.7477650446991061
0.6057878842423152,0.6720465590688186
0.7791644167116658,0.74522509549809
0.3689526209475811,0.16895662086758265
0.17877642447151057,0.13937721245575088
0.21987560248795024,0.2728345433091338
0.4381912361752765,0.507229855402892
0.748165036699266,0.8315433691326174
0.7122857542849144,0.7287054258914822
0.1901361972760545,0.20413591728165437
0.4534309313813724,0.6730665386692266
0.36681266374672505,0.45793084138317236
0.5301493970120598,0.5968680626387473
0.08397832043359132,0.07805843883122338
0.9327813443731126,0.8893622127557449
0.6327673446531069,0.4846103077938441
0.34279314413711726,0.39663206735865286
0.877382452350953,0.879362412751745
0.3260334793304134,0.5766484670306594
0.7212855742885143,0.7957440851182976
0.6977660446791064,0.6844863102737946
0.9369212615747685,0.9115817683646328
0.7217055658886823,0.7280254394912102
0.6835063298734025,0.8142637147257055
0.4127917441651167,0.37319253614927705
0.04623907521849563,0.021679566408671826
0.24655506889862203,0.3404731905361893
0.5301093978120438,0.5167296654066919
0.33467330653386934,0.4140317193656127
0.2978140437191256,0.28285434291314177
0.7416851662966741,0.7509849803003941
0.3512729745405092,0.22983540329193416
0.08461830763384733,0.08305833883322333
0.7230655386892263,0.760204795904082
0.7092658146837063,0.7098458030839383
0.05653886922261555,0.06629867402651947
0.9170216595668087,0.9343413131737366
0.5867882642347153,0.4406311873762525
0.8698026039479211,0.8682826343473131
0.31991360172796546,0.2753544929101418
0.038579228415431696,0.04323913521729566
0.13061738765224695,0.1617767644647107
0.3259934801303974,0.3377532449351013
0.8228835423291534,0.877762444751105
0.029339413211735766,0.024919501609967802
0.6918661626767465,0.08005839883202336
0.3486930261394772,0.3170936581268375
0.5361492770144597,0.5551488970220596
0.8343633127337453,0.4506709865802684
0.2392552148957021,0.2626947461050779
0.4296714065718686,0.35473290534189317
0.3639527209455811,0.16625667486650267
0.8491230175396492,0.8247435051298975
0.6388072238555229,0.7218655626887462
0.36715265694686106,0.07777844443111138
0.501309973800524,0.48361032779344415
0.16501669966600668,0.21521569568608628
0.8982820343593129,0.8913821723565529
0.5936281274374513,0.5701285974280514
0.5827883442331153,0.5687886242275154
0.02117957640847183,0.020699586008279834
0.20819583608327835,0.2124957500849983
0.49339013219735606,0.5453290934181316
0.5112497750045,0.27285454290914185
0.24063518729625408,0.371752564948701
0.3098938021239575,0.3464130717385652
0.889522209555809,0.9244015119697606
0.381872362552749,0.6739665206695866
0.9114017719645607,0.9668006639867203
0.027299454010919783,0.02141957160856783
0.8588228235435291,0.8160436791264175
0.8474830503389933,0.8285034299314014
0.880162396752065,0.9156416871662567
0.8689826203475931,0.9758804823903522
0.6021279574408512,0.40403191936161276
0.747585048299034,0.7430051398972021
0.6679066418671626,0.5601887962240756
0.2682746345073099,0.24823503529929403
0.8675826483470331,0.9074618507629848
0.07393852122957541,0.017119657606847864
0.5762684746305075,0.506529869402612
0.5895482090358193,0.4243915121697566
0.881362372752545,0.8689826203475931
0.14569708605827883,0.14491710165796684
0.8470430591388173,0.6715265694686107
0.5156896862062759,0.5854682906341874
0.14653706925861484,0.1626367472650547
0.8717625647487051,0.8480430391392172
0.6970460590788184,0.8630627387452251
0.6945661086778264,0.7134857302853943
0.3505929881402372,0.4619107617847643
0.7830443391132178,0.7926841463170737
0.26159476810463794,0.4408711825763485
0.05413891722165557,0.06843863122737545
0.46993060138797227,0.42129157416851665
0.6553268934621308,0.8528429431411372
0.10963780724385512,0.124897502049959
0.7772244555108898,0.9612207755844884
0.5859482810343793,0.6989060218795624
0.5535689286214276,0.5861482770344594
0.2772944541109178,0.25869482610347794
0.22215555688886224,0.19329613407731847
0.3225735485290294,0.24035519289614207
0.09971800563988721,0.09259814803703927
0.9668606627867443,0.9258014839703206
0.6144277114457711,0.7701845963080739
0.20941581168376633,0.12425751484970302
0.252994940101198,0.23545529089418213
0.8225635487290255,0.8192636147277055
0.13199736005279894,0.1662366752664947
0.9251014979700406,0.9334213315733686
0.3017539649207016,0.3859922801543969
0.2907541849163017,0.20869582608347834
0.8974220515589688,0.8968020639587209
0.4887302253954921,0.32443351132977344
0.8393232135357294,0.8289234215315694
0.7974640507189856,0.7129057418851623
0.7885242295154097,0.7733245335093298
0.6548669026619468,0.374212515749685
0.9431211375772485,0.9195016099678007
0.2264154716905662,0.3556328873422532
0.9971800563988721,0.996780064398712
0.23223535529289416,0.16659666806663867
0.997820043599128,0.997680046399072
0.8995220095598089,0.9109817803643927
0.12019759604807904,0.3417931641367173
0.25597488050239,0.3293934121317574
0.3256334873302534,0.5670686586268275
0.3435131297374053,0.25367492650147
0.3395532089358213,0.38493230135397294
0.376152476950461,0.40933181336373275
0.381592368152637,0.3382532349353013
0.253914921701566,0.30807383852322956
0.2386952260954781,0.2232955340893182
0.6919461610767785,0.7736445271094579
0.3597928041439171,0.27047459050818984
0.7773844523109538,0.7845643087138258
0.7321253574928501,0.6568868622627547
0.8266234675306494,0.8037239255214896
0.35541289174216517,0.3492930141397172
0.12251754964900702,0.16973660526789464
0.32901341973160536,0.49309013819723607
0.5977880442391152,0.5582088358232835
0.42185156296874066,0.3496130077398452
0.6849663006739866,0.7372652546949061
0.6742665146697067,0.8243035139297215
0.45937081258374834,0.4450510989780205
0.9158616827663447,0.9361212775744485
0.9256014879702407,0.7118657626847463
0.03143937121257575,0.012959740805183896
0.6884462310753785,0.7286254274914502
0.38053238935221295,0.43411131777364453
0.249855002899942,0.08633827323453531
0.7415651686966261,0.9020419591608169
0.36731265374692507,0.6081478370432591
0.34263314733705325,0.249135017299654
0.059518809623807525,0.06505869882602348
0.7968040639187216,0.6737665246695066
0.3379732405351893,0.5421691566168677
0.6593268134637308,0.5813883722325554
0.6519469610607788,0.7084858302833944
0.8129037419251616,0.869382612347753
0.6621467570648587,0.3684926301473971
0.5945281094378113,0.4125917481650367
0.46257074858502834,0.4787104257914842
0.6131077378452431,0.6597068058638828
0.5532489350212996,0.4025519489610208
0.09505809883802324,0.08269834603307934
0.8729025419491611,0.8244235115297694
0.7238855222895543,0.7900241995160097
0.6772864542709146,0.33005339893202135
0.27001459970800584,0.3275734485310294
0.6614867702645947,0.6456470870582589
0.9087418251634968,0.9228015439691206
0.33473330533389334,0.1628367432651347
0.376832463350733,0.5468490630187396
0.4087918241635167,0.25657486850262995
0.6831663366732665,0.3990120197596048
0.6960260794784104,0.6347873042539149
0.40619187616247676,0.3425331493370133
0.5547889042219156,0.5748085038299234
0.6878862422751545,0.6142877142457152
0.8199436011279775,0.43517129657406856
0.9771604567908642,0.9788804223915522
0.5482090358192836,0.2921741565168697
0.7837243255134898,0.6845263094738105
0.22245555088898222,0.15607687846243076
0.5309693806123877,0.5544489110217796
0.9380812383752325,0.9263014739705207
0.9811403771924562,0.9745805083898322
0.09405811883762324,0.08685826283474331
0.8936421271574568,0.8304433911321774
0.12767744645107099,0.11183776324473511
0.8620627587448252,0.8082238355232896
0.1386972260554789,0.08165836683266335
0.4001519969600608,0.3505729885402292
0.6879262414751706,0.630047399052019
0.08059838803223936,0.15175696486070278
0.5371492570148597,0.49961000779984405
0.08041839163216737,0.06029879402411952
0.09411811763764726,0.15563688726225475
0.1385572288554229,0.09541809163816724
0.7170056598868023,0.7831443371132578
0.7892642147157057,0.7895842083158338
0.21839563208735827,0.31477370452590947
0.28275434491310175,0.24147517049659006
0.9281614367712646,0.880522389552209
0.5284694306113877,0.38755224895502094
0.4310313793724126,0.4787704245915082
0.9655806883862323,0.9475610487790245
0.8191236175276495,0.8527629447411053
0.6779064418711626,0.4628707425851483
0.9886402271954561,0.9909601807963841
0.4496710065798684,0.46007079858402833
0.8834023319533609,0.8751824963500731
0.6143677126457471,0.4237915241695166
0.991520169596608,0.9824203515929681
0.9055418891622168,0.9993400131997361
0.4095918081638367,0.23503529929401412
0.7144057118857623,0.6848463030739386
0.7050858982820344,0.756084878302434
0.9897002059958802,0.994620107597848
0.3169136617267655,0.3087938241235175
0.8277634447311054,0.8174436511269775
0.22339553208935822,0.1527169456610868
0.45595088098238035,0.23295534089318215
0.4316713665726686,0.5427491450170997
0.26611467770644587,0.4068518629627408
0.879342413151737,0.9054218915621688
0.3477330453390932,0.625607487850243
0.8256234875302494,0.6568068638627228
0.8220635587288254,0.8045439091218176
0.7866842663146737,0.7693646127077459
0.9073218535629288,0.9121817563648728
0.2850742985140297,0.27749445011099777
0.8702825943481131,0.8193236135277294
0.886422271554569,0.9037619247615049
0.02383952320953581,0.051258974820503594
0.6684066318673627,0.7976040479190416
0.9654406911861763,0.9599808003839924
0.637167256654867,0.8445431091378173
0.9689606207875843,0.9641807163856723
0.43141137177256456,0.34765304693906124
0.5504689906201876,0.5783084338313234
0.1519769604607908,0.251494970100598
0.7468450630987381,0.7468850622987541
0.6985060298794025,0.7300253994920102
0.6787664246715066,0.7166256674866502
0.506589868202636,0.33085338293234134
0.7363652726945461,0.756844863102738
0.7651246975060499,0.8423831523369533
0.7252854942901142,0.3018739625207496
0.9174616507669847,0.9267414651706967
0.8085438291234176,0.6051678966420672
0.8554828903421932,0.8601627967440652
0.5684686306273875,0.7381852362952741
0.4524909501809964,0.6798464030719386
0.6930461390772185,0.6991660166796664
0.44463110737785244,0.2962140757184856
0.04903901921961561,0.07967840643187137
0.759864802703946,0.8302633947321054
0.8176636467270655,0.8136437271254575
0.6737065258694827,0.7237255254894902
0.06795864082718346,0.05787884242315154
0.47331053378932425,0.45881082378352434
0.027999440011199778,0.025799484010319795
0.7715445691086179,0.7899642007159857
0.7883842323153537,0.7937641247175057
0.7912841743165137,0.8411831763364733
0.5393292134157317,0.39571208575828487
0.45955080898382034,0.4389312213755725
0.13427731445371094,0.14173716525669486
0.38687226255474894,0.254934901301974
0.26939461210775784,0.21703565928681426
0.05633887322253555,0.07243855122897543
0.33079338413231735,0.20049599008019842
0.9333413331733366,0.9188816223675527
0.5240895182096358,0.14071718565628688
0.04551908961820764,0.04511909761804764
0.25273494530109397,0.4594508109837803
0.7362252754944901,0.8383032339353214
0.6208475830483391,0.6404671906561868
0.5137497250054999,0.6871662566748665
0.375572488550229,0.5221095578088438
0.8664826703465931,0.8492230155396893
0.05999880002399952,0.04141917161656767
0.039159216815663686,0.08845823083538329
0.6062478750424992,0.5308093838123238
0.8521229575408492,0.9419411611767765
0.13155736885262295,0.11745765084698306
0.2249155016899662,0.24181516369672607
0.8662226755464891,0.8350032999340014
0.40883182336353274,0.3338933221335573
0.27153456930861386,0.747865042699146
0.23383532329353413,0.17053658926821463
0.639327213455731,0.6909061818763625
0.07261854762904742,0.08895822083558329
0.505809883802324,0.3984520309593808
0.18169636607267856,0.20747585048299036
0.03579928401431971,0.051738965220695585
0.005719885602287955,0.005359892802143957
0.630767384652307,0.5935681286374273
0.06729865402691947,0.08627827443451132
0.21871562568748626,0.252094958100838
0.045499090018199635,0.045299094018119636
0.4740905181896362,0.5458090838183236
0.6186876262474751,0.49697006059878807
0.5792884142317154,0.34039319213615726
0.19105617887642248,0.254834903301934
0.2154356912861743,0.16141677166456672
0.45833083338333236,0.44475110497790044
0.0036999260014799707,0.0029599408011839762
0.8247835043299134,0.867342653146937
0.22059558808823823,0.2008559828803424
0.3882122357552849,0.4526909461810764
0.5260494790104198,0.6480870382592349
0.4162516749665007,0.36865262694746104
0.1364772704545909,0.14609707805843883
0.8097838043239135,0.8439431211375773
0.08653826923461531,0.1003579928401432
0.4400511989760205,0.4141917161656767
0.5341093178136438,0.6797664046719066
0.501209975800484,0.4650106997860043
0.24659506809863804,0.32351352972940545
0.30973380532389355,0.3278934421311574
0.007659846803063939,0.36211275774484514
0.057898842023159536,0.041979160416791665
0.19149617007659847,0.19145617087658248
0.40379192416151677,0.3407731845363093
0.4271314573708526,0.7319853602927942
0.8637227255454891,0.8524029519409612
0.37337253254934905,0.4813503729925402
0.7050258994820103,0.6895662086758265
0.26833463330733387,0.3623327533449331
0.4889502209955801,0.5923881522369553
0.3377932441351173,0.3099538009239815
0.8240835183296334,0.8331633367332654
0.8951420971580568,0.8429031419371613
0.6568468630627388,0.7071858562828743
0.4706105877882443,0.2007159856802864
0.37355252894942104,0.9134217315653688
0.7900841983160337,0.6900861982760345
0.09433811323773525,0.1014979700405992
0.2120957580848383,0.1868762624747505
0.6720665586688267,0.5354092918141637
0.9475610487790245,0.9454810903781925
0.4765304693906122,0.5140497190056199
0.9297414051718966,0.9314213715725685
0.7146457070858583,0.6760064798704026
0.6204075918481631,0.6803063938721226
0.08251834963300735,0.08547829043419132
0.08345833083338333,0.15155696886062278
0.08239835203295934,0.2914941701165977
0.005379892402151957,0.004139917201655967
0.27167456650866983,0.30661386772264554
0.9514809703805924,0.9366412671746566
0.3643527129457411,0.2759744805103898
0.05603887922241555,0.0991980160396792
0.3996120077598448,0.632147357052859
0.13507729845403094,0.14489710205795883
0.45491090178196436,0.5141697166056679
0.5826483470330593,0.9055018899622008
0.3681526369472611,0.43701125977480454
0.4890302193956121,0.49463010739785207
0.6877462450750985,0.5264494710105798
0.7937241255174897,0.7352652946941062
0.0628987420251595,0.2912941741165177
0.15675686486270274,0.14023719525609488
0.18201635967280655,0.17293654126917463
0.9895602087958241,0.9833003339933202
0.4886702265954681,0.749085018299634
0.5898482030359393,0.6824663506729866
0.44907101857962844,0.28727425451490973
0.3232735345293094,0.16103677926441473
0.2577948441031179,0.49659006819863605
0.5350292994140118,0.5158296834063318
0.13685726285474292,0.14755704885902282
0.9147417051658967,0.8977220455590889
0.30835383292334156,0.25863482730345394
0.5542489150216996,0.49915001699966005
0.6827863442731146,0.6420671586568268
0.3022139557208856,0.3247335053298934
0.9724205515889682,0.9771204575908482
0.2646547069058619,0.25897482050358994
0.7460650786984261,0.7887042259154817
0.9664606707865843,0.9288614227715446
0.22139557208855823,0.24189516209675807
0.3917521649567009,0.34205315893682126
0.7738845223095538,0.75342493150137
0.08435831283374333,0.0758984820303594
0.0623787524249515,0.04119917601647967
0.6859862802743946,0.5263494730105398
0.3853522929541409,0.44621107577848446
0.2247155056898862,0.22953540929181418
0.7383452330953382,0.5676286474270514
0.5198496030079398,0.38675226495470094
0.43645127097458053,0.4081118377632447
0.7180056398872022,0.6075678486430272
0.2117757644847103,0.1765164696706066
0.6457470850582988,0.6592468150636988
0.3090338193236135,0.2031159376812464
0.31879362412751744,0.4047319053618928
0.6372472550548989,0.6871462570748585
0.8139437211255776,0.7738245235095298
0.15693686126277476,0.20247595048099037
0.6110077798444031,0.5567488650226996
0.9227015459690806,0.9352412951740966
0.47257054858902825,0.19789604207915842
0.7612847743045139,0.7965440691186176
0.04023919521609568,0.0375792484150317
0.9207415851682966,0.889762204755905
0.17883642327153457,0.1760164796704066
0.24269514609707807,0.39305213895722085
0.5561088778224436,0.7050458990820184
0.887242255154897,0.876822463550729
0.751484970300594,0.7320053598928021
0.41637167256654867,0.4381512369752605
0.13009739805203896,0.22819543609127818
0.1513369732605348,0.07333853322933541
0.2757344853102938,0.4095918081638367
0.7813643727125458,0.7857442851142977
0.9779204415911682,0.9844003119937602
0.03863922721545569,0.06633867322653547
0.39581208375832483,0.32221355572888544
0.08819823603527929,0.09651806963860723
0.44211115777684445,0.45775084498310037
0.627767444651107,0.7071258574828504
0.4484710305793884,0.3519529609407812
0.7221455570888583,0.7251854962900742
0.881282374352513,0.8649427011459772
0.14467710645787085,0.09511809763804724
0.9533609327813444,0.9268814623707526
0.4914101717965641,0.4084518309633807
0.0037999240015199696,0.0019599608007839844
0.9337413251734966,0.7245255094898102
0.7686246275074499,0.5851082978340434
0.8255234895302094,0.8615027699446012
0.2720345593088138,0.3309333813323734
0.9190016199676007,0.9147017059658807
0.03959920801583969,0.029519409611807764
0.04445911081778364,0.05825883482330354
0.33171336573268534,0.27173456530869383
0.3072538549229015,0.30679386412271753
0.6380472390552189,0.5292694146117077
0.7658246835063299,0.7744445111097779
0.6104477910441791,0.755364892702146
0.9162016759664807,0.8879822403551929
0.376192476150477,0.34891302173956523
0.25267494650107,0.41087178256434875
0.7134657306853863,0.6648667026659467
0.005979880402391952,0.005499890002199956
0.3628927421451571,0.5415091698166037
0.7985840283194336,0.868142637147257
0.47173056538869224,0.4706105877882443
0.5672486550268995,0.4628107437851243
0.8212435751284974,0.8296434071318574
0.6996060078798424,0.7199056018879623
0.877082458350833,0.8690026199476011
0.3019339613207736,0.2393152136957261
0.2922141557168857,0.23571528569428613
0.3161736765264695,0.33443331133377335
0.01759964800703986,0.07027859442811143
0.3480330393392132,0.3633327333453331
0.032119357612847746,0.012919741605167897
0.020519589608207836,0.011939761204775905
0.37005259894802106,0.5102697946041079
0.16947661046779064,0.09617807643847123
0.5710685786284274,0.6907661846763065
0.757704845903082,0.8854822903541929
0.875602487950241,0.5531489370212596
0.9458610827783445,0.9451610967780645
0.020619587608247836,0.011639767204655907
0.3213135737285254,0.45639087218255636
0.8520029599408012,0.762484750304994
0.2781944361112778,0.5862682746345074
0.9384612307753846,0.8888222235555289
0.623787524249515,0.7888642227155457
0.1989360212795744,0.256654866902662
0.7893442131157377,0.7101457970840583
0.4108517829643407,0.4536309273814524
0.375592488150237,0.39231215375692485
0.755204895902082,0.6747465050698986
0.9074418511629768,0.991740165196696
0.29415411691766163,0.2767344653106938
0.4135117297654047,0.3612927741445171
0.3022739545209096,0.44661106777864445
0.6941461170776585,0.8259034819303614
0.5860282794344114,0.5755884882302355
0.3252534949301014,0.34615307693846126
0.20977580448391034,0.21413571728565428
0.505629887402252,0.5459490810183797
0.8191836163276734,0.8486030279394412
0.09097818043639128,0.08511829763404732
0.35615287694246117,0.3285934281314374
0.17953640927181458,0.18141637167256655
0.8402031959360813,0.4660506789864203
0.8437231255374893,0.8612627747445052
0.33477330453390935,0.3529529409411812
0.886222275554489,0.9381412371752565
0.21821563568728627,0.19607607847843045
0.5363092738145238,0.5980280394392112
0.6378072438551229,0.6340073198536029
0.500969980600388,0.22025559488810226
0.0754584908301834,0.05873882522349553
0.20813583728325435,0.3175536489270215
0.8238235235295295,0.8967020659586808
0.40905181896362075,0.7672646547069059
0.22877542449151017,0.2645347093058139
0.4052118957620848,0.40991180176396474
0.8419631607367853,0.8129837403251935
0.6478870422591548,0.6733865322693546
0.19529609407811843,0.17147657046859063
0.21119577608447831,0.2919941601167977
0.7480250394992101,0.75672486550269
0.6601067978640427,0.6122277554448912
0.5303693926121478,0.48377032459350816
0.0873182536349273,0.09701805963880723
0.38973220535589287,0.4770904581908362
0.8089438211235775,0.7837043259134817
0.9664406711865763,0.9674206515869683
0.873142537149257,0.8876622467550649
0.7670446591068178,0.7878042439151217
0.8302633947321054,0.8560028799424012
0.5548489030219396,0.5164896702065959
0.7750044999100019,0.8862622747545049
0.8178236435271294,0.8168436631267375
0.007159856802863943,0.0039399212015759685
0.23167536649267015,0.28029439411211776
0.6057078858422832,0.501289974200516
0.8975820483590329,0.8482430351392972
0.42353152936941263,0.3010339793204136
0.002279954400911982,0.003179936401271975
0.18539629207415853,0.43399132017359654
0.7075058498830024,0.7953840923181537
0.5630687386252275,0.509669806603868
0.6930061398772025,0.6383472330553389
0.4508109837803244,0.6052078958420832
0.16453670926581468,0.1503369932601348
0.6593668126637467,0.5302693946121078
0.4871702565948681,0.4290514189716206
0.869262614747705,0.8275834483310334
0.7176456470870582,0.7075058498830024
0.9040819183616328,0.9566408671826564
0.23527529449411014,0.2360752784944301
0.2722145557088858,0.32107357852842944
0.08253834923301534,0.07343853122937541
0.7043459130817384,0.6171076578468431
0.4431511369772605,0.49601007979840406
0.27007459850802984,0.380032399352013
0.04919901601967961,0.12029759404811904
0.32729345413091737,0.42157156856862865
0.7941241175176497,0.8105637887242255
0.09715805683886322,0.07721845563088739
0.8736625267494651,0.8026639467210656
0.7657646847063059,0.7163256734865303
0.5724685506289875,0.3887122257554849
0.20497590048199038,0.2759144817103658
0.752644947101058,0.7712045759084819
0.9118017639647208,0.9392012159756805
0.5671686566268674,0.6484070318593629
0.0886182276354473,0.00893982120357593
0.28165436691266177,0.30581388372232554
0.12047759044819104,0.23465530689386213
0.9565008699826004,0.9578608427831443
0.34583308333833324,0.7078858422831543
0.39447211055778886,0.512529749405012
0.997140057198856,0.99920001599968
0.0875582488350233,0.28521429571408574
0.9051618967620648,0.9307413851722965
0.3525329493410132,0.33409331813363735
0.8632827343453131,0.7747845043099139
0.38411231775364496,0.4497510049799004
0.9116617667646647,0.9185616287674246
0.7618447631047379,0.5332093358132838
0.9889402211955761,0.9911201775964481
0.20537589248215035,0.19257614847703047
0.748505029899402,0.631007379852403
0.07103857922841543,0.14471710565788684
0.9155216895662087,0.1616967660646787
0.8109637807243856,0.8014239715205697
0.6789864202715946,0.6683866322673547
0.996640067198656,0.9976400471990561
0.30715385692286157,0.31929361412771745
0.3376732465350693,0.2400551988960221
0.7343453130937382,0.6466670666586668
0.05311893762124758,0.09091818163636728
0.509209815803684,0.513669726605468
0.19037619247615048,0.375172496550069
0.9362212755744885,0.9171616567668647
0.9723605527889443,0.9774004519909603
0.744065118697626,0.9194416111677767
0.5579088418231636,0.5125497490050199
0.8461630767384652,0.8637827243455131
0.10275794484110318,0.12899742005159898
0.6861462770744585,0.6891862162756746
0.3357932841343173,0.25861482770344596
0.5172096558068838,0.5273094538109238
0.09139817203655927,0.24193516129677406
0.9710005799884003,0.9218415631687367
0.15745685086298275,0.7807643847123058
0.018539629207415854,0.015799684006319873
0.6631467370652587,0.6086878262434752
0.11691766164676706,0.10389792204155918
0.5711685766284674,0.6078878422431552
0.24165516689666208,0.2917741645167097
0.8367032659346814,0.7958040839183217
0.625927481450371,0.7033459330813384
0.5790684186316274,0.4432711345773085
0.2263554728905422,0.21025579488410231
0.3448731025379492,0.2893942121157577
0.43667126657466854,0.4610507789844203
0.34349313013739724,0.2269554608907822
0.007339853202935942,0.005139897202055959
0.11875762484750306,0.3838723225535489
0.9517209655806884,0.9198216035679286
0.6704865902681947,0.5679686406271874
0.3885922281554369,0.31907361852762944
0.09119817603647927,0.07411851762964741
0.872022559548809,0.8621027579448411
0.3454530909381813,0.4146717065658687
0.30219395612087757,0.3396532069358613
0.29361412771744566,0.26825463490730184
0.9034219315613689,0.9350212995740086
0.3633527329453411,0.3636527269454611
0.3156736865262695,0.22007559848803024
0.13215735685286295,0.37293254134917303
0.999620007599848,0.9996000079998401
0.2403351932961341,0.18003639927201456
0.878562428751425,0.875602487950241
0.15295694086118278,0.18817623647527051
0.4646507069858603,0.759764804703906
0.45611087778244436,0.31443371132577347
0.8214035719285615,0.7925841483170337
0.7089658206835864,0.6118677626447472
0.5186896262074758,0.40541189176216474
0.251014979700406,0.24083518329633408
0.757944841103178,0.8643027139457211
0.006999860002799944,0.008579828403431931
0.9728005439891203,0.9699606007879843
0.3214335713285734,0.2856342873142537
0.6908461830763385,0.6958260834783304
0.04365912681746365,0.025559488810223796
0.3070338593228136,0.3099338013239735
0.9651606967860643,0.9689206215875683
0.6002479950400992,0.5895682086358273
0.7730845383092338,0.8592628147437051
0.0013999720005599889,0.0005399892002159957
0.4249715005699886,0.377632447351053
0.5520689586208276,0.5215895682086359
0.33113337733245335,0.1525169496610068
0.2688346233075339,0.3042939141217176
0.5520289594208116,0.42019159616807666
0.8104237915241695,0.7770244595108098
0.5646687066258675,0.5748285034299314
0.6841263174736506,0.6820463590728185
0.10537789244215116,0.11169776604467911
0.49655006899862003,0.4506109877802444
0.13183736325273496,0.1895962080758385
0.9833003339933202,0.9807003859922802
0.8896022079558409,0.8928621427571449
0.6369072618547629,0.44637107257854847
0.7218255634887303,0.8001439971200577
0.7042059158816824,0.7706445871082579
0.6606867862642747,0.5985480290394193
0.9581808363832723,0.9566608667826644
0.373472530549389,0.45463090738185236
0.9509409811803764,0.9320613587728246
0.8374232515349693,0.8123037539249215
0.4524309513809724,0.5051498970020599
0.35601287974240514,0.33209335813283736
0.2911741765164697,0.12315753684926302
0.16407671846563068,0.19617607647847043
0.03365932681346373,0.036339273214535714
0.5141097178056439,0.44449111017779647
0.6734865302693946,0.6724465510689787
0.1769764604707906,0.13061738765224695
0.500989980200396,0.6054078918421631
0.8847823043539129,0.8943621127577449
0.8546029079418412,0.8136237275254495
0.27909441811163777,0.20523589528209438
0.7943041139177217,0.7778644427111459
0.03325933481330374,0.022499550008999822
0.5338493230135397,0.5416291674166517
0.9621607567848643,0.9663806723865523
0.6374472510549789,0.6663866722665547
0.9779004419911602,0.9809203815923682
0.17823643527129457,0.1388572228555429
0.8178636427271455,0.8128837423251535
0.7697046059078819,0.6948061038779225
0.5409891802163956,0.4629307413851723
0.3228535429291414,0.3928521429571409
0.7711645767084658,0.5919681606367873
0.22027559448811024,0.2002759944801104
0.34415311693766126,0.3930721385572289
0.9335413291734166,0.9010619787604248
0.09067818643627128,0.029859402811943762
0.18083638327233456,0.22459550808983822
0.7169856602867943,0.748205035899282
0.8202035959280815,0.8434031319373613
0.883562328753425,0.879342413151737
0.6882662346753066,0.873262534749305
0.2010359792804144,0.1765564688706226
0.8630027399452012,0.8634827303453931
0.9081418371632568,0.9179016419671607
0.8063238735225295,0.8698226035479291
0.7210055798884023,0.5289894202115958
0.9574008519829603,0.9680606387872243
0.625707485850283,0.7759244815103699
0.8172436551268975,0.759284814303714
0.09569808603827924,0.14451710965780684
0.7832643347133058,0.5642487150256995
0.7412651746965061,0.6927061458770825
0.1877362452750945,0.2781744365112698
0.24743505129897403,0.36915261694766105
0.8467230655386893,0.870882582348353
0.8854622907541849,0.7247255054898902
0.11185776284474311,0.7927641447171057
0.18085638287234257,0.19521609567808645
0.6898062038759225,0.8647027059458812
0.5830883382332354,0.7047059058818824
0.9690606187876243,0.9630407391852164
0.059298814023719525,0.039339213215735684
0.30483390332193355,0.24617507649847004
0.9769404611907763,0.6419271614567709
0.2132557348853023,0.2409351812963741
0.24069518609627807,0.19681606367872642
0.869162616747665,0.8763224735505291
0.6082878342433151,0.6691666166676666
0.25789484210315794,0.2875342493150137
0.9465210695786085,0.9716805663886723
0.14437711245775084,0.15949681006379873
0.5520089598208036,0.629107417851643
0.7725445491090178,0.5828683426331474
0.09247815043699126,0.10473790524189516
0.2007559848803024,0.19549609007819843
0.7849443011139777,0.7001859962800744
0.9086418271634568,0.9352612947741046
0.38239235215295697,0.3259334813303734
0.048419031619367614,0.046799064018719624
0.12887742245155098,0.15699686006279875
0.33821323573528533,0.39957200855982883
0.24513509729805405,0.4644707105857883
0.8951020979580409,0.8034639307213856
0.5354492910141797,0.5689286214275715
0.6542669146617068,0.7866442671146577
0.0865182696346073,0.19291614167716647
0.36657266854662907,0.12193756124877503
0.9848403031939361,0.9860402791944162
0.7793444131117377,0.7770844583108338
0.41843163136737266,0.39625207495850084
0.14861702765944682,0.08447831043379132
0.4020719585608288,0.5475690486190277
0.6080878382432352,0.5213495730085399
0.5736885262294754,0.5707485850282995
0.35909281814363714,0.3933121337573249
0.0882582348353033,0.10133797324053519
0.8977420451590968,0.9361612767744646
0.625587488250235,0.6953460930781384
0.0863182736345273,0.06443871122577549
0.2272354552908942,0.19445611087778245
0.5944681106377873,0.5744485110297795
0.3291534169316614,0.6649667006659867
0.9191016179676407,0.9452410951780965
0.30613387732245356,0.3206935861282774
0.6908061838763225,0.39515209695806086
0.6403471930561389,0.5907881842363153
0.3432731345373093,0.10475790484190317
0.9321413571728566,0.8095238095238095
0.8441231175376492,0.8533229335413292
0.02643947121057579,0.06781864362712746
0.6845063098738026,0.6549669006619868
0.5220695586088279,0.378572428551429
0.5348893022139557,0.4670106597868043
0.12053758924821505,0.33627327453450934
0.9818003639927202,0.9771404571908562
0.9689206215875683,0.9640207195856083
0.33125337493250134,0.43177136457270854
0.1500769984600308,0.16571668566628667
0.9855402891942161,0.9832403351932961
0.45399092018159637,0.3887522249555009
0.2143957120857583,0.22005559888802226
0.7729445411091779,0.4135117297654047
0.9887602247955041,0.9882602347953041
0.9864602707945841,0.9889202215955681
0.6592668146637067,0.6853262934741305
0.7948041039179217,0.7791044179116418
0.05267894642107158,0.05523889522209556
0.3387532249355013,0.3313333733325334
0.038139237215255695,0.049139017219655606
0.5316693666126677,0.5888682226355473
0.5956080878382433,0.6056078878422432
0.16127677446451072,0.11423771524569509
0.5296694066118678,0.35393292134157317
0.5308893822123558,0.3480330393392132
0.12997740045199097,0.127957440851183
0.9044819103617928,0.9127217455650888
0.06993860122797545,0.06645867082658347
0.6557868842623148,0.6750264994700106
0.7945441091178177,0.8475230495390093
0.8598628027439451,0.44381112377752446
0.5997280054398912,0.5176296474070519
0.9599808003839924,0.8919221615567688
0.14097718045639088,0.16691666166676666
0.617947641047179,0.6965060698786024
0.28071438571228574,0.2814143717125658
0.3402531949361013,0.29739405211895764
0.7205655886882263,0.7273054538909222
0.24129517409651807,0.36537269254614907
0.4626107477850443,0.5941081178376433
0.5278294434111318,0.5505089898202036
0.10381792364152717,0.10269794604107918
0.21261574768504632,0.18011639767204657
0.2894142117157657,0.6659466810663787
0.6528269434611308,0.7365052698946022
0.43255134897302056,0.3397532049359013
0.9488210235795285,0.9632207355852883
0.35599288014239716,0.376232475350493
0.07297854042919141,0.0995580088398232
0.5673086538269235,0.6186476270474591
0.7180456390872183,0.7611847763044739
0.14769704605907882,0.1747565048699026
0.9552208955820883,0.9507009859802804
0.3873122537549249,0.3116537669246615
0.6428471430571389,0.3994120117597648
0.7774444511109778,0.8339633207335854
0.06141877162456751,0.08257834843303134
0.2133557328853423,0.18439631207375853
0.0502789944201116,0.05855882882342353
0.44479110417791645,0.48299034019319614
0.9622807543849123,0.8661026779464411
0.47193056138877226,0.4383512329753405
0.5001099978000441,0.5653886922261555
0.08067838643227136,0.09855802883942322
0.09977800443991121,0.6971260574788505
0.019779604407911842,0.016939661206775865
0.3034739305213896,0.5953480930381393
0.4283514329713406,0.5397692046159077
0.7297854042919142,0.7104257914841703
0.5707685846283075,0.4720905581888362
0.9153416931661367,0.9384212315753685
0.8402431951360974,0.8667026659466811
0.9179016419671607,0.9325013499730006
0.39671206575868484,0.22023559528809425
0.27063458730825385,0.3366932661346773
0.7935241295174097,0.8655226895462091
0.759644807103858,0.632687346253075
0.5798484030319394,0.5948281034379312
0.10699786004279915,0.1506169876602468
0.3399132017359653,0.3260734785304294
0.9228015439691206,0.9635807283854323
0.019319613607727847,0.6673266534669307
0.5275494490110197,0.45897082058358835
0.2897742045159097,0.37185256294874103
0.7664846703065938,0.7677246455070899
0.17757644847103057,0.16501669966600668
0.0877382452350953,0.07171856562868743
0.9226015479690407,0.9238415231695366
0.22141557168856624,0.2372752544949101
0.3891322173556529,0.30991380172396554
0.023359532809343813,0.02769944601107978
0.5126497470050599,0.5703285934281315
0.7853642927141458,0.7745845083098338
0.28047439051218975,0.3657526849463011
0.2759544809103818,0.28351432971340573
0.45547089058218837,0.6347073058538829
0.5172496550068999,0.3408131837363253
0.044519109617807646,0.06537869242615148
0.23295534089318215,0.2853542929141417
0.2003359932801344,0.24327513449731006
0.99940001199976,0.999320013599728
0.4858102837943241,0.4917701645967081
0.4747305053898922,0.5163696726065479
0.39487210255794886,0.48853022939541213
0.7676046479070419,0.7429451410971781
0.28053438931221375,0.4112117757644847
0.24733505329893404,0.33215335693286135
0.13081738365232695,0.4262314753704926
0.08107837843243136,0.0632787344253115
0.5769084618307634,0.5661286774264515
0.10379792404151918,0.08953820923581529
0.11871762564748706,0.10821783564328714
0.15845683086338275,0.2401551968960621
0.26531469370612587,0.251794964100718
0.9512809743805124,0.5668286634267314
0.7167456650866982,0.7098858022839544
0.2885742285154297,0.3110737785244295
0.1485370292594148,0.23367532649347014
0.7444451110977781,0.7660246795064098
0.5178296434071319,0.4519309613807724
0.3860322793544129,0.3908321833563329
0.997940041199176,0.9185216295674087
0.508629827403452,0.5346693066138677
0.2011159776804464,0.24975500489990202
0.6668866622667546,0.628487430251395
0.5397292054158918,0.21929561408771825
0.882442351152977,0.8960820783584329
0.12737745245095097,0.12283754324913503
0.20713585728285436,0.14949701005979882
0.9644407111857763,0.9699006019879602
0.756504869902602,0.7402651946961061
0.7103657926841463,0.251534969300614
0.8341033179336413,0.9468610627787445
0.7229855402891943,0.7142657146857063
0.48435031299374015,0.4375712485750285
0.13403731925361492,0.1743165136697266
0.9882802343953121,0.9853602927941442
0.7135257294854103,0.6463870722585549
0.24759504809903804,0.3222935541289174
0.47561048779024423,0.5170296594068119
0.7451650966980661,0.7176056478870423
0.28379432411351774,0.13341733165336694
0.5670886582268355,0.5317293654126918
0.46857062858742826,0.001999960000799984
0.8037239255214896,0.5287694246115078
0.10495790084198317,0.10519789604207916
0.11163776724465511,0.1001379972400552
0.6518869622607548,0.5228695426091479
0.6760264794704106,0.6836663266734666
0.8119437611247775,0.7969840603187937
0.33283334333313336,0.2859942801143977
0.016979660406791865,0.009299814003719925
0.5311693766124678,0.5902481950360993
0.6436871262574748,0.8231635367292655
0.4793104137917242,0.4638507229855403
0.5543889122217556,0.6345873082538349
0.13067738645227095,0.2725545489090218
0.05349893002139958,0.052478950420991585
0.7451450970980581,0.8939821203575928
0.6540669186616268,0.3154736905261895
0.028659426811463773,0.06771864562708746
0.5675686486270275,0.5273294534109318
0.15241695166096678,0.12151756964860704
0.5884482310353794,0.5446491070178596
0.8866422671546569,0.8563628727425452
0.8146837063258735,0.9967400651986961
0.09493810123797525,0.06539869202615949
0.2947941041179177,0.7795244095118098
0.36967260654786904,0.5148697026059479
0.030779384412311754,0.035959280814383716
0.4258914821703566,0.5577488450230995
0.48693026139477213,0.3508129837403252
0.9067418651626967,0.757184856302874
0.46853062938741225,0.38271234575308494
0.7759244815103699,0.7794044119117618
0.9434411311773765,0.9344613107737846
0.1484770304593908,0.08203835923281534
0.3387932241355173,0.3423131537369253
0.9638207235855283,0.9605007899842003
0.27991440171196574,0.252594948101038
0.20945581088378235,0.5701885962280755
0.5295294094118118,0.5213095738085238
0.511929761404772,0.3035339293214136
0.7383052338953221,0.6614067718645628
0.3249935001299974,0.40841183176336476
0.07977840443191136,0.10649787004259915
0.8490830183396333,0.8435031299374013
0.6025279494410112,0.37193256134877306
0.7899242015159698,0.7831643367132658
0.9649407011859763,0.9495610087798244
0.4719705605887882,0.41999160016799664
0.5330093398132038,0.5320893582128358
0.5249895002099958,0.5622287554248915
0.6952460950780984,0.6729665406691866
0.051738965220695585,0.0508789824203516
0.1750764984700306,0.17273654526909463
0.6475070498590029,0.5741285174296514
0.5176096478070439,0.4641307173856523
0.06165876682466351,0.3364732705345893
0.5476690466190677,0.5472890542189156
0.1133577328453431,0.19767604647907042
0.19187616247675046,0.6147677046459071
0.36891262174756506,0.7143057138857223
0.24625507489850204,0.22891542169156617
0.2647547049059019,0.250354992900142
0.638647227055459,0.6304673906521869
0.8959420811583768,0.9013419731605368
0.06075878482430352,0.06515869682606348
0.8008239835203296,0.7998640027199456
0.43569128617427655,0.36023279534409314
0.5906081878362432,0.6357072858542829
0.375232495350093,0.4266314673706526
0.8147637047259055,0.6868462630747385
0.9060818783624328,0.8580828383432332
0.4904301913961721,0.5616687666246676
0.7830043399132017,0.7172456550868983
0.39311213775724485,0.4392712145757085
0.2761144777104458,0.17101657966840664
0.2849543009139817,0.2728945421091578
0.6625867482650347,0.7163456730865383
0.9772404551908962,0.9788204235915282
0.09903801923961521,0.11409771804563909
0.026679466410671787,0.021139577208455832
0.6738865222695546,0.5448691026179476
0.9642207155856883,0.9706805863882723
0.9497410051798965,0.9678806423871523
0.503409931801364,0.4943301133977321
0.7948841023179537,0.888022239555209
0.15603687926241475,0.248855022899542
0.3892522149557009,0.2688346233075339
0.6610467790644188,0.7351452970940582
0.7045259094818104,0.6954260914781705
0.6470070598588028,0.5756684866302674
0.9231415371692566,0.8112437751244975
0.8060838783224336,0.8542429151416971
0.8837623247535049,0.504269914601708
0.6541069178616428,0.6679666406671867
0.31277374452510953,0.3369732605347893
0.028499430011399773,0.03243935121297574
0.500169996600068,0.5220295594088118
0.5774684506309874,0.5804483910321794
0.8184636307273855,0.8270834583308334
0.761564768704626,0.7981240375192497
0.4518509629807404,0.48155036899262016
0.6101277974440511,0.7384252314953701
0.8504229915401692,0.8687626247475051
0.8026239475210496,0.8505629887402252
0.754284914301714,0.7750444991100178
0.44885102297954044,0.45245095098098037
0.7764044719105618,0.7671846563068739
0.31099378012439755,0.35841283174336513
0.6067878642427151,0.48339033219335614
0.6975060498790024,0.5989680206395872
0.6960460790784184,0.638407231855363
0.08359832803343933,0.3390332193356133
0.251854962900742,0.27233455330893386
0.8657426851462972,0.9070218595628088
0.4819303613927722,0.5068698626027479
0.4100517989640207,0.2635147297054059
0.20935581288374233,0.3165336693266135
0.6119477610447791,0.6930061398772025
0.4209715805683886,0.3182936341273175
0.09765804683906322,0.07993840123197536
0.3464130717385652,0.3350532989340213
0.2009359812803744,0.1748965020699586
0.13233735325293494,0.17379652406951862
0.5797484050318994,0.49247015059698807
0.38259234815303694,0.2898542029159417
0.21867562648747027,0.18073638527229455
0.22365552688946222,0.3432131357372853
0.5932681346373073,0.3543529129417412
0.18097638047239056,0.09437811243775125
0.49887002259954805,0.5357292854142918
0.41237175256494873,0.4385912281754365
0.3870122597548049,0.3880522389552209
0.08993820123597529,0.06653866922661547
0.0250594988100238,0.015739685206295876
0.08525829483410333,0.06355872882542349
0.509669806603868,0.5325093498130038
0.6422471550568989,0.5610887782244355
0.5106297874042519,0.48001039979200416
0.2137957240855183,0.16965660686786266
0.7658646827063459,0.7283654326913462
0.4045719085618288,0.4735705285894282
0.253334933301334,0.2883342333153337
0.3363532729345413,0.372492550148997
0.06207875842483151,0.06809863802723946
0.08081838363232735,0.04303913921721566
0.37327253454930903,0.629167416651667
0.22261554768904623,0.2407351852962941
0.5904281914361713,0.48505029899402013
0.6420871582568349,0.7088658226835464
0.05793884122317554,0.05695886082278355
0.3271534569308614,0.36903261934761306
0.749985000299994,0.6725665486690267
0.35365292694146117,0.34411311773764525
0.3872322553548929,0.15935681286374273
0.8328033439331214,0.8959620807583849
0.8601427971440572,0.4532709345813084
0.1991960160796784,0.2610547789044219
0.4253914921701566,0.36953260934781307
0.17129657406851864,0.14295714085718286
0.1752964940701186,0.2011159776804464
0.5121497570048599,0.49329013419731604
0.35491290174196516,0.29007419851602967
0.47835043299134017,0.35429291414171715
0.7783244335113298,0.748885022299554
0.24591508169836604,0.24393512129757405
0.11963760724785505,0.11445771084578309
0.1366172676546469,0.13037739245215096
0.9179416411671767,0.9316613667726645
0.09485810283794324,0.05713885722285555
0.3188136237275255,0.28259434811303774
0.6463670726585469,0.5330893382132358
0.30711385772284555,0.3386332273354533
0.6883062338753225,0.6692066158676827
0.6735665286694267,0.633507329853403
0.22087558248835024,0.23443531129377412
0.37853242935141296,0.5800483990320194
0.6877062458750826,0.2264754704905902
0.7956840863182737,0.7416451670966581
0.8431431371372573,0.8023639527209456
0.4486910261794764,0.48445031099378016
0.880422391552169,0.9113617727645448
0.9206615867682647,0.9488410231795364
0.5731685366292675,0.5513489730205396
0.36177276454470914,0.373732525349493
0.6203875922481551,0.6034079318413632
0.3121337573248535,0.506209875802484
0.26777464450710986,0.2736345273094538
0.020679586408271836,0.015479690406191876
0.4636507269854603,0.377412451750965
0.4019119617607648,0.44635107297854043
0.8979220415591689,0.876902461950761
0.1874162516749665,0.13449731005379892
0.6041679166416671,0.7689246215075699
0.5591088178236435,0.4763704725905482
0.3018339633207336,0.24751504969900603
0.7148457030859383,0.6629067418651627
0.4653106937861243,0.16421671566568669
0.5250094998100038,0.4757704845903082
0.5597288054238916,0.37189256214875704
0.34763304733905326,0.6496270074598508
0.8722225555488891,0.8548629027419452
0.248735025299494,0.252614947701046
0.8268834623307534,0.8099838003239935
0.021139577208455832,0.0016599668006639868
0.44643107137857246,0.5714485710285795
0.9890802183956321,0.9861402771944562
0.38235235295294095,0.4425311493770125
0.6110677786444272,0.5064098718025639
0.40447191056178877,0.4676906461870763
0.8005839883202336,0.7994840103197937
0.3671126577468451,0.42369152616947664
0.5123297534049319,0.4492310153796924
0.25589488210235795,0.3194336113277735
0.5634287314253715,0.04563908721825564
0.5632287354252915,0.4291114177716446
0.6570668586628268,0.5985080298394032
0.4914701705965881,0.5225695486090278
0.753064938701226,0.7868842623147537
0.7346853062938742,0.8349433011339773
0.12665746685066298,0.128357432851343
0.9519609607807844,0.752404951900962
0.5330693386132278,0.9192616147677046
0.6948261034779305,0.5571088578228436
0.5518089638207236,0.48511029779404413
0.8153436931261375,0.9141017179656408
0.2646747065058699,0.5260694786104279
0.9101217975640488,0.9241815163696726
0.6593068138637227,0.7168656626867463
0.09345813083738326,0.20509589808203837
0.14489710205795883,0.15519689606207876
0.2020759584808304,0.2779944401111978
0.10815783684326313,0.10645787084258315
0.10239795204095918,0.08243835123297534
0.6093678126437472,0.5875282494350114
0.18155636887262255,0.4458510829783405
0.13459730805383893,0.17221655566888663
0.6410871782564349,0.7173856522869543
0.8721025579488411,0.4177716445671087
0.06955860882782344,0.10867782644347114
0.5139097218055639,0.5410291794164117
0.1007579848403032,0.09399812003759925
0.5570688586228275,0.623987520249595
0.2031159376812464,0.12963740725185496
0.20035599288014241,0.35445291094178116
0.9038819223615528,0.8910021799564009
0.7428851422971541,0.5977080458390832
0.5554488910221795,0.6132477350452992
0.6086078278434431,0.6010879782404353
0.3222335553288934,0.1012979740405192
0.623867522649547,0.6766264674706506
0.05695886082278355,0.0641787164256715
0.7727645447091058,0.6856062878742425
0.9840803183936322,0.9799204015919682
0.07075858482830344,0.2131757364852703
0.44175116497670047,0.5087498250035
0.2263354732905342,0.18299634007319854
0.2915341693166137,0.09881802363952721
0.9539409211815764,0.9494010119797605
0.034739305213895726,0.029739405211895765
0.37127257454850904,0.3893522129557409
0.1137777244455111,0.19835603287934242
0.6189076218475631,0.01981960360792784
0.050838983220335594,0.04123917521649567
0.9533809323813524,0.9596808063838723
0.1884562308753825,0.13355732885342295
0.6321673566528669,0.6065678686426271
0.7837843243135137,0.7398852022959541
0.05415891682166357,0.05301893962120758
0.48659026819463613,0.4388512229755405
0.24523509529809404,0.2405951880962381
0.6484270314593709,0.5639687206255876
0.640127197456051,0.5212495750084999
0.9580808383832323,0.9523209535809284
0.4368112637747245,0.5250094998100038
0.7691046179076418,0.6147277054458911
0.07019859602807944,0.07201855962880743
0.06825863482730346,0.055878882422351554
0.8074438511229776,0.7265054698906022
0.054698906021879566,0.06995860082798344
0.9809003819923602,0.9681806363872723
0.8060438791224176,0.8292634147317054
0.2651746965060699,0.31993360132797344
0.09887802243955121,0.08931821363572728
0.9105417891642168,0.8936221275574489
0.09453810923781525,0.09295814083718326
0.7021459570808584,0.7325853482930341
0.009839803203935921,0.008979820403591928
0.9989000219995601,0.998980020399592
0.6986860262794744,0.6751264974700506
0.13283734325313495,0.1491970160596788
0.43451130977380453,0.44523109537809247
0.4830703385932282,0.41815163696726065
0.1531169376612468,0.19687606247875042
0.6958860822783545,0.7327453450930982
0.2892942141157177,0.3032739345213096
0.11935761284774304,0.14215715685686287
0.17081658366832664,0.25759484810303795
0.9192616147677046,0.9094618107637847
0.2891742165156697,0.22883542329153417
0.618407631847363,0.5319693606127878
0.15557688846223075,0.28197436051278973
0.7688246235075299,0.7026059478810424
0.057498850022999544,0.03625927481450371
0.6431671366572669,0.623787524249515
0.06055878882422352,0.0751184976300474
0.5128897422051559,0.4372312553748925
0.6479070418591628,0.5450690986180277
0.11667766644667107,0.11687766244675107
0.6965860682786345,0.7930641387172257
0.9030219395612088,0.881102377952441
0.8714825703485931,0.7863242735145297
0.4161316773664527,0.45503089938201235
0.6901861962760745,0.2788544229115418
0.22001559968800624,0.37939241215175695
0.17087658246835064,0.33335333293334135
0.8891622167556649,0.8912021759564809
0.3641127177456451,0.3304133917321654
0.9619807603847923,0.9817403651926961
0.25685486290274195,0.23629527409451812
0.628047439051219,0.6568468630627388
0.43125137497250055,0.40563188736225275
0.8891222175556489,0.8129437411251775
0.3867922641547169,0.5172896542069159
0.37173256534869303,0.43467130657386854
0.0624787504249915,0.10819783604327914
0.9858802823943521,0.9229215415691686
0.39105217895642086,0.3840923181536369
0.6109677806443872,0.6829863402731946
0.48635027299454014,0.5239695206095878
0.879542409151817,0.873822523549529
0.6436671266574668,0.6336473270534589
0.7211855762884742,0.6974260514789704
0.626267474650507,0.5268294634107318
0.4796904061918762,0.5987680246395072
0.7722445551088979,0.747845043099138
0.6813263734725306,0.7814443711125778
0.48431031379372413,0.5959880802383952
0.0629587408251835,0.05637887242255155
0.498670026599468,0.5099698006039879
0.6764864702705946,0.5862282754344913
0.10337793244135117,0.12905741885162297
0.4852902941941161,0.6854262914741706
0.373592528149437,0.3863322733545329
0.4493310133797324,0.5352892942141158
0.34615307693846126,0.5626287474250515
0.9480010399792005,0.9503409931801364
0.23379532409351814,0.3045739085218296
0.2596348073038539,0.6403071938561229
0.9287214255714886,0.8533629327413452
0.7110657786844263,0.749365012699746
0.6854062918741626,0.5252894942101158
0.3552728945421092,0.3336133277334453
0.11867762644747105,0.025639487210255794
0.021759564808703828,0.03973920521589568
0.3051938961220776,0.35599288014239716
0.5541889162216755,0.502269954600908
0.5294494110117798,0.6547669046619068
0.44435111297774044,0.5619687606247875
0.9130217395652087,0.8993420131597368
0.31937361252774943,0.501909961800764
0.05925881482370353,0.20519589608207836
0.2954740905181896,0.18223635527289456
0.5102497950041,0.4777904441911162
0.8157636847263054,0.8231035379292414
0.30687386252274956,0.3247535049299014
0.6124677506449872,0.6041279174416512
0.012199756004879903,0.011819763604727905
0.15683686326273474,0.125277494450111
0.12085758284834304,0.10163796724065519
0.7570448591028179,0.631207375852483
0.32145357092858146,0.31987360252794944
0.22243555128897421,0.033439331213375736
0.00007999840003199936,0.0006799864002719946
0.3522129557408852,0.30641387172256557
0.03145937081258375,0.040859182816343674
0.25761484770304593,0.30735385292294154
0.380112397752045,0.6131077378452431
0.40385192296154077,0.35503289934201315
0.3646527069458611,0.4936501269974601
0.2243755124897502,0.36927261454770904
0.4105717885642287,0.3401531969360613
0.20827583448331033,0.2756944861102778
0.25879482410351795,0.11877762444751105
0.6505669886602268,0.7829043419131617
0.125077498450031,0.023459530809383813
0.13027739445211095,0.379992400151997
0.7380652386952261,0.8582828343433132
0.6733065338693226,0.5478890422191557
0.3469330613387732,0.4094318113637727
0.3397532049359013,0.43599128017439653
0.05757884842303154,0.05379892402151957
0.9744405111897763,0.9768204635907283
0.18531629367412653,0.502529949401012
0.42305153896922065,0.3172136557268855
0.8905421891562169,0.7892042159156817
0.8990420191596168,0.9416211675766485
0.43633127337453254,0.5656886862262754
0.5907281854362912,0.6438271234575309
0.5387292254154917,0.4268914621707566
0.5490290194196116,0.636587268254635
0.9822603547929042,0.9833203335933282
0.28103437931241376,0.26027479450410995
0.24057518849623008,0.2274754504909902
0.9430211395772085,0.9519009619807605
0.5948681026379473,0.5909681806363873
0.2894542109157817,0.33489330213395735
0.052178956420871586,0.041579168416631666
0.47207055858882824,0.5360492790144197
0.7881842363152737,0.8041039179216416
0.10177796444071119,0.27755444891102177
0.38555228895422095,0.31123377532449353
0.5179696406071879,0.5904481910361793
0.7290054198916022,0.6448071038579228
0.8370632587348253,0.8059038819223616
0.9615207695846083,0.9799804003919922
0.24427511449771006,0.20887582248355033
0.505289894202116,0.5848083038339233
0.14357712845743087,0.1636367272654547
0.8099638007239855,0.743145137097258
0.7100857982840344,0.6863662726745465
0.7983240335193297,0.7921041579168417
0.45621087578248437,0.44147117057658847
0.42855142897142057,0.5477690446191077
0.5483690326193477,0.7355452890942181
0.6766064678706426,0.43193136137277255
0.02377952440951181,0.02373952520949581
0.4141717165656687,0.38665226695466093
0.5143697126057479,0.5284694306113877
0.5196296074078519,0.5451090978180436
0.5598888022239555,0.629227415451691
0.16701665966680668,0.126037479250415
0.5871082578348433,0.5609287814243715
0.020739585208295833,0.02637947241055179
0.49643007139857204,0.1131977360452791
0.8323433531329374,0.7595648087038259
0.6959860802783945,0.6525269494610108
0.01385972280554389,0.056798864022719546
0.7034059318813624,0.6916861662766745
0.7723845523089539,0.7732045359092818
0.8498830023399532,0.8597628047439052
0.9455410891782164,0.9321613567728646
0.07353852922941541,0.07803843923121538
0.24777504449911003,0.3031539369212616
0.8177436451270975,0.8010439791204176
0.5130097398052039,0.5363892722145557
0.08579828403431931,0.7195056098878023
0.3655126897462051,0.25567488650226994
0.5903281934361313,0.5434691306173877
0.377992440151197,0.5376092478150437
0.7182456350872983,0.7480250394992101
0.1138777224455511,0.14619707605847884
0.29979400411991763,0.18087638247235055
0.9282814343713126,0.877602447951041
0.5668886622267555,0.6051278974420512
0.9286814263714726,0.9430611387772245
0.8163236735265295,0.7289654206915862
0.8085638287234256,0.8380432391352173
0.74692506149877,0.8130437391252175
0.9248815023699526,0.9232615347693046
0.9361812763744726,0.9488810223795524
0.8223435531289375,0.746605067898642
0.9793604127917442,0.9823803523929522
0.3126737465250695,0.2273554528909422
0.8913021739565209,0.8993220135597289
0.7694246115077699,0.1779564408711826
0.5424091518169637,0.3441331173376533
0.879942401151977,0.8750424991500171
0.5664486710265795,0.5907081858362833
0.45969080618387637,0.5845883082338353
0.8194436111277775,0.8334033319333614
0.05289894202115958,0.04753904921901562
0.9685406291874162,0.9746205075898482
0.2926741465170697,0.21765564688706227
0.24263514729705407,0.41117177656446874
0.1997960040799184,0.1901361972760545
0.8572428551428972,0.9250614987700246
0.7762444751104978,0.8978420431591368
0.7177856442871143,0.6792064158716826
0.38437231255374893,0.35827283454330916
0.36999260014799706,0.5216695666086678
0.4805103897922042,0.6222475550488991
0.6883862322753546,0.7651646967060659
0.8319633607327854,0.8275034499310014
0.014439711205775885,0.012779744405111898
0.5446291074178516,0.5189896202075959
0.4525709485810284,0.500269994600108
0.16923661526769465,0.15529689406211877
0.6532269354612908,0.618727625447491
0.9828403431931362,0.9831803363932722
0.9511609767804644,0.9491610167796645
0.07497850042999141,0.06593868122637547
0.20329593408131838,0.043399132017359655
0.9601207975840483,0.9598208035839284
0.12341753164936702,0.2892342153156937
0.5202495950080999,0.502429951400972
0.9794204115917682,0.9668206635867282
0.38311233775324494,0.17123657526849465
0.00877982440351193,0.008599828003439931
0.3413731725365493,0.4416711665766685
0.8961220775584489,0.880922381552369
0.6832663346733066,0.6727465450690986
0.9242015159696806,0.8410431791364174
0.9096418071638568,0.9522209555808884
0.9315813683726326,0.9503209935801284
0.5413091738165237,0.627047459050819
0.5291294174116518,0.6038279234415312
0.5204095918081638,0.4527309453810924
0.20567588648227036,0.125137497250055
0.8738025239495211,0.8675226495470091
0.8239435211295775,0.7369052618947621
0.9528409431811364,0.9469010619787604
0.3633927321453571,0.37239255214895706
0.9722405551888963,0.9643007139857204
0.870182596348073,0.8962220755584889
0.7183256334873303,0.7339253214935701
0.04155916881662367,0.06401871962560748
0.628167436651267,0.3385932281354373
0.5968880622387552,0.5631087378252435
0.34227315453690926,0.33243335133297336
0.6372272554548909,0.635547289054219
0.8559828803423932,0.9053618927621447
0.6404471910561789,0.633867322653547
0.2974140517189656,0.381932361352773
0.22833543329133418,0.1915361692766145
0.17103657926841465,0.8427231455370893
0.8181236375272495,0.8535629287414253
0.48417031659366816,0.41197176056478874
0.37285254294914105,0.2767944641107178
0.18605627887442253,0.12967740645187098
0.37109257814843705,0.4422511549769005
0.9385012299754005,0.9652806943861123
0.1001979960400792,0.15329693406131878
0.8942021159576808,0.8990220195596088
0.8402631947361053,0.8526429471410573
0.21939561208775826,0.20499590008199836
0.09045819083618328,0.06589868202635947
0.4531709365812684,0.46995060098798025
0.7790244195116098,0.8300833983320334
0.26949461010779785,0.23081538369232615
0.20861582768344633,0.20651586968260635
0.23171536569268616,0.3107337853242935
0.8474630507389852,0.7984240315193697
0.9555008899822004,0.8024039519209616
0.8845623087538249,0.885542289154217
0.8326033479330414,0.8437831243375132
0.5665886682266355,0.5752484950300994
0.9863002739945201,0.9866002679946402
0.9067218655626887,0.9333813323733525
0.7017459650806984,0.6776864462710745
0.031079378412431753,0.016759664806703867
0.10465790684186317,0.07741845163096739
0.00249995000099998,0.0013199736005279894
0.015459690806183876,0.03307933841323173
0.5992480150396993,0.7081458370832584
0.04615907681846363,0.045619087618247636
0.8712825743485131,0.8276234475310494
0.42867142657146856,0.43043139137217257
0.24589508209835803,0.44255114897702047
0.6974460510789784,0.7406851862962741
0.8907421851562969,0.8172836543269135
0.5017499650007,0.7081258374832503
0.2146557068858623,0.14381712365752686
0.8459830803383933,0.878802423951521
0.9851602967940641,0.9883602327953441
0.6896662066758665,0.876482470350593
0.25955480890382193,0.2001959960800784
0.6842263154736905,0.6598668026639467
0.1876362472750545,0.17171656566868662
0.9306813863722726,0.9380012399752006
0.8030639387212256,0.866882662346753
0.7062058758824824,0.6232675346493071
0.3029139417211656,0.3615727685446291
0.06787864242715146,0.05521889562208756
0.3978120437591248,0.3579128417431651
0.7509849803003941,0.7640047199056019
0.5407091858162837,0.3627527449451011
0.4874302513949721,0.4870702585948281
0.10943781124377513,0.0507989840203196
0.33793324133517333,0.376332473350533
0.1011579768404632,0.2860342793144137
0.46905061898762024,0.7708245835083298
0.8175036499270015,0.8165436691266175
0.7354252914941701,0.7148857022859543
0.874422511549769,0.8912221755564889
0.28579428411431773,0.5212295754084918
0.45737085258294835,0.45971080578388435
0.4630507389852203,0.4825503489930202
0.20841583168336633,0.21001579968400633
0.3889522209555809,0.21943561128777425
0.19599608007839844,0.2882942341153177
0.5569088618227636,0.7313653726925462
0.07891842163156737,0.21717565648687026
0.9681806363872723,0.9667406651866963
0.7054658906821863,0.746445071098578
0.5579688406231875,0.45633087338253236
0.1373572528549429,0.10293794124117518
0.14571708565828684,0.1402171956560869
0.6863062738745226,0.5785084298314034
0.0504789904201916,0.19049619007619847
0.3903521929561409,0.2409951800963981
0.3941721165576689,0.46933061338773224
0.6962260754784905,0.7987440251194976
0.5368092638147237,0.5290694186116278
0.7666846663066739,0.8353032939341214
0.5998480030399392,0.502389952200956
0.003099938001239975,0.001979960400791984
0.4272914541709166,0.41523169536609267
0.4396912061758765,0.21527569448611028
0.059938801223975526,0.1657766844663107
0.8275034499310014,0.866982660346793
0.08331833363332733,0.04525909481810364
0.18157636847263056,0.16631667366652667
0.2921541569168617,0.3263534729305414
0.9532009359812804,0.9211215775684487
0.9732405351892962,0.9464610707785844
0.6858062838743225,0.7654046919061619
0.13371732565348693,0.08349833003339933
0.253054938901222,0.19869602607947842
0.9370012599748005,0.8433231335373292
0.3559128817423652,0.3509529809403812
0.9253014939701206,0.9088418231635368
0.9440411191776165,0.9442211155776885
0.7360452790944182,0.6004079918401632
0.755084898302034,0.7570448591028179
0.38681226375472494,0.4646307073858523
0.8181836363272735,0.8216835663286735
0.8901821963560729,0.887142257154857
0.9031819363612728,0.8950020999580008
0.40739185216295676,0.44999100017999644
0.378612427751445,0.32999340013199735
0.6651066978660427,0.40447191056178877
0.9166216675666486,0.881902361952761
0.38561228775424494,0.2632747345053099
0.6531069378612429,0.638087238255235
0.5567288654226915,0.6073678526429471
0.33649327013459734,0.49677006459870804
0.1759964800703986,0.9789004219915602
0.2137557248855023,0.18577628447431052
0.40431191376172476,0.4000119997600048
0.6190076198476031,0.5889082218355634
0.3004139917201656,0.37675246495070097
0.7763244735105298,0.7771444571108578
0.4787104257914842,0.4039519209615808
0.7009259814803704,0.7105257894842103
0.13891722165556689,0.1894562108757825
0.877502449951001,0.9312413751724966
0.9884202315953682,0.9877002459950801
0.6060078798424031,0.6671666566668667
0.5685286294274114,0.3407131857362853
0.6444871102577948,0.44261114777704447
0.7572648547029059,0.7978240435191296
0.5952880942381152,0.5532889342213156
0.8683026339473211,0.8143037139257215
0.7547649047019059,0.6856662866742665
0.20733585328293436,0.2628347433051339
0.7174456510869783,0.5746285074298514
0.19743605127897443,0.1360972780544389
0.4716305673886522,0.6533069338613228
0.2149757004859903,0.25577488450230995
0.02635947281054379,0.031779364412711744
0.8042239155216896,0.8498430031399372
0.7248055038899223,0.7797844043119138
0.5683486330273395,0.5502889942201156
0.010739785204295915,0.009019819603607928
0.124797504049919,0.29703405931881366
0.8312233755324894,0.6587668246635068
0.4394312113757725,0.5521289574208516
0.9765604687906242,0.9715205695886082
0.39383212335753287,0.250294994100118
0.6154676906461871,0.6515069698606029
0.1386172276554469,0.31757364852702946
0.17019659606807863,0.2014359712805744
0.41169176616467673,0.3295134097318054
0.877862442751145,0.5921081578368432
0.4277314453710926,0.5310293794124118
0.45091098178036443,0.46829063418731626
0.9499010019799604,0.9509609807803844
0.6054878902421952,0.6831663366732665
0.9550408991820164,0.9535209295814084
0.6462870742585148,0.6287474250514989
0.010259794804103918,0.009499810003799925
0.2909741805163897,0.35883282334353317
0.8416031679366412,0.8440431191376173
0.5649687006259875,0.6779864402711946
0.4126717465650687,0.4224115517689646
0.7351052978940421,0.6050478990420192
0.9157816843663127,0.9286814263714726
0.21033579328413432,0.07751844963100739
0.8924621507569849,0.8420831583368333
0.05743885122297554,0.07841843163136737
0.5518289634207316,0.5815883682326354
0.28577428451430975,0.3103937921241575
0.8368632627347453,0.9083218335633287
0.2150956980860383,0.29407411851762966
0.2593948121037579,0.31609367812643746
0.5299894002119958,0.3156736865262695
0.7940641187176257,0.8450430991380172
0.6410071798564029,0.5185896282074358
0.7875442491150177,0.7622247555048899
0.7971240575188496,0.8017439651206976
0.5617087658246835,0.5486290274194516
0.9407411851762965,0.8368832623347533
0.8197836043279134,0.8601827963440731
0.5457090858182837,0.47441051178976423
0.5633087338253235,0.5717685646287074
0.7882442351152977,0.889302213955721
0.7076058478830424,0.7348053038939222
0.9913801723965521,0.9906801863962721
0.5211295774084519,0.6094678106437872
0.2604947901041979,0.23523529529409412
0.04547909041819164,0.062158756824863506
0.7981840363192736,0.6128877422451551
0.5418691626167477,0.4368712625747485
0.3406331873362533,0.37217255654886905
0.4559708805823884,0.38109237815243696
0.1662366752664947,0.18321633567328655
0.19339613207735845,0.2989740205195896
0.5276094478110438,0.5530289394212116
0.8013239735205296,0.8252834943301134
0.08071838563228735,0.09723805523889523
0.21993560128797424,0.21983560328793425
0.752844943101138,0.3967920641587168
0.4901501969960601,0.43799124017519653
0.4409111817763645,0.35377292454150916
0.5774484510309794,0.35467290654186917
0.6961660766784664,0.4480110397792044
0.36879262414751707,0.4060518789624208
0.15411691766164679,0.15537689246215075
0.7437051258974821,0.624547509049819
0.6763064738705226,0.5556488870222596
0.3878522429551409,0.45885082298354035
0.27971440571188577,0.24563508729825403
0.7053458930821384,0.4662706745865083
0.12791744165116697,0.028299434011319773
0.2757944841103178,0.4526709465810684
0.25733485330293393,0.3017739645207096
0.8634827303453931,0.7022059558808824
0.19539609207815845,0.4500709985800284
0.4393112137757245,0.6241875162496751
0.060638787224255516,0.40779184416311676
0.7368852622947542,0.8378232435351294
0.5588088238235236,0.29403411931761364
0.1012979740405192,0.07233855322893543
0.40539189216215676,0.3253334933301334
0.7139457210855783,0.8236235275294495
0.5285094298114038,0.504429911401772
0.4610107797844043,0.054598908021839566
0.21901561968760624,0.17867642647147058
0.042079158416831665,0.018139637207255855
0.25775484490310197,0.3255734885302294
0.30693386132277356,0.3145937081258375
0.8503429931401373,0.8392832143357133
0.5434691306173877,0.32815343693126137
0.05791884162316754,0.07897842043159137
0.49549009019819606,0.7734645307093858
0.8504629907401853,0.882102357952841
0.7296254074918502,0.7759044819103618
0.9145817083658327,0.9256414871702566
0.50634987300254,0.5619287614247716
0.8115037699246015,0.47383052338953224
0.9461210775784484,0.9432011359772805
0.6482270354592908,0.7604647907041859
0.752444951100978,0.757644847103058
0.30465390692186156,0.31003379932401354
0.04321913561728766,0.031119377612447752
0.8152036959260816,0.6119477610447791
0.755604887902242,0.7338653226935462
0.38333233335333294,0.1995160096798064
0.7259054818903622,0.8500229995400093
0.6640867182656347,0.7408051838963221
0.8543629127417451,0.8666826663466731
0.7175456490870182,0.5697086058278834
0.0886382272354553,0.07109857802843943
0.40099198016039683,0.3902721945561089
0.757304853902922,0.9176216475670487
0.12839743205135898,0.22313553728925423
0.11047779044419112,0.1753164936701266
0.34769304613907726,0.7761844763104738
0.32055358892822144,0.5615487690246195
0.9619207615847684,0.9630207395852083
0.6077478450430992,0.5533889322213555
0.08231835363292735,0.13237735245295096
0.4283314333713326,0.47007059858802824
0.8760824783504331,0.5842683146337073
0.2760144797104058,0.26137477250454993
0.44809103817923646,0.049439011219775605
0.8270634587308254,0.883262334753305
0.9514009719805604,0.9668806623867523
0.634867302653947,0.6817463650726986
0.9257214855702887,0.8685226295474091
0.9951000979980401,0.9958400831983361
0.12351752964940702,0.13367732645347094
0.5171096578068439,0.5476890462190757
0.24641507169856602,0.24807503849923002
0.374492510149797,0.28367432651346974
0.36927261454770904,0.10321793564128717
0.23059538809223817,0.2259954800903982
0.5317093658126838,0.5195696086078279
0.12943741125177496,0.13461730765384694
0.618967620647587,0.6745065098698027
0.6666866662666747,0.7478850422991541
0.17025659486810266,0.1656966860662787
0.32375352492950144,0.32117357652846945
0.9538809223815524,0.9246015079698406
0.4529509409811804,0.6645667086658267
0.6173476530469391,0.627627447451051
0.17121657566848664,0.1741565168696626
0.37081258374832504,0.5585688286234276
0.01491970160596788,0.011419771604567908
0.3256134877302454,0.31095378092438153
0.05621887562248755,0.052378952420951586
0.8770024599508011,0.9131417371652567
0.02737945241095178,0.02399952000959981
0.7845243095138098,0.8239635207295855
0.11717765644687107,0.10915781684366313
0.4004119917601648,0.4918901621967561
0.8192636147277055,0.9335613287734246
0.1984560308793824,0.2137357252854943
0.7311053778924422,0.7233255334893303
0.877182456350873,0.8308433831323374
0.6803663926721466,0.7055658886822264
0.8899022019559609,0.9011219775604489
0.9056618867622648,0.9167816643667127
0.5913281734365313,0.5917881642367153
0.372252554948901,0.39523209535809284
0.7922041559168816,0.8018639627207456
0.19327613447731046,0.2390152196956061
0.9547009059818804,0.9457810843783124
0.9485210295794084,0.9152016959660807
0.40707185856282874,0.37933241335173296
0.8120837583248335,0.8058238835223296
0.14333713325733485,0.1607767844643107
0.8531029379412413,0.8654026919461612
0.881322373552529,0.879542409151817
0.42083158336833265,0.2743145137097258
0.9427211455770885,0.9309813803723925
0.9927001459970801,0.9949201015979681
0.030459390812183757,0.0253394932101358
0.2790744185116298,0.28163436731265373
0.03217935641287174,0.049659006819863606
0.40935181296374074,0.8109437811243776
0.6942661146777065,0.6576468470630588
0.4503709925801484,0.38439231215375697
0.3357732845343093,0.374952500949981
0.1489370212595748,0.2995740085198296
0.6696266074678506,0.5893482130357393
0.20293594128117437,0.10759784804303914
0.2248955020899582,0.3013539729205416
0.30785384292314155,0.29173416531669366
0.04341913161736766,0.019719605607887842
0.1365972680546389,0.15439691206175876
0.6608067838643228,0.6089078218435632
0.4399912001759965,0.4915901681966361
0.7182256354872902,0.883582328353433
0.5803283934321314,0.5940881182376353
0.9630207395852083,0.9658206835863283
0.10745785084298315,0.08965820683586329
0.45821083578328436,0.37097258054838905
0.08563828723425532,0.11655766884662307
0.6576668466630667,0.6932861342773144
0.06941861162776744,0.06329873402531949
0.17151656966860662,0.1642567148657027
0.6650866982660347,0.627387452250955
0.23005539889202217,0.17255654886902264
0.6426671466570669,0.7057658846823064
0.39389212215755687,0.26819463610727784
0.20317593648127039,0.6420271594568109
0.2986140277194456,0.48525029499410016
0.3634127317453651,0.47235055298894024
0.4210915781684366,0.3844323113537729
0.6238275234495311,0.5325893482130357
0.5639687206255876,0.5346093078138437
0.3490530189396212,0.45779084418311633
0.2629947401051979,0.35543289134217315
0.42849143017139657,0.2648947021059579
0.4777904441911162,0.44547109057818846
0.1627567448651027,0.16803663926721465
0.3596928061438771,0.3401931961360773
0.43165136697266054,0.15837683246335074
0.502789944201116,0.6368872622547549
0.09127817443651128,0.09559808803823924
0.873862522749545,0.9029019419611608
0.8670226595468091,0.7964840703185937
0.9683806323873523,0.9719005619887603
0.7765644687106258,0.7662846743065139
0.8505029899402012,0.8509429811403773
0.10851782964340713,0.1132177356452871
0.3963320733585328,0.3075938481230375
0.5672686546269075,0.45667086658266837
0.6855662886742265,0.5085498290034199
0.12167756644867103,0.10743785124297514
0.5522089558208836,0.5204095918081638
0.3124737505249895,0.4069118617627648
0.9219015619687606,0.9308813823723526
0.8915221695566089,0.7309853802923941
0.8424231515369693,0.8362432751344974
0.7942041159176817,0.9240415191696166
0.3298934021319574,0.510569788604228
0.6566468670626587,0.43603127937441255
0.8157236855262895,0.751004979900402
0.505229895402092,0.5608087838243235
0.7616047679046419,0.7450450990980181
0.4523509529809404,0.5410891782164357
0.9928401431971361,0.9959400811983761
0.9181616367672647,0.9286014279714406
0.3245935081298374,0.2987540249195016
0.16515669686606269,0.14929701405971882
0.19511609767804644,0.1979360412791744
0.6797464050718985,0.7078458430831384
0.07713845723085538,0.1397372052558949
0.25913481730365395,0.3645527089458211
0.25469490610187795,0.37207255854882904
0.24681506369872602,0.2133957320853583
0.25805483890322195,0.4012319753604928
0.5157496850062999,0.6450070998580029
0.6773264534709306,0.6773264534709306
0.2131157376852463,0.07457850842983141
0.9015219695606088,0.8977620447591048
0.2839343213135737,0.625107497850043
0.11533769324613508,0.15443691126177478
0.5343093138137237,0.502569948601028
0.5981680366392672,0.5633087338253235
0.9377612447751046,0.9640607187856243
0.03911921761564769,0.03539929201415972
0.9667206655866883,0.9653606927861443
0.6923261534769305,0.7693846123077539
0.15433691326173476,0.15637687246255075
0.025579488410231797,0.028119437611247775
0.16847663046739067,0.17713645727085459
0.995620087598248,0.997220055598888
0.9451210975780485,0.9354212915741685
0.26057478850422994,0.30419391612167757
0.9377012459750805,0.9294414111717766
0.25811483770324595,0.2633347333053339
0.3281334373312534,0.6396272074558509
0.5746485070298594,0.4147917041659167
0.2822143557128858,0.08113837723245536
0.8942821143577129,0.741545169096618
0.619447611047779,0.5384892302153957
0.48619027619447613,0.3523529529409412
0.882202355952881,0.9031419371612568
0.12325753484930302,0.26131477370452594
0.6009879802403952,0.6042479150416992
0.9353412931741365,0.9601407971840563
0.8883622327553449,0.8378032439351213
0.8179636407271855,0.7434051318973621
0.004919901601967961,0.0249995000099998
0.12193756124877503,0.32093358132837346
0.7127257454850904,0.6741265174696506
0.2929141417171657,0.3002339953200936
0.4413311733765325,0.5423291534169317
0.635687286254275,0.6703465930681387
0.9766404671906562,0.9806803863922722
0.9849803003939922,0.9819403611927762
0.2863142737145257,0.7240255194896102
0.05163896722065559,0.047339053218935626
0.9775204495910083,0.9797804043919122
0.1380172396552069,0.06309873802523949
0.5594888102237956,0.507389852202956
0.7973240535189297,0.8128037439251216
0.5444491110177797,0.6073878522429552
0.43661126777464454,0.48319033619327617
0.09693806123877523,0.1376972460550789
0.9667406651866963,0.9667806643867123
0.6033679326413472,0.6446671066578669
0.6833263334733306,0.35855282894342116
0.3913721725565489,0.4665906681866363
0.879842403151937,0.7327653446931062
0.06751864962700746,0.15549689006219877
0.6872662546749065,0.6905261894762105
0.6886262274754505,0.634967300653987
0.9823603527929442,0.9741205175896482
0.3416131677366453,0.37021259574808507
0.7150656986860263,0.7139457210855783
0.28063438731225376,0.2410751784964301
0.28419431611367774,0.2786144277114458
0.9203615927681447,0.8966020679586408
0.9248415031699366,0.9187816243675127
0.33083338333233336,0.12035759284814304
0.34633307333853325,0.34743305133897323
0.27949441011179776,0.2384552308953821
0.6835263294734105,0.5481290374192517
0.6684466310673787,0.6855862882742345
0.5109897802043959,0.38217235655286896
0.511609767804644,0.505429891402172
0.26011479770404594,0.35621287574248517
0.44543109137817244,0.43793124137517253
0.8448831023379533,0.883462330753385
0.7215655686886262,0.6880862382752345
0.628107437851243,0.7920641587168257
0.18425631487370253,0.22159556808863823
0.3128737425251495,0.35433291334173317
0.1728965420691586,0.4442511149777005
0.47153056938861226,0.44901101977960445
0.8596628067438652,0.8200635987280255
0.46869062618747626,0.496670066598668
0.19085618287634248,0.3885522289554209
0.5632487350252995,0.6075278494430112
0.7937641247175057,0.9002419951600968
0.41741165176696465,0.49685006299874
0.127897442051159,0.125317493650127
0.7723245535089298,0.752804943901122
0.19069618607627847,0.2006559868802624
0.6022479550408992,0.6975660486790265
0.7395252094958101,0.9250214995700087
0.9358212835743286,0.9302613947721046
0.8609227815443692,0.9045419091618168
0.9879602407951842,0.9912401751964961
0.3487730245395092,0.3292134157316854
0.07153856922861543,0.18481630367392654
0.5417891642167156,0.6922261554768905
0.6000879982400352,0.6056878862422752
0.6790264194716106,0.6062878742425152
0.22179556408871823,0.09361812763744726
0.8111237775244495,0.8851222975540489
0.4346913061738765,0.4795904081918362
0.01647967040659187,0.07881842363152737
0.2237755244895102,0.5170496590068199
0.9788004239915202,0.9844403111937762
0.16573668526629468,0.15875682486350273
0.9776004479910402,0.9775804483910322
0.7681646367072659,0.7685246295074099
0.7674646507069859,0.750384992300154
0.7406451870962582,0.8001639967200657
0.2859742805143897,0.26657466850662986
0.39511209775804484,0.377872442551149
0.4258514829703406,0.4635107297854043
0.37183256334873305,0.23455530889382215
0.2246355072898542,0.15603687926241475
0.28173436531269375,0.3513929721405572
0.8038239235215296,0.7738045239095218
0.2634147317053659,0.2611147777044459
0.2615147697046059,0.03409931801363973
0.2278954420911582,0.19151616967660648
0.9572008559828804,0.9673406531869363
0.5994280114397712,0.6980260394792105
0.7034859302813944,0.8009439811203776
0.9407011859762805,0.9133817323653527
0.4404711905761885,0.3940521189576209
0.8594028119437611,0.8588028239435211
0.7694646107077858,0.8094438111237775
0.2876942461150777,0.32101357972840544
0.631427371452571,0.6982660346793065
0.6392472150556989,0.6118277634447311
0.2392952140957181,0.38579228415431693
0.7999840003199936,0.8324633507329854
0.4372512549749005,0.38171236575268497
0.15195696086078278,0.24049519009619807
0.2383352332953341,0.6819063618727625
0.8595828083438332,0.752844943101138
0.005339893202135957,0.004679906401871963
0.9461610767784645,0.9599408011839764
0.05371892562148757,0.050558988820223597
0.5263694726105478,0.378492430151397
0.8899422011559769,0.883922321553569
0.13631727365452692,0.12131757364852704
0.13221735565288695,0.36073278534429315
0.8377632447351053,0.8519629607407853
0.6666666666666667,0.39603207935841284
0.012379752404951901,0.01395972080558389
0.12247755044899103,0.3514729705405892
0.9516209675806484,0.9469210615787684
0.635307293854123,0.5512889742205156
0.1136377272454551,0.10651786964260715
0.19731605367892643,0.18671626567468652
0.9159616807663847,0.7657846843063139
0.9915001699966001,0.9867002659946802
0.15991680166396674,0.19189616207675847
0.1142777144457111,0.08047839043219136
0.511369772604548,0.7323853522929542
0.45897082058358835,0.5404691906161877
0.6954260914781705,0.7201655966880662
0.5241095178096439,0.5297894042119158
0.20979580408391832,0.250654986900262
0.7226455470890583,0.7896442071158577
0.4803703925921482,0.5180496390072199
0.6989860202795944,0.7855642887142258
0.5081098378032439,0.4151316973660527
0.5714685706285875,0.39419211615767685
0.45765084698306036,0.50584988300234
0.1890962180756385,0.20743585128297434
0.48721025579488414,0.5650886982260355
0.29459410811783765,0.11665766684666307
0.6168876622467551,0.4163516729665407
0.35949281014379714,0.5405691886162277
0.9303013939721206,0.8889022219555609
0.8461230775384493,0.8549029019419612
0.496670066598668,0.6725865482690346
0.017079658406831864,0.01899962000759985
0.04137917241655167,0.0252594948101038
0.07421851562968741,0.10597788044239116
0.19373612527749445,0.28203435931281373
0.047919041619167616,0.05917881642367153
0.7122257554848903,0.7213055738885222
0.34249315013699727,0.20341593168136637
0.1880762384752305,0.13163736725265496
0.124397512049759,0.13063738725225496
0.9655406891862163,0.9655806883862323
0.8301433971320574,0.7910241795164097
0.9363612727745445,0.9024619507609848
0.39723205535889283,0.3693526129477411
0.10437791244175117,0.16617667646647066
0.3401731965360693,0.34125317493650126
0.10401791964160717,0.125877482450351
0.753344933101338,0.9160816783664327
0.2645147097058059,0.28311433771324573
0.8419031619367613,0.9113817723645528
0.5835083298334034,0.31911361772764546
0.1753164936701266,0.7239455210895782
0.5538289234215316,0.7680046399072019
0.19949601007979842,0.34525309493810125
0.8591428171436571,0.750884982300354
0.5370292594148117,0.5511489770204596
0.004459910801783965,0.004259914801703966
0.4957100857982841,0.4314913701725966
0.44599108017839645,0.33313333733325334
0.7423851522969541,0.8013639727205456
0.9541209175816484,0.9649007019859603
0.5811683766324673,0.6423871522569549
0.20883582328353434,0.255334893302134
0.3371132577348453,0.4400511989760205
0.8099438011239776,0.755844883102338
0.7551048979020419,0.7032859342813144
0.19017619647607048,0.17919641607167858
0.6781464370712585,0.8561828763424731
0.9656006879862403,0.9647007059858803
0.39579208415831685,0.5151896962060759
0.6920061598768025,0.6900461990760185
0.5287694246115078,0.21673566528669427
0.624887502249955,0.5967280654386913
0.21875562488750225,0.248655026899462
0.9184616307673846,0.9215015699686007
0.6569668606627868,0.498670026599468
0.7262054758904822,0.6785264294714106
0.8562228755424892,0.7788644227115458
0.6797664046719066,0.6689066218675627
0.127097458050839,0.04697906041879162
0.5744885102297954,0.499190016199676
0.8526029479410412,0.9297614047719046
0.6606067878642428,0.5552088958220835
0.8257834843303135,0.8012439751204976
0.3934721305573889,0.46069078618427634
0.31665366692666147,0.15243695126097478
0.19377612447751047,0.1743565128697426
0.48595028099438015,0.47297054058918825
0.23529529409411812,0.2785744285114298
0.6961260774784505,0.33483330333393335
0.08989820203595929,0.13677726445471092
0.7336053278934421,0.7954240915181696
0.3675726485470291,0.38127237455250895
0.3010739785204296,0.253914921701566
0.30523389532209355,0.3604927901441971
0.6444071118577629,0.6131477370452592
0.5420091598168036,0.5965680686386272
0.5858482830343393,0.4425911481770365
0.8194836103277935,0.879782404351913
0.25343493130137396,0.07477850442991141
0.6560268794624108,0.872622547549049
0.3534129317413652,0.2634747305053899
0.4877702445951081,0.40449191016179675
0.379992400151997,0.3582528349433011
0.41631167376652467,0.6632267354652908
0.3978720425591488,0.36115277694446113
0.5663886722265555,0.43529129417411655
0.44701105977880445,0.4012719745605088
0.02885942281154377,0.07709845803083938
0.16927661446771064,0.0742385152296954
0.4641907161856763,0.20885582288354235
0.8604227915441691,0.8701025979480411
0.4770904581908362,0.5495290094198116
0.2774144517109658,0.1886762264754705
0.06633867322653547,0.06877862442751145
0.9249615007699846,0.9200215995680087
0.5227695446091079,0.5471890562188756
0.16081678366432672,0.19507609847803045
0.8152636947261055,0.7896642067158657
0.5634487310253795,0.6509269814603709
0.9952000959980801,0.9951400971980561
0.8218235635287294,0.7889042219155618
0.7152656946861063,0.5740285194296114
0.7340253194936102,0.6074478510429792
0.5371692566148677,0.2959940801183976
0.9791604167916642,0.9315813683726326
0.007039859202815944,0.0075798484030319396
0.9570208595828084,0.9694206115877683
0.6127877442451152,0.7292654146917061
0.6732865342693146,0.6916061678766425
0.1998760024799504,0.14395712085758286
0.9247815043699127,0.9368012639747205
0.21949561008779825,0.124197516049679
0.74792504149917,0.6604467910641787
0.377692446151077,0.3483730325393492
0.8262834743305134,0.5710085798284035
0.2379552408951821,0.3050938981220376
0.7914441711165777,0.8108637827243456
0.7948441031179376,0.6759264814703706
0.7924641507169857,0.7970640587188257
0.44857102857942843,0.4914301713965721
0.75702485950281,0.7712645747085058
0.9969400611987761,0.9924001519969601
0.9718605627887442,0.9616007679846403
0.08983820323593529,0.09391812163756726
0.5901081978360433,0.6115477690446192
0.7333653326933461,0.75182496350073
0.34193316133677326,0.6121477570448591
0.2717545649087018,0.50234995300094
0.499070018599628,0.4767904641907162
0.31489370212595746,0.3266734665306694
0.01127977440451191,0.009099818003639928
0.8299834003319934,0.8293834123317534
0.2740545189096218,0.12863742725145497
0.24579508409831805,0.09595808083838324
0.1515169696606068,0.1866762664746705
0.1482770344593108,0.1510569788604228
0.04735905281894362,0.03999920001599968
0.4141117177656447,0.3344733105337893
0.6902461950760985,0.6631267374652507
0.9383612327753446,0.9513209735805285
0.633527329453411,0.6936261274774504
0.07757844843103139,0.059738805223895526
0.880282394352113,0.8984620307593848
0.26647467050658985,0.3023539529209416
0.32101357972840544,0.38063238735225297
0.4583708325833484,0.4451110977780445
0.6974060518789624,0.74602507949841
0.9273814523709526,0.7246655066898662
0.3004939901201976,0.3475530489390212
0.7214255714885702,0.3306333873322534
0.884722305553889,0.7673646527069459
0.4198316033679327,0.3672326553468931
0.40013199736005284,0.18957620847583048
0.6069478610427792,0.7685046299074019
0.6697666046679067,0.8519229615407692
0.9791204175916483,0.9798204035919282
0.25087498250035,0.23213535729285414
0.8229235415291695,0.8335633287334253
0.9300613987720245,0.9340413191736165
0.015879682406351875,0.032399352012959744
0.5795484090318194,0.7146257074858503
0.8684426311473771,0.7999440011199777
0.9359012819743605,0.9438211235775285
0.6601267974640508,0.5609687806243875
0.13523729525409492,0.14249715005699887
0.9880602387952241,0.9881402371952561
0.9299614007719846,0.9378812423751526
0.5225495490090198,0.5974480510389792
0.4759904801903962,0.5733085338293235
0.2619347613047739,0.26029479410411793
0.7966040679186417,0.75092498150037
0.8411431771364573,0.8555428891422172
0.8296434071318574,0.7556848863022739
0.375352492950141,0.501669966600668
0.14245715085698288,0.12181756364872703
0.8514629707405852,0.8681826363472731
0.6506069878602428,0.513429731405372
0.9029819403611928,0.881202375952481
0.7230855382892343,0.44495110097798046
0.9026419471610568,0.8587028259434811
0.14123717525649487,0.11685766284674307
0.19435611287774246,0.29555408891822166
0.36199276014479714,0.39655206895862083
0.125777484450311,0.15729685406291874
0.4604707905841883,0.007899842003159937
0.9419211615767685,0.9456210875782485
0.7053858922821544,0.7939241215175696
0.09353812923741525,0.05627887442251155
0.757804843903122,0.752684946301074
0.126777464450711,0.24233515329693406
0.38177236455270896,0.3143937121257575
0.9037819243615128,0.885182296354073
0.8640427191456171,0.7895642087158257
0.7617247655046899,0.7809643807123858
0.749105017899642,0.6089478210435791
0.6876662466750665,0.7080058398832023
0.4907101857962841,0.375632487350253
0.18417631647367053,0.14299714005719885
0.6840663186736265,0.6692666146677066
0.3006339873202536,0.36813263734725304
0.10423791524169516,0.0996980060398792
0.6795064098718026,0.7260654786904263
0.8540629187416252,0.8537029259414812
0.5921681566368673,0.4504109917801644
0.2903341933161337,0.34857302853942923
0.7251654966900662,0.7882642347153057
0.04311913761724766,0.044699106017879645
0.7591048179036419,0.7240055198896023
0.1378172436551269,0.13047739045219095
0.4893102137957241,0.4413911721765565
0.5981880362392752,0.5881082378352434
0.16507669846603068,0.14159716805663888
0.15827683446331073,0.19413611727765445
0.44291114177716445,0.4770104597908042
0.4557508849823004,0.24767504649907002
0.46159076818463635,0.4370512589748205
0.25383492330153395,0.13559728805423893
0.251814963700726,0.3263734725305494
0.8726425471490571,0.8635427291454171
0.10235795284094318,0.07799844003119938
0.3412331753364933,0.3643127137457251
0.884362312753745,0.8923621527569449
0.5571088578228436,0.4230315393692126
0.016999660006799866,0.013499730005399892
0.5499290014199716,0.2392952140957181
0.7713645727085459,0.9032219355612888
0.046019079618407635,0.027179456410871782
0.38385232295354094,0.3430531389372213
0.8519229615407692,0.8057038859222816
0.5500489990200196,0.5456090878182437
0.8097238055238896,0.8180836383272335
0.6398672026559469,0.5210895782084358
0.4499510009799804,0.43209135817283656
0.6883262334753305,0.620447591048179
0.22029559408811825,0.1995960080798384
0.6831863362732745,0.7279254414911702
0.37087258254834904,0.5579488410231795
0.7218055638887223,0.6720665586688267
0.5644687106257875,0.763844723105538
0.2734145317093658,0.33357332853342936
0.5709485810283794,0.5943081138377233
0.5713285734285315,0.6878662426751465
0.35927281454370913,0.378172436551269
0.039779204415911686,0.042279154416911664
0.6669066618667627,0.6586068278634427
0.626387472250555,0.5061698766024679
0.10623787524249516,0.13495730085398291
0.4821503569928602,0.40869182616347677
0.2830743385132298,0.3522929541409172
0.48819023619527613,0.3991520169596608
0.6718065638687226,0.6540269194616108
0.8635027299454011,0.8401831963360733
0.03163936721265575,0.028619427611447774
0.8590828183436332,0.7086258274834504
0.04129917401651967,0.10427791444171117
0.3376532469350613,0.3312733745325094
0.9960400791984161,0.998020039599208
0.8339033219335613,0.8573628527429452
0.33103337933241334,0.3369332613347733
0.3484330313393732,0.34913301733965324
0.3475730485390292,0.37715245695086097
0.7657046859062819,0.8141637167256656
0.49349013019739607,0.5515089698206036
0.6094078118437631,0.9841203175936482
0.2787144257114858,0.26913461730765387
0.8945421091578168,0.9908001839963201
0.248935021299574,0.23381532369352614
0.15653686926261476,0.07903841923161536
0.4475110497790044,0.5311293774124518
0.4191516169676607,0.4312113757724846
0.9149417011659767,0.6930861382772345
0.6167476650466991,0.6770064598708027
0.9107817843643128,0.878062438751225
0.3332133357332853,0.252494950100998
0.5903881922361554,0.6196876062478751
0.6535269294614108,0.3638927221455571
0.9080218395632088,0.9074218515629687
0.14103717925641487,0.05529889402211956
0.21519569608607828,0.15771684566308675
0.760444791104178,0.7607047859042819
0.5850282994340114,0.503729925401492
0.03467930641387172,0.05287894242115158
0.9947001059978801,0.9929601407971841
0.6913061738765225,0.6160076798464031
0.4505709885802284,0.34443311133777327
0.24619507609847804,0.249395012099758
0.1374172516549669,0.34555308893822123
0.5712885742285154,0.5704085918281635
0.7116657666846663,0.631227375452491
0.4571108577828444,0.44125117497650046
0.5584688306233876,0.5298294034119317
0.4158316833663327,0.5843683126337473
0.3103537929241415,0.3550528989420212
0.6329873402531949,0.6528269434611308
0.10497790044199116,0.09537809243815124
0.9841203175936482,0.8935021299574009
0.9443811123777525,0.9309013819723606
0.6653666926661467,0.6664466710665787
0.0989980200395992,0.12605747885042298
0.8312833743325134,0.7323053538929222
0.7825243495130098,0.7741645167096658
0.5224495510089798,0.5128097438051239
0.7747845043099139,0.7262054758904822
0.8145637087258255,0.8563028739425211
0.28093438131237375,0.16689666206675868
0.27139457210855783,0.3093738125237495
0.3999520009599808,0.44717105657886846
0.629727405451891,0.6951460970780584
0.9264814703705926,0.8382832343353134
0.14897702045959083,0.19115617687646247
0.9182416351672967,0.8843023139537209
0.12461750764984701,0.15787684246315073
0.9213015739685206,0.43223135537289253
0.15689686206275874,0.13497730045399092
0.12207755844883103,0.1621167576648467
0.6039679206415872,0.8265034699306014
0.5266094678106438,0.9428211435771285
0.09451810963780724,0.20457590848183038
0.4865502689946201,0.5392292154156917
0.1398772024559509,0.11037779244415112
0.7967440651186977,0.8007239855202897
0.38471230575388493,0.09655806883862324
0.09013819723605528,0.10189796204075918
0.9593008139837204,0.9255214895702086
0.6006079878402432,0.7655846883062339
0.11039779204415912,0.08495830083398333
0.3145937081258375,0.30819383612327755
0.2716345673086538,0.22107557848843024
0.5631087378252435,0.5268494630107398
0.20801583968320633,0.32323353532929344
0.7120457590848184,0.7871042579148417
0.14339713205735885,0.11843763124737505
0.758684826303474,0.7029859402811944
0.8536229275414492,0.45959080818383635
0.9057818843623128,0.8863822723545529
0.8631427371452571,0.8046639067218656
0.5855482890342193,0.4408111837763245
0.4233315333693326,0.2149157016859663
0.5284094318113638,0.5512289754204917
0.5363492730145397,0.5811683766324673
0.2674146517069659,0.13199736005279894
0.4826703465930682,0.32075358492830147
0.32867342653146936,0.31557368852622947
0.14373712525749485,0.2250754984900302
0.3658126837463251,0.3549529009419812
0.5944281114377713,0.5869882602347953
0.16013679726405472,0.124797504049919
0.19063618727625448,0.2858142837143257
0.6113477730445391,0.6170876582468351
0.8372232555348893,0.7413451730965381
0.11483770324593509,0.12619747605047898
0.9657806843863123,0.9637207255854883
0.44743105137897243,0.375472490550189
0.42941141177176456,0.36343273134537313
0.8447831043379133,0.8333833323333534
0.5940881182376353,0.5287094258114838
0.8136437271254575,0.8062638747225056
0.5346293074138517,0.621367572648547
0.4791704165916682,0.4278514429711406
0.99790004199916,0.996220075598488
0.9414011719765605,0.9260414791704166
0.05401891962160757,0.04243915121697566
0.5090098198036039,0.4765304693906122
0.24217515649687008,0.3263334733305334
0.18127637447251055,0.2808943821123578
0.7008259834803304,0.5452290954180916
0.7715245695086098,0.7701045979080419
0.34823303533929323,0.43325133497330054
0.9937201255974881,0.9481410371792565
0.8615027699446012,0.8566628667426652
0.12259754804903902,0.14635707285854282
0.4286314273714526,0.23067538649227015
0.9792804143917122,0.9813803723925522
0.9078418431631368,0.9081618367632648
0.0872582548349033,0.01643967120657587
0.6446271074578509,0.6570868582628347
0.3647127057458851,0.34655306893862126
0.053078938421231577,0.1519369612607748
0.06893862122757545,0.248735025299494
0.5202295954080919,0.4842103157936841
0.46005079898402035,0.5704685906281874
0.03881922361552769,0.034619307613847725
0.7860242795144098,0.8657626847463051
0.2877942441151177,0.27177456450870985
0.8694626107477851,0.8951620967580649
0.13453730925381494,0.08207835843283134
0.21781564368712628,0.3843323133537329
0.43037139257214857,0.20613587728245436
0.7779244415111698,0.7933841323173537
0.3247935041299174,0.2784944301113978
0.250334993300134,0.05231895362092758
0.3286934261314774,0.30733385332293356
0.9054818903621928,0.8321433571328574
0.3500329993400132,0.4651706965860683
0.5817083658326834,0.5495690086198276
0.44153116937661246,0.3022939541209176
0.03275934481310374,0.021759564808703828
0.12135757284854304,0.08575828483430331
0.9800803983920322,0.9632607347853043
0.19137617247655048,0.1775564488710226
0.9012419751604969,0.9069018619627608
0.14625707485850284,0.15389692206155878
0.9402611947761045,0.9183016339673207
0.25903481930361394,0.23035539289214216
0.0870782584348313,0.08955820883582329
0.6810863782724346,0.7278454430911382
0.7899442011159777,0.7437451250974981
0.7772044559108818,0.6556668866622668
0.4526709465810684,0.4662106757864843
0.30391392172156556,0.4254914901701966
0.6774264514709706,0.6854662906741865
0.4362512749745005,0.44839103217935644
0.6692866142677146,0.5245695086098279
0.9663206735865283,0.9687806243875123
0.4533909321813564,0.5502489950200996
0.883122337553249,0.7115057698846023
0.50434991300174,0.5120097598048039
0.7983640327193456,0.8177036459270814
0.6820263594728105,0.6688066238675227
0.3512929741405172,0.3608927821443571
0.9550008999820004,0.9314413711725765
0.6090878182436351,0.865842683146337
0.2265154696906062,0.3136737265254695
0.1365372692546149,0.09523809523809525
0.27869442611147777,0.19787604247915042
0.8096438071238575,0.8292034159316813
0.3014139717205656,0.3357732845343093
0.8562428751424972,0.755064898702026
0.9159416811663768,0.9062418751624968
0.5656086878262435,0.7086058278834424
0.2885342293154137,0.2978340433191336
0.9871202575948481,0.9876002479950401
0.8984620307593848,0.8314633707325854
0.08571828563428732,0.06865862682746346
0.9376612467750646,0.9193816123677527
0.02621947561048779,0.010439791204175916
0.49357012859742805,0.5063898722025559
0.05463890722185556,0.04615907681846363
0.7335053298934021,0.6314873702525949
0.36343273134537313,0.3025339493210136
0.026579468410631787,0.026939461210775787
0.24535509289814206,0.1866162676746465
0.9530609387812244,0.9575808483830324
0.8201835963280735,0.7885042299154017
0.9565208695826084,0.9718805623887523
0.9249215015699687,0.9117417651646967
0.24219515609687808,0.22505549889002222
0.4826103477930442,0.4648107037859243
0.9308613827723445,0.9330213395732085
0.9239215215695686,0.9245415091698166
0.20657586848263035,0.20583588328233435
0.7977040459190816,0.7413051738965221
0.6416471670566589,0.512509749805004
0.7908041839163217,0.8203435931281374
0.5963680726385473,0.46583068338633227
0.1381972360552789,0.13259734805303894
0.27897442051158977,0.30449391012179755
0.3390932181356373,0.34595308093838123
0.8578228435431292,0.8605027899442012
0.2749945001099978,0.371692566148677
0.06489870202595949,0.25949481010379793
0.4628307433851323,0.5786284274314514
0.375712485750285,0.2655946881062379
0.26119477610447794,0.2782744345113098
0.870202595948081,0.8374232515349693
0.5959480810383793,0.5561488770224595
0.04577908441831163,0.08649827003459931
0.5651886962260755,0.5751084978300434
0.16709665806683868,0.18139637207255854
0.9420811583768325,0.9105617887642248
0.2658546829063419,0.25273494530109397
0.626427471450571,0.6847663046739065
0.5156696866062679,0.5247895042099158
0.3665326693466131,0.43123137537249256
0.4312713745725086,0.7761444771104579
0.35847283054338913,0.505809883802324
0.8111837763244736,0.8520229595408092
0.9857602847943041,0.9867202655946882
0.5348293034139318,0.891362172756545
0.0372792544149117,0.03909921801563969
0.750344993100138,0.748985020299594
0.8053638927221456,0.6662066758664827
0.06601867962640748,0.11585768284634308
0.7178056438871223,0.7630047399052019
0.4046119077618448,0.14811703765924683
0.5678686426271474,0.5506689866202676
0.007839843203135938,0.008039839203215935
0.8857222855542889,0.9049419011619768
0.33297334053318933,0.32079358412831743
0.5810283794324114,0.4524109517809644
0.29557408851822964,0.3324133517329654
0.2262754744905102,0.2248355032899342
0.7782444351112978,0.627467450650987
0.8892622147557049,0.9688206235875283
0.876022479550409,0.8271834563308734
0.50254994900102,0.5443091138177236
0.8388832223355533,0.8122637547249055
0.24245515089698208,0.33365332693346134
0.23391532169356613,0.32039359212815743
0.4230915381692366,0.30539389212215756
0.376092478150437,0.2768544629107418
0.9850002999940002,0.9746405071898563
0.8840823183536329,0.9025219495610088
0.506889862202756,0.4297314053718926
0.6880662386752265,0.874682506349873
0.4235915281694366,0.3960520789584209
0.8673226535469291,0.8357032859342813
0.8117837643247136,0.8089838203235935
0.5056098878022439,0.42609147817043663
0.878462430751385,0.9075018499630008
0.03147937041259175,0.029599408011839766
0.39321213575728486,0.5375092498150037
0.9119017619647607,0.9136217275654487
0.48517029659406813,0.6130877382452351
0.125537489250215,0.22947541049179018
0.7653046939061219,0.7110057798844024
0.630027399452011,0.7271054578908422
0.1127777444451111,0.12915741685166296
0.3593928121437571,0.29677406451870963
0.4081118377632447,0.3133137337253255
0.7009859802803944,0.5310893782124357
0.20963580728385434,0.250734985300294
0.7270654586908262,0.7872042559148817
0.6579268414631707,0.7054458910821784
0.001619967600647987,0.0036999260014799707
0.17061658766824664,0.5122697546049079
0.3679126417471651,0.2948541029179417
0.08685826283474331,0.1378572428551429
0.8056238875222496,0.7426651466970661
0.9229615407691847,0.746585068298634
0.3506729865402692,0.3201735965280694
0.44661106777864445,0.500989980200396
0.7918441631167377,0.7721445571088579
0.6109477810443791,0.6193876122477551
0.6891462170756585,0.6919461610767785
0.512169756604868,0.5577288454230915
0.7867642647147057,0.6799264014719706
0.09273814523709527,0.3246735065298694
0.7400051998960021,0.8461230775384493
0.4614107717845643,0.2754144917101658
0.6309273814523709,0.6793864122717546
0.013039739205215896,0.012439751204975901
0.4020319593608128,0.44809103817923646
0.4137717245655087,0.22181556368872624
0.8855622887542249,0.8859422811543769
0.36629267414651706,0.2881542369152617
0.5563088738225236,0.46503069938601227
0.19603607927841443,0.08055838883222335
0.0371192576148477,0.020759584808303835
0.7795244095118098,0.6471670566588669
0.502989940201196,0.5559088818223635
0.8904021919561609,0.9285414291714166
0.33277334453310936,0.24435511289774206
0.9872802543949122,0.9821603567928642
0.5329893402131958,0.4765104697906042
0.6532669346613068,0.6963260734785305
0.8029239415211696,0.7662246755064899
0.9529609407811844,0.9565408691826164
0.5847083058338833,0.5937481250374993
0.48401031979360415,0.3186336273274535
0.6739265214695707,0.6776664466710666
0.872682546349073,0.8499230015399692
0.5867282654346914,0.6089278214435712
0.9957800843983121,0.9938201235975281
0.8964220715585689,0.9367612647747046
0.8820223595528089,0.9101417971640567
0.9741205175896482,0.9573008539829204
0.6520069598608028,0.6636067278654427
0.7053258934821304,0.6439071218575628
0.23133537329253415,0.23459530809383813
0.9306213875722485,0.8983220335593288
0.30403391932161355,0.33221335573288535
0.8608627827443451,0.8927221455570888
0.19095618087638247,0.3182336353272935
0.75302493950121,0.7160456790864183
0.4511309773804524,0.4508709825803484
0.9190816183676327,0.8851022979540409
0.3986320273594528,0.4902701945961081
0.5693286134277314,0.6914861702765945
0.18405631887362253,0.373972520549589
0.5208495830083398,0.502209955800884
0.8154836903261935,0.7678046439071219
0.19815603687926242,0.10147797044059119
0.626307473850523,0.6866062678746425
0.629467410651787,0.6339873202535949
0.44583108337833244,0.50004999900002
0.4924501509969801,0.6853462930741385
0.3925721485570289,0.4626107477850443
0.9750404991900162,0.9763604727905443
0.05647887042259155,0.031039379212415754
0.13419731605367893,0.25157496850063
0.9883602327953441,0.9885202295954081
0.8195236095278094,0.9163416731665367
0.3667926641467171,0.14193716125677486
0.4232715345693086,0.3171936561268775
0.7231855362892743,0.5115497690046199
0.5511689766204676,0.8161636767264655
0.7316653666926661,0.6476470470590588
0.9082818343633128,0.8921021579568409
0.3481930361392772,0.45743085138297235
0.4384712305753885,0.4226315473690526
0.9807203855922881,0.9790204195916082
0.21705565888682227,0.256314873702526
0.503789924201516,0.5101897962040759
0.7845043099138017,0.7054658906821863
0.3937721245575089,0.3228735425291494
0.06911861762764746,0.0622187556248875
0.9204215915681687,0.7292054158916822
0.9896402071958561,0.9894802103957921
0.0745585088298234,0.09147817043659127
0.2968540629187416,0.24725505489890204
0.506769864602708,0.5544689106217876
0.0061398772024559515,0.00493990120197596
0.49967000659986804,0.7300653986920261
0.7441051178976421,0.8177836443271135
0.42127157456850867,0.4026319473610528
0.5455890882182357,0.6430071398572029
0.6158676826463471,0.6044079118417632
0.872482550348993,0.885422291554169
0.10141797164056719,0.10993780124397512
0.5534689306213876,0.5393692126157477
0.252334953300934,0.376592468150637
0.2117957640847183,0.4141317173656527
0.7880842383152338,0.8018839623207537
0.9701205975880483,0.9777804443911122
0.7717645647087058,0.7868042639147217
0.21649567008659829,0.21849563008739825
0.3973120537589248,0.35823283534329314
0.36217275654486913,0.3550128997420052
0.2130957380852383,0.1501569968600628
0.20675586488270234,0.1623167536649267
0.5927681446371073,0.6160876782464351
0.8046039079218416,0.7820843583128337
0.3897122057558849,0.7370852582948342
0.6196076078478431,0.749985000299994
0.5872282554348913,0.7060658786824264
0.5503889922201556,0.4647907041859163
0.9135417291654168,0.9355212895742085
0.884022319553609,0.8821423571528569
0.5756284874302514,0.5993280134397312
0.3120137597248055,0.1763764724705506
0.9129017419651607,0.9189816203675927
0.49859002819943604,0.5257894842103158
0.9347213055738886,0.9444011119777604
0.11585768284634308,0.08473830523389532
0.3055538889222216,0.23329533409331815
0.6431471370572589,0.7087258254834904
0.9776204475910482,0.9723405531889363
0.03641927161456771,0.04433911321773565
0.8605627887442251,0.8998620027599449
0.34397312053758927,0.39511209775804484
0.9790404191916162,0.9798804023919522
0.8479630407391853,0.875842483150337
0.49589008219835606,0.4541909161816764
0.7611647767044659,0.7247655046899062
0.5833883322333554,0.5654886902261955
0.6487470250594989,0.5852482950340994
0.7639047219055619,0.7080258394832104
0.11969760604787905,0.27939441211175775
0.25961480770384593,0.18553628927421453
0.8981220375592488,0.9146817063658728
0.4532709345813084,0.48297034059318816
0.1128177436451271,0.09529809403811924
0.3177136457270855,0.746145077098458
0.9398412031759366,0.9471610567788644
0.11209775804483911,0.07225855482890342
0.49825003499930004,0.6913261734765305
0.9404011919761605,0.8929221415571689
0.2764944701105978,0.25405491890162196
0.5473090538189236,0.6623067538649228
0.888962220755585,0.9446211075778485
0.9699606007879843,0.9591008179836403
0.9514409711805765,0.9440611187776244
0.45721085578288434,0.5355892882142357
0.4860502789944201,0.5067298654026919
0.250234995300094,0.2027159456810864
0.5853082938341233,0.4667106657866843
0.125717485650287,0.09317813643727126
0.4884302313953721,0.5209095818083639
0.3421331573368533,0.20917581648367034
0.40713185736285273,0.4302513949721006
0.1654366912661747,0.10853782924341514
0.3526729465410692,0.3507729845403092
0.9467410651786965,0.9540809183816324
0.06969860602787945,0.06967860642787145
0.6013879722405552,0.6719665606687867
0.25823483530329394,0.23055538889222216
0.35467290654186917,0.5069698606027879
0.5802883942321154,0.5540089198216036
0.27297454050918984,0.21977560448791025
0.9485010299794004,0.9352012959740805
0.09843803123937521,0.0754784904301914
0.3279334413311734,0.4631507369852603
0.1126577468450631,0.10935781284374313
0.9846003079938401,0.9492010159796804
0.6626267474650507,0.7753244935101298
0.6050278994420112,0.635307293854123
0.6876062478750425,0.6968260634787304
0.12951740965180697,0.16775664486710265
0.057418851622967546,0.059498810023799524
0.8436831263374733,0.870202595948081
0.12013759724805505,0.12209755804883902
0.6565268694626107,0.6817063658726825
0.4432111357772845,0.753544929101418
0.3135537289254215,0.31597368052638947
0.13323733525329493,0.128017439651207
0.4712905741885162,0.4113717725645487
0.9475810483790325,0.9376412471750565
0.41951160976780466,0.5936681266374673
0.9886802263954722,0.877922441551169
0.1876762464750705,0.14243715125697487
0.07973840523189536,0.17909641807163856
0.5687086258274835,0.6062678746425072
0.15387692246155077,0.24593508129837405
0.125757484850303,0.13325733485330293
0.29603407931841363,0.3277134457310854
0.8926421471570569,0.8591228175436492
0.6458270834583308,0.6850662986740266
0.4147917041659167,0.6414271714565709
0.379292414151717,0.4494310113797724
0.18523629527409452,0.1531969360612788
0.5348693026139477,0.6852262954740905
0.9837603247935042,0.9825003499930002
0.3258334833303334,0.2993740125197496
0.15405691886162276,0.09425811483770324
0.875802483950321,0.880162396752065
0.7804443911121778,0.7839043219135617
0.30603387932241355,0.27847443051138976
0.31059378812423755,0.6164676706465871
0.48511029779404413,0.5159696806063879
0.8230835383292334,0.8188036239275215
0.9216015679686407,0.9324013519729606
0.5393692126157477,0.5288094238115237
0.4140717185656287,0.15369692606147878
0.03433931321373573,0.02643947121057579
0.753364932701346,0.6885662286754265
0.5574688506229876,0.7081858362832744
0.376572468550629,0.5370292594148117
0.9358012839743205,0.9274414511709766
0.7997840043199136,0.7690846183076339
0.8557828843423132,0.8558628827423452
0.02755944881102378,0.03143937121257575
0.23003539929201416,0.2749945001099978
0.9809603807923842,0.9621207575848484
0.6744265114697706,0.6719465610687787
0.4048119037619248,0.5762484750304994
0.9067018659626808,0.8945021099578009
0.6870662586748265,0.7106657866842664
0.8566228675426492,0.6994860102797944
0.8201435971280575,0.7760244795104099
0.9831403371932562,0.8598228035439291
0.1519169616607668,0.11539769204615909
0.3907321853562929,0.5491890162196756
0.2666146677066459,0.37875242495150097
0.3646927061458771,0.3565928681426372
0.5256694866102678,0.6752464950700986
0.039439211215775684,0.02867942641147177
0.02863942721145577,0.03115937681246375
0.249715005699886,0.4546709065818684
0.24789504209915803,0.2669546609067819
0.05253894922101558,0.24337513249735007
0.45719085618287636,0.33343333133337333
0.7156256874862503,0.7368052638947221
0.6791064178716426,0.5179296414071719
0.126097478050439,0.13431731365372693
0.03993920121597568,0.09373812523749525
0.06019879602407952,0.07763844723105538
0.75072498550029,0.7394252114957701
0.6625267494650108,0.5909081818363633
0.13527729445411094,0.15461690766184677
0.7424851502969941,0.6975060498790024
0.9738205235895282,0.9708005839883203
0.7670246595068099,0.750744985100298
0.2897142057158857,0.05475890482190356
0.38353232935341297,0.3893922121557569
0.09243815123697527,0.12179756404871903
0.3898522029559409,0.3173736525269495
0.7493850122997541,0.752344953100938
0.02637947241055179,0.010679786404271915
0.8055438891222176,0.8189236215275695
0.023959520809583808,0.027279454410911782
0.34291314173716525,0.3388532229355413
0.627847443051139,0.45841083178336434
0.9333013339733206,0.9804403911921762
0.5702885942281155,0.6053678926421472
0.6028079438411232,0.6778264434711306
0.502689946201076,0.5380892382152357
0.9363412731745365,0.9230815383692327
0.04695906081878363,0.03869922601547969
0.8213635727285454,0.7371652566948661
0.26983460330793385,0.30955380892382156
0.499410011799764,0.8454430911381773
0.8962420751584969,0.9331013379732406
0.634987300253995,0.6469470610587789
0.8232635347293055,0.8175036499270015
0.06569868602627947,0.05779884402311954
0.16707665846683067,0.17007659846803064
0.03195936081278374,0.1376572468550629
0.4449311013779725,0.4541309173816524
0.02611947761044779,0.020619587608247836
0.46851062978740426,0.5549889002219955
0.4918101637967241,0.2768344633107338
0.5470290594188116,0.7340253194936102
0.9702405951880962,0.9523609527809445
0.04513909721805564,0.02993940121197576
0.36685266294674107,0.24533509329813405
0.9851802963940721,0.9371012579748406
0.8056038879222416,0.8661426771464571
0.636227275454491,0.8180636387272255
0.0020599588008239837,0.002639947201055979
0.06899862002759945,0.07129857402851943
0.624587508249835,0.374792504149917
0.7189256214875702,0.6853062938741226
0.23487530249395014,0.24105517889642208
0.9530209395812084,0.9237615247695047
0.14447711045779085,0.128417431651367
0.27915441691166176,0.1493770124597508
0.20545589088218236,0.10271794564108719
0.3848323033539329,0.24477510449791004
0.249535009299814,0.37133257334853303
0.6575468490630187,0.6808863822723545
0.05717885642287154,0.06395872082558349
0.4439711205775885,0.24789504209915803
0.7421651566968661,0.502929941401172
0.7910241795164097,0.7200855982880343
0.0635787284254315,0.054378912421751566
0.5130297394052119,0.6204875902481951
0.14527709445811085,0.20653586928261436
0.7786244275114498,0.621607567848643
0.5371092578148438,0.4642307153856923
0.9554408911821763,0.9540409191816164
0.8017639647207057,0.8241035179296414
0.6815063698726026,0.6508269834603309
0.16535669286614268,0.11909761804763905
0.5438691226175477,0.6753664926701466
0.7425251494970101,0.6459670806583868
0.4477310453790924,0.5028499430011399
0.30907381852362953,0.20529589408211837
0.6297874042519149,0.9191816163676727
0.6674466510669786,0.6522469550608988
0.627787444251115,0.6416871662566749
0.5345893082138358,0.5190296194076118
0.6427071458570829,0.6617467650646988
0.4926701465970681,0.6146477070458591
0.6170676586468271,0.7762244755104898
0.6920261594768105,0.7043459130817384
0.4898302033959321,0.629907401851963
0.11677766444671107,0.1133777324453511
0.4660306793864123,0.503609927801444
0.8366632667346653,0.4303113937721246
0.6513469730605388,0.6917661646767065
0.07761844763104739,0.13155736885262295
0.3400731985360293,0.42049159016819665
0.23259534809303814,0.22559548809023822
0.7812043759124818,0.6822663546729065
0.19127617447651046,0.36091278174436514
0.45909081818363634,0.41695166096678066
0.05995880082398352,0.07141857162856743
0.5076498470030599,0.34497310053798924
0.02019959600807984,0.02751944961100778
0.7839043219135617,0.883482330353393
0.35297294054118916,0.2756744865102698
0.14247715045699086,0.23233535329293414
0.22907541849163018,0.27469450610987783
0.879882402351953,0.8491230175396492
0.08267834643307134,0.48623027539449215
0.3273334533309334,0.21795564088718225
0.7120257594848103,0.6811863762724746
0.9740405191896162,0.9730405391892163
0.9321613567728646,0.9363812723745525
0.9027619447611048,0.9261014779704406
0.44389112217755644,0.4549309013819724
0.4491710165796684,0.4267714645707086
0.4888102237955241,0.6459470810583788
0.7838443231135378,0.877282454350913
0.2154956900861983,0.19855602887942242
0.9558008839823204,0.9534209315813684
0.04043919121617568,0.0380992380152397
0.014299714005719886,0.014099718005639889
0.16907661846763064,0.12141757164856704
0.9539009219815604,0.9361412771744565
0.2017359652806944,0.27131457370852585
0.8658226835463291,0.8476430471390572
0.4495710085798284,0.5713485730285395
0.50394992100158,0.4856902861942761
0.07071858562828744,0.7151256974860503
0.8004239915201696,0.8146037079258415
0.05903881922361553,0.16893662126757467
0.5318493630127398,0.6497070058598828
0.3908521829563409,0.2983940321193576
0.12851742965140697,0.12873742525149498
0.8132037359252815,0.15415691686166277
0.5122697546049079,0.5382292354152917
0.2604747905041899,0.2970740585188296
0.14667706645867082,0.10911781764364713
0.38405231895362096,0.46195076098478033
0.9999400011999761,0.999980000399992
0.1392972140557189,0.1755764884702306
0.498330033399332,0.27325453490930185
0.5641087178256435,0.10481790364192717
0.3927321453570929,0.43089138217235656
0.2674546509069819,0.4379712405751885
0.8492830143397132,0.9016819663606728
0.6885662286754265,0.5139497210055799
0.6165876682466351,0.4617507649847003
0.9140017199656008,0.9291214175716486
0.4373112537749245,0.37337253254934905
0.5556888862222755,0.7112257754844903
0.3136937261254775,0.4024519509609808
0.07333853322933541,0.08081838363232735
0.9437811243775125,0.9453210935781284
0.6791664166716666,0.7384852302953941
0.24713505729885404,0.2644347113057739
0.45377092458150836,0.3410331793364133
0.7777044459110818,0.753304933901322
0.7221055578888422,0.6838063238735226
0.39785204295914084,0.45045099098018043
0.1635367292654147,0.1770964580708386
0.6034679306413872,0.9336213275734485
0.006939861202775945,0.1527969440611188
0.3609927801443971,0.15433691326173476
0.6952660946781065,0.756284874302514
0.8108637827243456,0.7942041159176817
0.754684906301874,0.502789944201116
0.16099678006439871,0.1481370372592548
0.36001279974400513,0.44725105497890044
0.5719485610287794,0.6313873722525549
0.6558268834623308,0.5890082198356034
0.6740265194696107,0.5706685866282675
0.0884382312353753,0.12171756564868703
0.6466870662586749,0.5751284974300515
0.9146217075658487,0.876962460750785
0.7098058038839223,0.6744465110697786
0.26183476330473393,0.27783444331113377
0.7874242515149698,0.6255474890502191
0.19235615287694247,0.2767744645107098
0.878502429951401,0.8542229155416892
0.16619667606647867,0.1752764944701106
0.6703465930681387,0.6670066598668027
0.8482030359392813,0.8342433151336973
0.5716085678286434,0.13187736245275095
0.754244915101698,0.7325653486930261
0.9259414811703767,0.9480810383792324
0.8851422971540569,0.870762584748305
0.372212555748885,0.4336713265734685
0.05511889762204756,0.05111897762044759
0.20859582808343835,0.25719485610287796
0.9727205455890883,0.9344413111737766
0.50454990900182,0.5749285014299714
0.9629207415851684,0.9503009939801205
0.753044939101218,0.7780844383112338
0.6710465790684187,0.6707465850682987
0.7739445211095778,0.7207255854882902
0.23757524849503012,0.22113557728845423
0.8578028439431211,0.8848823023539529
0.12915741685166296,0.2623147537049259
0.09813803723925522,0.15497690046199075
0.2913141737165257,0.43907121857562853
0.4040719185616288,0.33553328933421334
0.5296494070118598,0.4778504429911402
0.3662726745465091,0.3021139577208456
0.07753844923101538,0.17859642807143858
0.9268214635707286,0.9371612567748645
0.06921861562768745,0.09133817323653527
0.5839283214335713,0.7279854402911942
0.28211435771284576,0.16891662166756666
0.3484730305393892,0.38207235855282895
0.2647947041059179,0.3587728245435091
0.44375112497750047,0.4181116377672447
0.11421771564568708,0.18127637447251055
0.3397732045359093,0.5952480950380993
0.5619687606247875,0.6020079598408032
0.3331533369332613,0.4297714045719086
0.23345533089338213,0.26795464090718185
0.3637327253454931,0.4510109797804044
0.7248655026899462,0.6465870682586349
0.48253034939301215,0.8040439191216175
0.7227255454890903,0.6997460050798985
0.9279214415711686,0.8995420091598169
0.6734465310693787,0.6471870562588748
0.7760044799104018,0.753464930701386
0.6329673406531869,0.5836683266334673
0.6013479730405392,0.5300893982120358
0.9549209015819684,0.061158776824463516
0.8153836923261535,0.7700245995080098
0.5540089198216036,0.5845483090338194
0.8061438771224576,0.6896462070758586
0.29379412411751765,0.8901621967560649
0.7405051898962021,0.7077858442831143
0.2002359952800944,0.2009159816803664
0.7840043199136018,0.8083038339233216
0.012979740405191897,0.009579808403831923
0.13469730605387892,0.1762164756704866
0.5603287934241316,0.5110897782044359
0.4118717625647487,0.5726885462290754
0.7428251434971301,0.6714865702685947
0.6126277474450511,0.6771264574708507
0.8139837203255935,0.7831843363132738
0.501009979800404,0.5924481510369792
0.9892402151956962,0.9905801883962321
0.5219095618087638,0.45783084338313235
0.4903701925961481,0.5490290194196116
0.4155316893662127,0.6174276514469711
0.8586828263434731,0.870662586748265
0.8590228195436092,0.880962380752385
0.06981860362792744,0.20513589728205436
0.35577288454230915,0.4441311173776525
0.21561568768624628,0.15581688366232677
0.6100077998440031,0.5338893222135558
0.09491810163796724,0.07127857442851143
0.8101437971240576,0.8681026379472411
0.19045619087618249,0.18009639807203856
0.5504489910201796,0.5460890782184357
0.6740465190696187,0.629247415051699
0.34079318413631726,0.3136537269254615
0.10603787924241516,0.14837703245935083
0.7949641007179856,0.20847583048339033
0.9053418931621368,0.7223255534889302
0.22347553048939023,0.1383372332553349
0.16005679886402271,0.19129617407651847
0.09031819363612728,0.5220495590088199
0.28487430251394974,0.3027539449211016
0.13331733365332693,0.05947881042379153
0.5223495530089398,0.5358092838143237
0.49391012179756405,0.40849183016339674
0.22991540169196617,0.20875582488350233
0.7091458170836583,0.6883862322753546
0.38149237015259696,0.3408931821363573
0.4922901541969161,0.3643527129457411
0.7705445891082179,0.7577248455030899
0.1878362432751345,0.19863602727945442
0.5468490630187396,0.5844283114337714
0.9355812883742326,0.9392812143757125
0.9940001199976001,0.9962800743985121
0.2660946781064379,0.22725545489090218
0.5389092218155637,0.5370092598148037
0.6292074158516829,0.3903521929561409
0.5087898242035159,0.5033099338013239
0.5290094198116038,0.40633187336253274
0.5500289994200116,0.5703485930281395
0.4253114937701246,0.39743205135897286
0.9242615147697046,0.7874842503149937
0.0038799224015519693,0.005619887602247955
0.16635667286654268,0.17261654766904663
0.09735805283894322,0.04885902281954361
0.8159836803263935,0.6404471910561789
0.45359092818143637,0.3659126817463651
0.3510729785404292,0.3054938901221976
0.5533889322213555,0.5088898222035559
0.6372072558548829,0.7222255554888902
0.4683306333873323,0.377752444951101
0.8129237415251696,0.758464830703386
0.19679606407871844,0.24781504369912602
0.248335033299334,0.11047779044419112
0.379012419751605,0.35847283054338913
0.8507229855402892,0.8398232035359293
0.03175936481270375,0.024319513609727807
0.6129277414451711,0.6644267114657707
0.8912021759564809,0.07275854482910342
0.34381312373752526,0.3044139117217656
0.8120237595248095,0.8493630127397452
0.10261794764104719,0.6884662306753865
0.3520929581408372,0.38613227735445294
0.45543089138217235,0.31837363252734946
0.5536089278214436,0.6539069218615627
0.044279114417711644,0.042059158816823664
0.10345793084138317,0.06879862402751945
0.6026879462410752,0.6530869382612348
0.6207275854482911,0.6909261814763705
0.4484110317793644,0.5582288354232916
0.8970420591588169,0.9151416971660568
0.873062538749225,0.886002279954401
0.3393732125357493,0.09113817723645527
0.3382932341353173,0.3045139097218056
0.1140377192456151,0.1489970200595988
0.46959060818783627,0.372652546949061
0.626447471050579,0.5873882522349553
0.7798244035119298,0.8218235635287294
0.7718045639087219,0.8240835183296334
0.49615007699846003,0.44597108057838847
0.6315073698526029,0.4635707285854283
0.16821663566728667,0.8480230395392092
0.17311653766924662,0.21567568648627028
0.6319473610527789,0.629827403451931
0.14871702565948683,0.1123377532449351
0.7849243015139697,0.8588828223435532
0.9782604347913042,0.9750004999900003
0.7342453150936982,0.6902461950760985
0.6607267854642908,0.6992660146797064
0.7991840163196736,0.8057838843223136
0.1490770184596308,0.15635687286254277
0.9540009199816004,0.9471010579788405
0.6806463870722586,0.6964260714785705
0.8608427831443372,0.9346613067738646
0.9208015839683207,0.9225415491690167
0.14719705605887884,0.2744945101097978
0.9051218975620487,0.886782264354713
0.4154116917661647,0.3865722685546289
0.7475650486990261,0.7745645087098258
0.7989240215195696,0.7776644467110658
0.5428691426171477,0.5956280874382512
0.9344013119737605,0.9456010879782405
0.4011519769604608,0.4767304653906922
0.4855902881942361,0.6416471670566589
0.877522449551009,0.8161436771264575
0.6764264714705707,0.6383272334553309
0.6807263854722906,0.7272654546909062
0.508389832203356,0.5244095118097638
0.5588888222235555,0.6109877802443952
0.6474670506589868,0.6723065538689227
0.6019879602407952,0.7246255074898502
0.2273554528909422,0.1904161916761665
0.887702245955081,0.872802543949121
0.6972460550788985,0.6588068238635227
0.4750104997900042,0.3251734965300694
0.376052478950421,0.4042119157616848
0.5627287454250915,0.4901701965960681
0.7167656646867063,0.7841043179136418
0.06475870482590348,0.052278954420911586
0.4102917941641167,0.375512489750205
0.5923281534369312,0.6196076078478431
0.28013439731205375,0.22187556248875023
0.7709045819083619,0.4497310053798924
0.9851202975940482,0.9845203095938082
0.026539469210615788,0.03387932241355173
0.4774704505909882,0.7825643487130257
0.7556848863022739,0.7995640087198256
0.6582868342633148,0.630147397052059
0.003999920001599968,0.00499990000199996
0.6969660606787864,0.5943881122377552
0.3995520089598208,0.5466890662186756
0.3641927161456771,0.2983340333193336
0.4666706665866683,0.5200095998080039
0.30293394132117357,0.27099458010839783
0.12035759284814304,0.05583888322233556
0.6851262974740505,0.6477470450590989
0.9567008659826803,0.9733605327893442
0.0380792384152317,0.02767944641107178
0.032299354012919744,0.029439411211775766
0.7114457710845783,0.7030459390812184
0.38413231735365294,0.19743605127897443
0.760904781904362,0.750904981900362
0.8702425951480971,0.8632227355452892
0.2385752284954301,0.14265714685706288
0.9384812303753925,0.9336813263734726
0.08199836003279935,0.04903901921961561
0.4606507869842603,0.5772084558308834
0.42265154696906065,0.4410911781764365
0.881562368752625,0.9130217395652087
0.8652026959460811,0.5449891002179956
0.20487590248195037,0.2398552028959421
0.40615187696246075,0.34359312813743725
0.8058438831223376,0.8561028779424412
0.7286454270914582,0.637047259054819
0.5176696466070678,0.7355052898942022
0.4262314753704926,0.4908901821963561
0.01113977720445591,0.013679726405471892
0.14471710565788684,0.1505969880602388
0.3856522869542609,0.4533309333813324
0.8583228335433292,0.8316233675326494
0.4872902541949161,0.5587888242235155
0.377272454550909,0.3642727145457091
0.49369012619747604,0.628587428251435
0.7318853622927541,0.7708645827083459
0.32363352732945344,0.43471130577388456
0.26945461090778183,0.2634347313053739
0.1005579888402232,0.11849763004739905
0.04211915761684767,0.8413231735365293
0.2603747925041499,0.2891942161156777
0.9071018579628408,0.9228415431691367
0.1629567408651827,0.15677686446271075
0.6433671326573469,0.6423671526569469
0.49751004979900404,0.44389112217755644
0.6720265594688106,0.6016479670406593
0.8389432211355773,0.7979240415191696
0.42901141977160456,0.29921401571968564
0.7331053378932422,0.7779844403111938
0.15725685486290275,0.17493650126997462
0.6939061218775625,0.6906461870762585
0.9569608607827844,0.9483610327793445
0.1395972080558389,0.01631967360652787
0.376632467350653,0.3917121657566849
0.14579708405831884,0.15893682126357472
0.6020079598408032,0.5783484330313394
0.03949921001579969,0.04715905681886363
0.7442251154976901,0.8932621347573049
0.9231615367692646,0.9058618827623448
0.09055818883622328,0.08951820963580728
0.008659826803463931,0.013159736805263895
0.9004819903601928,0.8282434351312974
0.3670126597468051,0.40477190456190876
0.8852622947541049,0.8428031439371213
0.5716885662286755,0.6619067618647627
0.07279854402911942,0.05771884562308754
0.17077658446831065,0.1636567268654627
0.46737065258694827,0.37411251774964505
0.7977240455190896,0.7261054778904422
0.29677406451870963,0.3145537089258215
0.8368832623347533,0.8178636427271455
0.28801423971520573,0.3482530349393012
0.9164816703665927,0.871442571148577
0.8241635167296655,0.8583428331433371
0.7778844423111538,0.5905281894362113
0.07783844323113538,0.08019839603207936
0.9755004899902002,0.9745605087898243
0.8379432411351774,0.7874242515149698
0.9976600467990641,0.9973800523989521
0.7371252574948501,0.6453670926581468
0.5324693506129877,0.48329033419331613
0.32273354532909343,0.09777804443911123
0.12967740645187098,0.17089658206835864
0.8059238815223696,0.8041439171216576
0.8229835403291934,0.7902041959160817
0.9737205255894883,0.9164416711665767
0.7823843523129538,0.7627447451050979
0.5782884342313154,0.7115457690846183
0.3515129697406052,0.14359712805743885
0.0498990020199596,0.07853842923141538
0.6126077478450431,0.623427531449371
0.6505269894602108,0.4320113597728046
0.9125217495650088,0.9030019399612008
0.9109817803643927,0.9197016059678806
0.38069238615227696,0.3914321713565729
0.9786204275914482,0.9721005579888402
0.009459810803783924,0.08119837603247936
0.12241755164896702,0.10383792324153518
0.3923921521569569,0.3129937401251975
0.01381972360552789,0.014179716405671887
0.32999340013199735,0.4505909881802364
0.05353892922141557,0.04763904721905562
0.4397312053758925,0.45995080098398033
0.8132237355252895,0.8323233535329294
0.7700445991080178,0.8067838643227135
0.7807243855122897,0.744085118297634
0.16829663406731865,0.14271714565708687
0.99840003199936,0.99870002599948
0.8165636687266254,0.8965620687586249
0.6384672306553869,0.5700085998280034
0.6975260494790104,0.5801483970320593
0.20349593008139838,0.15881682366352673
0.4934301313973721,0.6099078018439631
0.4709505809883803,0.47407051858962823
0.8451830963380733,0.8032039359212816
0.04517909641807164,0.03235935281294374
0.629307413851723,0.5746685066298675
0.3925121497570049,0.43427131457370854
0.5053698926021479,0.4352712945741085
0.7367852642947141,0.7177456450870983
0.4749305013899722,0.42529149417011664
0.26217475650486993,0.2796544069118618
0.6549869002619948,0.5147297054058919
0.1618567628647427,0.24185516289674208
0.43457130857382853,0.3280534389312214
0.6439871202575949,0.5239295214095718
0.7098258034839303,0.7940841183176337
0.125117497650047,0.17665646687066258
0.5772884542309153,0.49483010339793204
0.6417471650566989,0.6603267934641307
0.2646147077058459,0.30829383412331757
0.6418471630567388,0.6734265314693706
0.40489190216195675,0.47125057498850026
0.4622507549849003,0.47167056658866824
0.6774664506709867,0.6015479690406192
0.37881242375152496,0.24137517249655008
0.40635187296254077,0.4877102457950841
0.8287034259314814,0.8386432271354574
0.9916201675966481,0.9876602467950641
0.15375692486150278,0.19391612167756644
0.8661226775464491,0.8951420971580568
0.8078838423231536,0.24331513369732607
0.9575808483830324,0.9607807843843124
0.4020119597608048,0.3674126517469651
0.5604087918241636,0.5514489710205797
0.9064218715625688,0.8223635527289455
0.7702245955080899,0.7114057718845623
0.5710085798284035,0.5366492670146598
0.9309413811723766,0.8861422771544569
0.3342933141337173,0.28399432011359776
0.6497670046599068,0.7226855462890742
0.15559688806223876,0.12759744805103898
0.2738545229095418,0.2736545269094618
0.7901641967160657,0.8209235815283694
0.17427651446971062,0.3091938161236775
0.873022539549209,0.9037019259614808
0.33465330693386136,0.4795704085918282
0.12955740885182296,0.18585628287434253
0.5923081538369233,0.5965880682386352
0.20957580848383034,0.1879962400751985
0.8493830123397532,0.875122497550049
0.07821843563128737,0.15629687406251874
0.5478890422191557,0.4121717565648687
0.5161696766064678,0.5197096058078838
0.3002939941201176,0.3232135357292854
0.06757864842703146,0.07167856642867143
0.44273114537709246,0.45445091098178036
0.3137737245255095,0.37109257814843705
0.29773404531909364,0.43483130337393255
0.011159776804463912,0.009179816403671926
0.6525869482610348,0.6636467270654587
0.04331913361732766,0.07195856082878342
0.4645107097858043,0.4282914341713166
0.5555288894222116,0.5328693426131478
0.6414871702565949,0.7317053658926822
0.4402111957760845,0.3650726985460291
0.9063818723625527,0.8418031639367213
0.9407211855762885,0.9205815883682327
0.03043939121217576,0.37053258934821304
0.9214415711685766,0.9812203755924882
0.3027339453210936,0.251314973700526
0.9938201235975281,0.8991420171596568
0.9839003219935601,0.9737405251894963
0.5318093638127238,0.5188896222075559
0.19667606647867045,0.6734065318693626
0.7938241235175296,0.6690266194676107
0.39419211615767685,0.4453310933781324
0.2141757164856703,0.2592948141037179
0.878402431951361,0.9440011199776005
0.13325733485330293,0.15753684926301476
0.4866702665946681,0.4608707825843483
0.9101417971640567,0.9132217355652887
0.8544029119417612,0.7948641027179457
0.7391452170956581,0.6420471590568189
0.5903481930361393,0.35699286014279713
0.8167036659266815,0.883902321953561
0.7617647647047059,0.7730245395092098
0.3375132497350053,0.2894942101157977
0.9076218475630488,0.8943221135577288
0.8530629387412252,0.9123817523649528
0.16661666766664668,0.1985960280794384
0.8688426231475371,0.8477030459390813
0.8333233335333293,0.4922101557968841
0.2933141337173257,0.21037579248415034
0.3905721885562289,0.3589328213435731
0.4942701145977081,0.4761304773904522
0.6878662426751465,0.6808263834723306
0.24323513529729407,0.22231555368892622
0.2139557208855823,0.3199536009279815
0.2127757444851103,0.15625687486250275
0.021899562008759827,0.007379852402951941
0.506689866202676,0.5349493010139797
0.22241555168896623,0.23625527489450213
0.1639167216655667,0.19623607527849443
0.9127217455650888,0.9070818583628327
0.14327713445731086,0.33113337733245335
0.6922061558768825,0.6390872182556349
0.6435871282574349,0.8028439431211376
0.14763704725905483,0.17297654046919061
0.4144317113657727,0.5438291234175316
0.003639927201455971,0.018719625607487852
0.4673306533869323,0.4050118997620048
0.9773404531909362,0.9878402431951361
0.5189496210075799,0.43587128257434854
0.008399832003359933,0.0071798564028719425
0.6777464450710986,0.5793084138317234
0.9493810123797525,0.9797004059918802
0.5975880482390352,0.40787184256314873
0.9372612547749045,0.9373612527749445
0.7748445031099378,0.5913481730365393
0.26051478970420594,0.3008739825203496
0.27985440291194175,0.2252754944901102
0.4276314473710526,0.43479130417391654
0.9678006439871203,0.9662806743865123
0.6639867202655947,0.6752264954700906
0.39709205815883686,0.33987320253594927
0.028119437611247775,0.02145957080858383
0.04093918121637567,0.48521029579408415
0.8378632427351453,0.7041259174816504
0.9945601087978241,0.99540009199816
0.18143637127257456,0.18547629047419054
0.9143417131657368,0.879722405551889
0.3897922041559169,0.4213715725685486
0.8158836823263536,0.7964040719185617
0.3605527889442211,0.3529929401411972
0.9388212235755286,0.8903621927561449
0.2110557788844223,0.24829503409931802
0.8046839063218736,0.6908661826763465
0.626787464250715,0.6991060178796424
0.4263114737705246,0.5588888222235555
0.6860662786744265,0.7006259874802504
0.748965020699586,0.6404271914561709
0.2777544449111018,0.26549469010619786
0.8396632067358654,0.8872022559548809
0.10693786124277514,0.11671766564668708
0.2622947541049179,0.05303893922121558
0.031059378812423752,0.016739665206695866
0.624107517849643,0.6704665906681867
0.39409211815763684,0.4054718905621888
0.14781704365912682,0.12069758604827904
0.3649527009459811,0.2643947121057579
0.2372752544949101,0.31793364132717344
0.06175876482470351,0.06621867562648748
0.5206695866082679,0.5537889242215156
0.5706885862282755,0.749865002699946
0.996880062398752,0.99680006399872
0.504609907801844,0.6045479090418192
0.6713665726685466,0.5637087258254835
0.6442671146577069,0.7042259154816904
0.4388312233755325,0.5675086498270034
0.7266654666906662,0.8194036119277615
0.7027459450810984,0.7369452610947781
0.19003619927601448,0.17185656286874262
0.35795284094318114,0.4623107537849243
0.08185836283274335,0.372432551348973
0.025799484010319795,0.024279514409711808
0.6916861662766745,0.6429071418571629
0.8568228635427292,0.8527029459410812
0.5167696646067079,0.5350492990140198
0.8101037979240415,0.8184636307273855
0.7934641307173856,0.8047639047219056
0.9913401731965361,0.9832603347933042
0.7224655506889862,0.7822443551128978
0.4888902221955561,0.871462570748585
0.7021859562808744,0.8277834443311134
0.9694006119877603,0.9524209515809684
0.19459610807783845,0.24957500849983003
0.3504729905401892,0.45691086178276435
0.8331233375332494,0.7248255034899302
0.7194656106877863,0.7153456930861383
0.9157016859662807,0.8841023179536409
0.6028479430411392,0.5881282374352513
0.20797584048319034,0.3911921761564769
0.9040419191616168,0.885962280754385
0.21855562888742225,0.19665606687866244
0.8272034559308814,0.8076438471230576
0.8065038699226016,0.882802343953121
0.27287454250914983,0.2732945341093178
0.3654526909461811,0.4160716785664287
0.9446811063778725,0.9490010199796004
0.39155216895662087,0.4015319693606128
0.11455770884582309,0.14551708965820684
0.4668306633867323,0.3635527289454211
0.49523009539809204,0.4749505009899802
0.9876002479950401,0.9506609867802644
0.11757764844703106,0.128557428851423
0.1763164736705266,0.1899362012759745
0.4816503669926602,0.48063038739225217
0.6100277994440111,0.5383492330153397
0.8009439811203776,0.8213035739285215
0.8064238715225696,0.8202035959280815
0.06773864522709545,0.40579188416231676
0.8392632147357053,0.7965040699186017
0.5487890242195156,0.5539489210215796
0.5493690126197476,0.42065158696826066
0.4510509789804204,0.4689506209875803
0.41683166336673266,0.39397212055758885
0.7831643367132658,0.7681246375072499
0.884522309553809,0.9251614967700647
0.7873242535149297,0.7873842523149537
0.7195056098878023,0.6071078578428432
0.016959660806783863,0.05399892002159957
0.7349653006939861,0.6554068918621628
0.6539869202615948,0.6886462270754585
0.017019659606807864,0.015439691206175877
0.7669446611067778,0.756184876302474
0.35707285854282916,0.3121137577248455
0.7051658966820664,0.5127097458050839
0.8184436311273775,0.7335453290934182
0.7873442531149377,0.7901441971160577
0.03889922201555969,0.9067018659626808
0.17921641567168659,0.0748985020299594
0.4135317293654127,0.8188436231275374
0.8467030659386813,0.7718645627087458
0.0248995020099598,0.024879502409951803
0.4893902121957561,0.4866102677946441
0.6749265014699706,0.5521689566208676
0.22371552568948622,0.21899562008759826
0.4604307913841723,0.5389292214155718
0.5516689666206676,0.5182696346073079
0.8582628347433051,0.8642827143457131
0.004899902001959961,0.005879882402351953
0.05713885722285555,0.0620987580248395
0.5611687766244675,0.6467870642587148
0.6988860222795544,0.6816863662726745
0.9054018919621608,0.9049219015619688
0.375172496550069,0.39829203415931685
0.5564688706225875,0.41925161496770064
0.1517769644607108,0.12779744405111898
0.9814403711925762,0.9769004619907602
0.8861622767544649,0.9111417771644568
0.3277734445311094,0.12379752404951902
0.6841863162736745,0.5697686046279075
0.8565228695426091,0.9495210095798085
0.8555628887422252,0.8231435371292575
0.12451750964980701,0.050658986820263596
0.884062318753625,0.6041679166416671
0.5209895802083958,0.46875062498750025
0.14563708725825483,0.17187656246875063
0.026639467210655788,0.04201915961680767
0.1646567068658627,0.1896762064758705
0.35613287734245314,0.2790544189116218
0.5964080718385633,0.9048019039619208
0.5433091338173237,0.4560908781824364
0.9476210475790484,0.9374212515749686
0.4476110477790444,0.4175916481670367
0.5899482010359793,0.36457270854582907
0.8161236775264495,0.8056038879222416
0.7826443471130577,0.75572488550229
0.7184656306873862,0.74372512549749
0.03269934601307974,0.02759944801103978
0.21035579288414233,0.20815583688326234
0.4942101157976841,0.5184696306073878
0.4387112257754845,0.24089518209635807
0.4682106357872843,0.4266714665706686
0.8910421791564169,0.8979220415591689
0.9137417251654967,0.9501609967800644
0.8076038479230415,0.3180736385272295
0.030919381612367753,0.03397932041359173
0.43215135697286056,0.3496730065398692
0.6064078718425632,0.5998480030399392
0.616347673046539,0.5862482750344993
0.7293854122917542,0.6912461750764985
0.4869502609947801,0.4382312353752925
0.41009179816403674,0.2654146917061659
0.14383712325753487,0.09239815203695927
0.22315553688926223,0.14717705645887083
0.1990760184796304,0.24755504889902202
0.2751744965100698,0.251514969700606
0.6130477390452191,0.5217895642087158
0.005759884802303954,0.14725705485890284
0.6629467410651787,0.7224055518889623
0.1893362132757345,0.23657526849463012
0.627747445051099,0.4914101717965641
0.3918121637567249,0.8160836783264335
0.32113357732845343,0.2899742005159897
0.3301733965320694,0.46073078538429235
0.4381712365752685,0.35623287534249315
0.2112357752844943,0.2647947041059179
0.05649887002259955,0.04383912321753565
0.8134037319253615,0.8255034899302014
0.3114337713245735,0.3643327133457331
0.5774884502309954,0.6082278354432912
0.05905881882362353,0.06563868722625547
0.10361792764144717,0.0750384992300154
0.32341353172936543,0.09047819043619128
0.06703865922681547,0.1874162516749665
0.5689486210275795,0.6229075418491631
0.2967340653186936,0.32163356732865345
0.6759864802703947,0.5387892242155157
0.6862062758744826,0.7171056578868423
0.5874282514349713,0.1875562488750225
0.9321213575728485,0.8428231435371293
0.01387972240555189,0.014899702005959881
0.7018859622807544,0.6167076658466831
0.9098018039639207,0.8984020319593609
0.9010619787604248,0.9650206995860083
0.3368532629347413,0.4397912041759165
0.6831463370732586,0.7925641487170257
0.7886042279154417,0.6152676946461071
0.4663906721865563,0.7221255574888502
0.3441331173376533,0.16945661086778266
0.4619707605847883,0.8546029079418412
0.9093218135637288,0.9004419911601769
0.5240695186096278,0.5885682286354273
0.6107877842443151,0.7090858182836344
0.2387352252954941,0.21513569728605428
0.877262454750905,0.9694406111877762
0.8580428391432172,0.10247795044099119
0.871902561948761,0.9527009459810805
0.3627927441451171,0.3861122777544449
0.40667186656266874,0.502689946201076
0.9258214835703287,0.9304813903721926
0.2946741065178696,0.30769384612307754
0.6388472230555389,0.7007259854802904
0.4376512469750605,0.5357492850142997
0.1376572468550629,0.12911741765164697
0.7854442911141778,0.7832643347133058
0.7057058858822823,0.627687446251075
0.7438051238975221,0.8045039099218015
0.75962480750385,0.7837843243135137
0.7148057038859223,0.8359432811343773
0.4977500449991,0.5152096958060839
0.14075718485630287,0.14645707085858284
0.7737445251094979,0.7212455750884983
0.1750164996700066,0.23617527649447012
0.07751844963100739,0.08061838763224735
0.19083618327633448,0.4907301853962921
0.7661846763064739,0.7870042599148017
0.36805263894722107,0.6022279554408912
0.19251614967700648,0.31885362292754144
0.5330493390132197,0.8039039219215616
0.36819263614727704,0.7280454390912182
0.5521889562208756,0.4852302953940921
0.29803403931921363,0.6169876602467951
0.881082378352433,0.7905441891162177
0.2901741965160697,0.3531329373412532
0.5682286354272915,0.375012499750005
0.8660826783464332,0.8465630687386253
0.9420211595768085,0.9225615487690246
0.9310813783724325,0.9475810483790325
0.8668026639467211,0.9223815523689527
0.46041079178416433,0.4522109557808844
0.8094638107237856,0.6743465130697386
0.5123697526049479,0.5371092578148438
0.126117477650447,0.19163616727665447
0.10417791644167117,0.0757584848303034
0.31979360412791746,0.26595468090638186
0.5781284374312514,0.7259854802903942
0.9416011679766405,0.9319813603727926
0.07601847963040739,0.11471770564588708
0.12153756924861503,0.23725525489490212
0.5601087978240435,0.7666646667066659
0.3631527369452611,0.5192096158076839
0.07873842523149538,0.1617967640647187
0.9166416671666567,0.9166416671666567
0.7406851862962741,0.30483390332193355
0.0753984920301594,0.07309853802923942
0.6476270474590509,0.8114037719245616
0.6335473290534189,0.6962660746785064
0.7111657766844663,0.74712505749885
0.502229955400892,0.23363532729345413
0.9819603607927841,0.9834603307933841
0.34447311053778923,0.376932461350773
0.26789464210715785,0.2874942501149977
0.6735265294694106,0.6510269794604108
0.997580048399032,0.997820043599128
0.8972020559588808,0.9264614707705846
0.9436611267774645,0.8463630727385453
0.621967560648787,0.631527369452611
0.21081578368432632,0.376192476150477
0.5980680386392272,0.7265254694906103
0.43381132377352455,0.41723165536689266
0.36291274174516513,0.36583268334633307
0.128217435651287,0.26853462930741384
0.15307693846123077,0.2133757324853503
0.6885262294754105,0.42431151376972465
0.5568288634227315,0.7363652726945461
0.877622447551049,0.879822403551929
0.29549409011819766,0.24723505529889403
0.751404971900562,0.4602507949841003
0.23267534649307015,0.3250534989300214
0.6164076718465631,0.5199896002079959
0.13347733045339094,0.50144997100058
0.743845123097538,0.7401651966960661
0.35901281974360516,0.35353292934141317
0.48223035539289216,0.511709765804684
0.9672006559868803,0.9718005639887203
0.6970260594788105,0.6980460390792185
0.8036039279214416,0.5818683626327473
0.010899782004359914,0.031599368012639746
0.6903861922761545,0.39201215975680487
0.8375832483350333,0.7696846063078738
0.47161056778864424,0.30443391132177355
0.29213415731685366,0.24261514769704606
0.7256854862902742,0.7701645967080659
0.23357532849343013,0.32369352612947744
0.9822403551928962,0.9782204355912882
0.03617927641447171,0.07669846603067938
0.8659826803463931,0.8079638407231856
0.44441111177776443,0.5419091618167636
0.4025119497610048,0.4635507289854203
0.08573828523429532,0.13417731645367093
0.15609687806243874,0.07287854242915141
0.5358892822143557,0.5284294314113718
0.023039539209215816,0.01875962480750385
0.3419531609367813,0.7682846343073139
0.09763804723905523,0.10007799844003121
0.9530809383812324,0.9044819103617928
0.5836283274334514,0.6609267814643708
0.3007739845203096,0.2943341133177337
0.8576628467430651,0.8995620087598248
0.37161256774864504,0.48437031259374813
0.8452430951380973,0.8530429391412172
0.06259874802503951,0.05737885242295154
0.6623467530649387,0.6818463630727386
0.7995040099198016,0.75982480350393
0.510109797804044,0.5369692606147877
0.4638107237855243,0.36143277134457313
0.7179656406871863,0.504289914201716
0.4151116977660447,0.4900301993960121
0.0637187256254875,0.07293854122917542
0.23725525489490212,0.5501089978200436
0.24339513209735805,0.20641587168256637
0.3628327433451331,0.3496330073398532
0.20845583088338235,0.2883142337153257
0.48047039059218816,0.4933101337973241
0.38503229935401295,0.3384132317353653
0.5549489010219796,0.6189276214475711
0.253954920901582,0.2826143477130457
0.6530869382612348,0.6787264254714906
0.46537069258614827,0.30185396292074157
0.3597328053438931,0.5318893622127557
0.5414091718165637,0.5228295434091318
0.9565808683826323,0.9638607227855444
0.6233675326493471,0.6716265674686507
0.23413531729365414,0.13503729925401492
0.7358452830943382,0.7285654286914262
0.2624147517049659,0.36909261814763705
0.44731105377892444,0.32021359572808544
0.006639867202655947,0.006639867202655947
0.750444991100178,0.7583048339033219
0.6080678386432271,0.7128857422851543
0.375792484150317,0.21811563768724626
0.1390772184556309,0.16925661486770266
0.13123737525249496,0.18509629807403852
0.4173716525669487,0.623747525049499
0.1383372332553349,0.16847663046739067
0.5314093718125638,0.5202695946081078
0.09403811923761525,0.15585688286234275
0.41043179136417274,0.20431591368172639
0.5172696546069079,0.4841503169936601
0.16207675846483072,0.11915761684766304
0.27127457450850984,0.2794744105117898
0.4780704385912282,0.4478510429791404
0.501969960600788,0.5949681006379872
0.07245855082898342,0.026639467210655788
0.9203215935681287,0.9362612747745045
0.5398492030159397,0.5241295174096519
0.22857542849143017,0.6835263294734105
0.07303853922921542,0.07175856482870342
0.6398872022559549,0.6288674226515469
0.9456610867782644,0.7876842463150737
0.06755864882702346,0.127757444851103
0.43449131017379655,0.3893122137557249
0.1368772624547509,0.16765664686706266
0.03555928881422372,0.034939301213975725
0.014339713205735885,0.028499430011399773
0.30551388972220556,0.28271434571308574
0.7771044579108418,0.7134257314853704
0.8193836123277535,0.7426451470970581
0.30517389652206955,0.40913181736365273
0.0744385112297754,0.13527729445411094
0.5325693486130277,0.4301113977720446
0.37189256214875704,0.3638327233455331
0.058218835623287536,0.05117897642047159
0.45921081578368433,0.3151536969260615
0.5793084138317234,0.6038879222415552
0.9343213135737286,0.9404411911761765
0.26017479650406994,0.251114977700446
0.31037379252414954,0.255454890902182
0.4788904221915562,0.5392692146157078
0.9649607007859843,0.9651006979860404
0.7975640487190256,0.7940641187176257
0.8053838923221536,0.15863682726345474
0.4267114657706846,0.43113137737245255
0.08227835443291134,0.09343813123737525
0.4303513929721406,0.510929781404372
0.1507769844603108,0.11859762804743905
0.01513969720605588,0.019119617607647847
0.9744005119897602,0.9748405031899362
0.06783864322713545,0.08451830963380733
0.7216255674886503,0.7053858922821544
0.503889922201556,0.6657866842663147
0.8630227395452091,0.8266634667306654
0.5159096818063639,0.8638627227455451
0.40779184416311676,0.507469850602988
0.503289934201316,0.33415331693366135
0.5470090598188037,0.6338873222535549
0.4397512049759005,0.41769164616707666
0.17257654846903062,0.23087538249235015
0.874082518349633,0.8594228115437692
0.18213635727285454,0.2130157396852063
0.13903721925561488,0.19803603927921443
0.6823463530729386,0.7840043199136018
0.8147037059258815,0.5456690866182676
0.5576088478230435,0.5704485910281795
0.5940281194376112,0.5886882262354753
0.8949021019579608,0.7923041539169217
0.9904401911961761,0.9904201915961681
0.046319073618527634,0.49723005539889203
0.8374432511349773,0.7787644247115058
0.8380832383352333,0.8098238035239296
0.20863582728345434,0.15435691286174277
0.5297294054118917,0.5684486310273795
0.5100497990040199,0.34707305853882925
0.8904821903561929,0.9942401151976961
0.9087018259634808,0.7856442871142577
0.5992680146397072,0.7692446151076979
0.5486890262194757,0.6100877982440351
0.6845863082738346,0.5799084018319633
0.11903761924761505,0.20249595008099838
0.5556088878222436,0.21287574248515032
0.22031559368812625,0.31893362132757347
0.8675026499470011,0.8623027539449212
0.5593488130237395,0.6008479830403393
0.35993280134397315,0.3554528909421812
0.46107077858442835,0.3457330853382932
0.2777944441111178,0.33141337173256535
0.04749905001899962,0.06389872202555949
0.5337293254134917,0.4835303293934122
0.5399092018159637,0.6113877722445551
0.05663886722265555,0.055658886822263554
0.08635827283454331,0.09267814643707126
0.4520309593808124,0.5815683686326274
0.32873342533149336,0.2134357312853743
0.48319033619327617,0.34503309933801324
0.5058298834023319,0.40613187736245276
0.06383872322553549,0.05251894962100758
0.14663706725865483,0.2385552288954221
0.39951200975980483,0.635087298254035
0.6188076238475231,0.620787584248315
0.125877482450351,0.17181656366872664
0.8203035939281215,0.7875642487150257
0.248655026899462,0.2262354752904942
0.4024319513609728,0.5185296294074119
0.8503029939401212,0.8277634447311054
0.12245755084898302,0.0877182456350873
0.30951380972380554,0.6726265474690506
0.04939901201975961,0.06937861242775145
0.19271614567708648,0.18231635367292653
0.18279634407311854,0.18357632847343053
0.6841663166736666,0.6687866242675147
0.6559068818623628,0.8345233095338094
0.874502509949801,0.8643627127457452
0.74942501149977,0.4675306493870123
0.9742005159896803,0.37349253014939704
0.6968060638787225,0.7194256114877703
0.4552108957820844,0.43135137297254056
0.9829403411931762,0.9826403471930562
0.5033099338013239,0.3118737625247495
0.18421631567368654,0.5891082178356433
0.6900461990760185,0.6494070118597628
0.5101897962040759,0.29635407291854166
0.376252474950501,0.44335113297734047
0.00015999680006399873,0.0002599948001039979
0.38361232775344495,0.250034999300014
0.32047359052818947,0.3273134537309254
0.5690486190276195,0.5281694366112678
0.23467530649387014,0.13593728125437493
0.06761864762704746,0.07859842803143938
0.4275514489710206,0.4696906061878763
0.5327093458130837,0.5594088118237636
0.75352492950141,0.7185456290874183
0.5234895302093958,0.50164996700066
0.29743405131897366,0.19185616287674248
0.882062358752825,0.9397012059758805
0.6314873702525949,0.3387132257354853
0.748985020299594,0.7258454830903383
0.6128477430451391,0.635447291054179
0.9275614487710246,0.9297014059718806
0.33345333093338136,0.42213155736885266
0.7033259334813304,0.6703665926681467
0.21903561928761425,0.42923141537169257
0.24915501689966202,0.24453510929781405
0.6035479290414192,0.625127497450051
0.6925261494770105,0.7663246735065299
0.02867942641147177,0.04477910441791164
0.45607087858242834,0.39375212495750084
0.8459630807383852,0.7441051178976421
0.8603627927441452,0.881542369152617
0.504129917401652,0.5579888402231955
0.6716465670686587,0.7087858242835143
0.5910681786364272,0.6702465950680987
0.6366672666546669,0.6405471890562189
0.4739305213895722,0.4328113437731246
0.34417311653766924,0.4633507329853403
0.3502329953400932,0.28481430371392574
0.1626367472650547,0.5195296094078119
0.9140217195656087,0.9230015399692006
0.37333253334933303,0.5399292014159717
0.8295834083318334,0.7639447211055779
0.9085418291634167,0.9372612547749045
0.010459790804183917,0.006539869202615948
0.6191676166476671,0.5714285714285714
0.750464990700186,0.7183056338873223
0.6778064438711227,0.6061478770424592
0.3051538969220616,0.37241255174896504
0.03619927601447971,0.035319293614127716
0.3538729225415492,0.49635007299854006
0.5279094418111638,0.5196496070078599
0.2644947101057979,0.5455490890182196
0.623567528649427,0.3871722565548689
0.5709885802283955,0.621967560648787
0.2695746085078298,0.2740745185096298
0.7185656286874262,0.7444851102977941
0.8707225855482891,0.9005419891602169
0.5983480330393393,0.7151656966860663
0.8182836343273134,0.8365832683346334
0.7868042639147217,0.7086658266834663
0.23507529849403014,0.251694966100678
0.6499670006599868,0.9127617447651047
0.040779184416311676,0.03643927121457571
0.06479870402591949,0.04541909161816764
0.35853282934341313,0.43289134217315656
0.2004159916801664,0.22797544049119017
0.24675506489870203,0.28807423851522973
0.18079638407231857,0.14417711645767084
0.41071178576428474,0.28699426011479773
0.1608567828643427,0.15693686126277476
0.12239755204895902,0.13165736685266294
0.33181336373272535,0.31191376172476554
0.8962220755584889,0.9068418631627367
0.7000259994800104,0.7354652906941861
0.09323813523729525,0.8161236775264495
0.2967940641187176,0.2733345333093338
0.9153216935661287,0.9152616947661047
0.2160356792864143,0.16723665526689466
0.5099298014039719,0.3215535689286214
0.23035539289214216,0.35641287174256514
0.09203815923681527,0.13757724845503091
0.8263234735305294,0.0758584828303434
0.7135657286854263,0.6543469130617388
0.6002079958400832,0.6129277414451711
0.4682506349873003,0.5998280034399313
0.29521409571808566,0.24465510689786205
0.9034419311613768,0.9019219615607689
0.50554988900222,0.9248815023699526
0.015599688006239875,0.02013959720805584
0.06139877202455951,0.10767784644307114
0.8179836403271935,0.7933041339173217
0.4434511309773805,0.39733205335893285
0.4270514589708206,0.5518489630207396
0.07247855042899143,0.30607387852242957
0.3396332073358533,0.3375532489350213
0.8304033919321614,0.8280434391312174
0.9558808823823524,0.9705605887882243
0.07651846963060739,0.019619607607847842
0.8083038339233216,0.6756664866702666
0.19823603527929443,0.11119777604447911
0.740865182696346,0.7678446431071378
0.20765584688306235,0.12231755364892703
0.7857242855142897,0.8659826803463931
0.39407211855762886,0.06067878642427152
0.5375892482150357,0.6541469170616588
0.619187616247675,0.6081078378432432
0.1374972500549989,0.13111737765244696
0.5999680006399872,0.5355092898142038
0.2147757044859103,0.2615547689046219
0.6994460110797784,0.7220655586888263
0.1513169736605268,0.13705725885482292
0.9773604527909442,0.9765204695906082
0.999720005599888,0.999780004399912
0.3098338033239335,0.5144897102057959
0.6063678726425472,0.7236055278894422
0.7930641387172257,0.7782044359112819
0.3217735645287094,0.29755404891902165
0.5410091798164037,0.5324693506129877
0.9160816783664327,0.9056218875622488
0.7784244315113698,0.7168256634867303
0.35519289614207716,0.27303453930921384
0.4760304793904122,0.2769544609107818
0.16055678886422273,0.7885842283154337
0.4394712105757885,0.40659186816263676
0.9370412591748165,0.9143417131657368
0.6071878562428752,0.6473670526589469
0.9661806763864723,0.9724805503889923
0.6610267794644107,0.7270854582908343
0.44833103337933244,0.4639107217855643
0.8369032619347614,0.8296234075318494
0.13705725885482292,0.10437791244175117
0.38379232415351694,0.37141257174856507
0.6480870382592349,0.8318833623327534
0.15413691726165477,0.15695686086278274
0.2001759964800704,0.3597328053438931
0.34623307533849323,0.32695346093078137
0.5474290514189717,0.30847383052338956
0.22849543009139817,0.18515629687406251
0.19573608527829445,0.2018559628807424
0.373012539749205,0.4007319853602928
0.6910261794764105,0.2777344453110938
0.41907161856762865,0.24307513849723006
0.12995740085198296,0.13623727525449492
0.250514989700206,0.23139537209255814
0.6589868202635948,0.622307553848923
0.4275714485710286,0.2595148097038059
0.6420471590568189,0.5242895142097158
0.9005819883602328,0.8179036419271615
0.8326233475330493,0.8914621707565848
0.22225555488890222,0.2636147277054459
0.5722285554288914,0.75702485950281
0.5301293974120518,0.625507489850203
0.3001539969200616,0.21815563688726225
0.47045059098818026,0.3871922561548769
0.2384152316953661,0.20453590928181437
0.5646087078258435,0.5218695626087478
0.3112737745245095,0.28693426131477373
0.49389012219755607,0.5596888062238755
0.4306913861722766,0.43083138337233257
0.886562268754625,0.8794024119517609
0.7863042739145217,0.7704845903081938
0.9334613307733846,0.8641227175456491
0.6072478550428991,0.6443271134577309
0.05139897202055959,0.18055638887222256
0.2376152476950461,0.382332353352933
0.9332613347733045,0.8258434831303374
0.8900421991560169,0.9318813623727525
0.5052498950020999,0.47331053378932425
0.4148117037659247,0.4161716765664687
0.8655626887462251,0.9829603407931842
0.4498910021799564,0.4481310373792524
0.8952820943581129,0.9029619407611849
0.42947141057178856,0.5553288934221315
0.4286914261714766,0.4132517349653007
0.38419231615367694,0.4591108177836443
0.10581788364232715,0.08919821603567929
0.3164536709265815,0.30705385892282155
0.7078258434831304,0.7417051658966821
0.10843783124337514,0.1016579668406632
0.4653506929861403,0.49751004979900404
0.5891882162356753,0.6701265974680507
0.24425511489770205,0.4513909721805564
0.03577928441431172,0.04043919121617568
0.23923521529569408,0.1746965060698786
0.2758744825103498,0.14351712965740684
0.40653186936261276,0.4639307213855723
0.9070418591628168,0.8931821363572728
0.8468230635387293,0.875882482350353
0.7650246995060099,0.7003259934801305
0.1369572608547829,0.2286154276914462
0.24921501569968602,0.3228535429291414
0.1756564868702626,0.5172096558068838
0.5703085938281235,0.5949081018379633
0.22221555568888623,0.2268154636907262
0.4405711885762285,0.4488910221795564
0.8158236835263295,0.8219035619287615
0.8940421191576169,0.4384112317753645
0.4880302393952121,0.5563488730225395
0.3550528989420212,0.49311013779724405
0.4447111057778845,0.3396132077358453
0.7470050598988021,0.8371032579348413
0.7361052778944421,0.6722265554688907
0.15399692006159876,0.17045659086818266
0.6332073358532829,0.25461490770184597
0.11713765724685507,0.4286514269714606
0.8024239515209696,0.8183836323273534
0.08713825723485531,0.10799784004319914
0.9611607767844643,0.9802803943921122
0.05965880682386353,0.05903881922361553
0.2648747025059499,0.3069738605227896
0.49413011739765206,0.4373712525749485
0.9194816103677926,0.9340213195736086
0.3155936881262375,0.2898742025159497
0.7763044739105218,0.6939261214775705
0.12491750164996701,0.02651946961060779
0.8324033519329613,0.8575428491430171
0.6354872902541949,0.7033259334813304
0.09817803643927121,0.08191836163276735
0.9479810403791924,0.9317613647727045
0.18195636087278255,0.14511709765804684
0.5321493570128598,0.7090058198836023
0.7753044939101218,0.7936841263174736
0.8357232855342893,0.8687826243475131
0.4639707205855883,0.7343653126937462
0.8613627727445451,0.7824243515129697
0.7204455910881783,0.6691466170676587
0.75742485150297,0.869722605547889
0.9154216915661687,0.8988220235595289
0.030419391612167758,0.04321913561728766
0.07043859122817545,0.06945861082778344
0.030319393612127758,0.39437211255774884
0.3043339133217336,0.19167616647667046
0.6721665566688666,0.30797384052318955
0.7844243115137698,0.750584988300234
0.9105217895642087,0.9300813983720326
0.5175896482070359,0.49191016179676406
0.5051298974020519,0.4605907881842363
0.07093858122837543,0.06423871522569549
0.14869702605947882,0.14589708205835883
0.054878902421951564,0.060938781224375516
0.025459490810183796,0.016499670006599867
0.6078278434431311,0.5950080998380033
0.13563728725425492,0.14599708005839884
0.46715065698686026,0.635807283854323
0.879962400751985,0.7829643407131858
0.1654966900661987,0.3129737405251895
0.17719645607087858,0.19805603887922243
0.6048679026419472,0.5854882902341954
0.9674006519869603,0.9657806843863123
0.8546229075418492,0.8848023039539209
0.5563288734225316,0.7285054298914022
0.5543089138217235,0.5846883062338754
0.6648867022659547,0.6710465790684187
0.06431871362572748,0.13035739285214296
0.4660506789864203,0.4251314973700526
0.5062898742025159,0.5239895202095958
0.5097298054038919,0.618867622647547
0.1625967480650387,0.125417491650167
0.4823903521929562,0.5127297454050919
0.8014239715205697,0.5142497150056999
0.6059078818423632,0.6142277154456911
0.6498870022599548,0.6794264114717706
0.6622467550648987,0.6490070198596029
0.003519929601407972,0.005679886402271955
0.09279814403711927,0.09683806323873523
0.9099418011639767,0.8926021479570408
0.29269414611707767,0.2955340893182136
0.35943281134377314,0.3502129957400852
0.038479230415391696,0.036719265614687704
0.9344413111737766,0.9338013239735206
0.7110857782844343,0.7422651546969061
0.7867242655146898,0.9526609467810644
0.7259254814903702,0.7377852442951142
0.7699846003079939,0.8060638787224256
0.9715005699886002,0.9583608327833444
0.4409311813763725,0.4941701165976681
0.3309333813323734,0.2407951840963181
0.748865022699546,0.756884862302754
0.28085438291234177,0.2795144097118058
0.382732345353093,0.5176096478070439
0.3028339433211336,0.2786544269114618
0.6748265034699307,0.625627487450251
0.046619067618647626,0.04705905881882363
0.3026939461210776,0.35729285414291717
0.1882562348753025,0.16715665686686268
0.4558508829823404,0.6536469270614588
0.5129097418051639,0.5788084238315234
0.010239795204095918,0.08957820843583128
0.5323493530129397,0.45251094978100437
0.05553888922221556,0.40741185176296474
0.9011219775604489,0.9026219475610489
0.5218295634087319,0.47801043979120417
0.5408091838163237,0.24615507689846203
0.3570528589428212,0.39727205455890885
0.7113857722845544,0.7750244995100098
0.0372992540149197,0.07267854642907143
0.49487010259794806,0.7024059518809624
0.12025759484810304,0.620467590648187
0.7010059798804024,0.7144457110857783
0.4424111517769645,0.4685506289874203
0.053178936421271576,0.06841863162736746
0.12205755884882302,0.12163756724865503
0.9126417471650567,0.8987420251594969
0.4469910601787964,0.4680306393872123
0.8571628567428652,0.8810023799524009
0.5796484070318594,0.619787604247915
0.21017579648407034,0.20465590688186236
0.3977720445591088,0.25773484530309393
0.15647687046259076,0.24355512889742206
0.28157436851262974,0.35817283654326915
0.4515909681806364,0.3999320013599728
0.7377452450950981,0.6465070698586028
0.6014279714405713,0.7004859902801944
0.4009519809603808,0.4653106937861243
0.6373672526549469,0.45663086738265235
0.2749145017099658,0.3842723145537089
0.1996160076798464,0.17897642047159057
0.1888762224755505,0.18027639447211055
0.5621487570248596,0.5403491930161397
0.2810143797124058,0.26835463290734185
0.013299734005319894,0.018459630807383852
0.44993100137997244,0.5677286454270914
0.4015519689606208,0.4122717545649087
0.7084458310833783,0.6889462210755785
0.877782444351113,0.8937021259574809
0.8480230395392092,0.8087038259234816
0.6472070558588828,0.6460670786584268
0.32477350452990944,0.2608747825043499
0.2141157176856463,0.21669566608667828
0.8334233315333693,0.8246235075298495
0.4170916581668367,0.35903281934361314
0.43193136137277255,0.4418911621767565
0.6605267894642107,0.6432271354572908
0.8740425191496171,0.878002439951201
0.8710425791484171,0.6452470950580989
0.993460130797384,0.997440051198976
0.20551588968220635,0.1615767684646307
0.9798804023919522,0.9756804863902723
0.37047259054818904,0.44623107537849244
0.6519269614607708,0.4424311513769725
0.8433631327373453,0.8300433991320174
0.36039279214415715,0.35965280694386115
0.4522509549809004,0.4755904881902362
0.6076078478430431,0.5613687726245475
0.7304253914921702,0.7252254954900902
0.9598008039839203,0.9558008839823204
0.8839623207535849,0.9051418971620568
0.6783264334713306,0.6728665426691467
0.7998840023199536,0.5452090958180836
0.28321433571328575,0.4324113517729646
0.47179056418871623,0.45531089378212436
0.41157176856462874,0.6726465470690587
0.6132477350452992,0.6611067778644427
0.9611807763844723,0.9575408491830164
0.44495110097798046,0.3395932081358373
0.9163816723665527,0.9137817243655127
0.4366512669746605,0.625827483450331
0.2653946921061579,0.27337453250934984
0.057518849623007545,0.06429871402571949
0.8947221055578889,0.43535129297414055
0.8201635967280655,0.8550028999420012
0.6973260534789304,0.7297054058918822
0.9805203895922082,0.9825203495930082
0.4780904381912362,0.5344893102137958
0.9373012539749206,0.9440811183776325
0.6848863022739545,0.7136657266854664
0.24909501809963802,0.2792544149117018
0.31815363692726145,0.1757564848703026
0.125417491650167,0.16121677566448672
0.008159836803263935,0.31615367692646146
0.6358272834543309,0.6107877842443151
0.049519009619807604,0.0497790044199116
0.7784644307113858,0.7638047239055219
0.882422351552969,0.9487210255794885
0.4601907961840763,0.45565088698226036
0.07241855162896742,0.09879802403951922
0.9206815863682727,0.8508829823403532
0.4600907981840363,0.4491510169796604
0.5654086918261635,0.5599888002239956
0.7342653146937062,0.7672046559068819
0.9021819563608728,0.886562268754625
0.6946261074778505,0.7210455790884183
0.1770764584708306,0.18413631727365454
0.871342573148537,0.8321233575328494
0.7182056358872823,0.7372252554948902
0.24695506089878203,0.3132937341253175
0.8395632087358254,0.8161036779264415
0.14483710325793483,0.12685746285074298
0.4492910141797164,0.43397132057358856
0.05595888082238355,0.08059838803223936
0.9009219815603688,0.8674226515469691
0.7337253254934901,0.6094478110437791
0.5226495470090599,0.36297274054518913
0.49515009699806006,0.5252694946101079
0.6013679726405472,0.7791844163116738
0.7950040999180017,0.7895442091158177
0.43489130217395655,0.4280114397712046
0.2995340093198136,0.2658746825063499
0.09263814723705527,0.07921841563168737
0.9142017159656807,0.9514209715805684
0.5795284094318114,0.5238695226095478
0.4364112717745645,0.36759264814703707
0.4280314393712126,0.49739005219895605
0.5761284774304514,0.7224455510889782
0.19719605607887844,0.2596348073038539
0.29721405571888565,0.36113277734445315
0.5495890082198356,0.5785884282314354
0.7725245495090098,0.8084438311233776
0.873962520749585,0.7436651266974661
0.48705025899482013,0.6915261694766105
0.7721845563088738,0.6367472650546989
0.8827223455530889,0.8066438671226576
0.372432551348973,0.3515929681406372
0.41905161896762066,0.30437391252174956
0.3622727545449091,0.4894302113957721
0.866762664746705,0.885762284754305
0.8334433311333773,0.870902581948361
0.37835243295134097,0.3449331013379733
0.49503009939801207,0.46205075898482034
0.18161636767264655,0.1751764964700706
0.1384172316553669,0.628687426251475
0.09867802643947121,0.20721585568288636
0.5760284794304115,0.5352092958140837
0.7465050698986021,0.35821283574328516
0.13053738925221495,0.16897662046759065
0.0011599768004639907,0.001119977600447991
0.1495770084598308,0.11019779604407912
0.8954220915581689,0.8818023639527209
0.376072478550429,0.29253414931701366
0.19681606367872642,0.32409351812963744
0.8581828363432732,0.8466430671386572
0.06567868642627148,0.055798884022319556
0.026939461210775787,0.022059558808823824
0.0373992520149597,0.0376592468150637
0.3418531629367413,0.4738505229895402
0.7984640307193857,0.6652066958660827
0.4784504309913802,0.5455090898182037
0.3163536729265415,0.2674746505069899
0.19307613847723046,0.1878362432751345
0.6209475810483791,0.5106097878042439
0.36907261854762907,0.5787484250314994
0.6987060258794824,0.869842603147937
0.6256674866502671,0.626887462250755
0.4333313333733326,0.35775284494310117
0.3519729605407892,0.43373132537349257
0.9798204035919282,0.9742605147897042
0.05321893562128758,0.06599868002639947
0.6950660986780265,0.7337253254934901
0.3871122577548449,0.4904101917961641
0.03973920521589568,0.023139537209255816
0.24317513649727007,0.24253514929701406
0.5467490650186997,0.5981080378392433
0.5986480270394592,0.6122877542449151
0.7149257014859703,0.6828263434731305
0.6745265094698106,0.5918881622367553
0.09341813163736726,0.18943621127577448
0.7354452910941781,0.8764224715505691
0.1633767324653507,0.12913741725165498
0.13245735085298294,0.1395572088558229
0.1505169896602068,0.13015739685206296
0.9406011879762405,0.9178616427671447
0.23271534569308613,0.24451510969780604
0.9032019359612808,0.8973420531589369
0.502509949801004,0.48425031499370014
0.6793064138717226,0.616107677846443
0.4668506629867403,0.374872502549949
0.45509089818203635,0.43159136817263655
0.07597848043039139,0.6850062998740025
0.4374912501749965,0.5373492530149397
0.32011359772804543,0.2617347653046939
0.1134377312453751,0.062358752824943506
0.5737085258294834,0.5824483510329793
0.7395452090958181,0.8700025999480011
0.004859902801943961,0.012279754404911903
0.3491730165396692,0.43775124497510054
0.6461270774584509,0.632607347853043
0.8407831843363133,0.8166236675266495
0.29825403491930164,0.2579148417031659
0.40893182136357276,0.44583108337833244
0.9144817103657927,0.8421431571368573
0.8537829243415131,0.8089038219235616
0.35799284014319716,0.3527129457410852
0.5211095778084438,0.512629747405052
0.8277234455310895,0.8516229675406493
0.04541909161816764,0.06927861442771145
0.8203235935281294,0.8022039559208816
0.17171656566868662,0.12395752084958302
0.5143097138057239,0.40843183136337274
0.6494070118597628,0.7265854682906342
0.9325613487730245,0.9326813463730725
0.4929101417971641,0.35727285454290914
0.7207855842883143,0.750604987900242
0.04775904481910362,0.08589828203435931
0.11741765164696706,0.11629767404651907
0.03655926881462371,0.012819743605127897
0.4019719605607888,0.25839483210335795
0.7736045279094418,0.24239515209695808
0.880802383952321,0.873642527149457
0.7261254774904502,0.753164936701266
0.3434531309373813,0.3132137357252855
0.4251514969700606,0.40667186656266874
0.047019059618807625,0.03437931241375173
0.5727085458290835,0.619187616247675
0.881262374752505,0.879302413951721
0.6417871642567149,0.5104097918041639
0.7679846403071939,0.7407251854962901
0.5134497310053799,0.501889962200756
0.626247475050499,0.6512669746605068
0.47181056378872427,0.4365312693746125
0.5393492130157397,0.4896702065958681
0.27411451770964584,0.12751744965100698
0.8354832903341933,0.8134437311253775
0.23585528289434213,0.11633767324653507
0.0767584648307034,0.08335833283334333
0.5873082538349234,0.7775044499110018
0.47389052218955624,0.373872522549549
0.8115637687246255,0.7849443011139777
0.3008939821203576,0.35245295094098117
0.629407411851763,0.6043879122417551
0.1875962480750385,0.15679686406271875
0.2377352452950941,0.07663846723065539
0.6912461750764985,0.8034439311213776
0.32449351012979744,0.3618127637447251
0.7752044959100818,0.754364912701746
0.3593328133437331,0.5506489870202597
0.3139137217255655,0.34667306653866925
0.03033939321213576,0.040979180416391675
0.2977540449191016,0.3256734865302694
0.8731225375492491,0.8599228015439692
0.6343473130537389,0.5937681246375073
0.9835003299934002,0.9858202835943282
0.17791644167116658,0.17267654646907063
0.7961040779184416,0.9264414711705766
0.3630127397452051,0.2799944001119978
0.0375792484150317,0.035939281214375715
0.49395012099758007,0.4704305913881722
0.7079058418831624,0.6924461510769785
0.8126437471250575,0.8191636167276655
0.5960480790384193,0.2986740265194696
0.6469070618587629,0.6500269994600109
0.8112637747245055,0.7866042679146418
0.7680646387072259,0.6182076358472831
0.4560908781824364,0.5868482630347394
0.2012159756804864,0.1399372012559749
0.21731565368692626,0.27377452450950984
0.5879282414351713,0.5835083298334034
0.38105237895242094,0.3519929601407972
0.7119657606847863,0.7042659146817064
0.4739905201895962,0.43391132177356456
0.7370452590948181,0.7125457490850183
0.3672326553468931,0.22265554688906222
0.6746265074698506,0.30933381332373355
0.3891522169556609,0.33045339093218135
0.5754284914301714,0.4281314373712526
0.5360092798144037,0.499930001399972
0.30673386532269353,0.23207535849283015
0.7117657646847063,0.7896842063158737
0.7581848363032739,0.7906641867162657
0.039959200815983684,0.035419291614167715
0.7264654706905862,0.740405191896162
0.39477210455790884,0.35613287734245314
0.06711865762684746,0.06821863562728746
0.888502229955401,0.8646827063458731
0.9339013219735606,0.9101617967640647
0.5305493890122198,0.5583088338233235
0.09757804843903123,0.1004579908401832
0.008239835203295935,0.006979860402791945
0.39345213095738085,0.37247255054898903
0.9691406171876563,0.9611207775844484
0.3933721325573489,0.25647487050258994
0.6446071078578429,0.6137077258454832
0.22181556368872624,0.15783684326313474
0.628787424251515,0.5831883362332754
0.4544909101817964,0.43439131217375654
0.8004639907201856,0.7449451010979781
0.9135817283654327,0.9020019599608008
0.10737785244295114,0.2907941841163177
0.6436071278574429,0.6170676586468271
0.20965580688386232,0.1878762424751505
0.7401851962960742,0.3363532729345413
0.8100637987240256,0.8331833363332733
0.13387732245355094,0.1005379892402152
0.2602547949041019,0.11693766124677507
0.28031439371212574,0.27411451770964584
0.4538509229815404,0.40145197096058083
0.74992500149997,0.15289694206115878
0.9213815723685527,0.9196016079678406
0.9576608467830644,0.9583408331833364
0.34737305253894923,0.7383852322953541
0.9004419911601769,0.7865242695146097
0.11613767724645507,0.19083618327633448
0.11035779284414313,0.2249155016899662
0.07627847443051139,0.07279854402911942
0.2688946221075579,0.2914741705165897
0.9888802223955522,0.9908801823963521
0.5333493330133398,0.5608287834243315
0.3355132897342053,0.5958080838383233
0.2274154516909662,0.09737805243895123
0.5869682606347874,0.01761964760704786
0.3379532409351813,0.32203355932881345
0.6333273334533309,0.626207475850483
0.9543209135817284,0.9762604747905043
0.46875062498750025,0.4858102837943241
0.8238835223295534,0.753964920701586
0.9142417151656967,0.9054418911621768
0.35427291454170917,0.7124257514849703
0.7979440411191776,0.6596268074638507
0.9390612187756245,0.9436411271774565
0.36079278414431715,0.43243135137297256
0.744745105097898,0.7861642767144658
0.03157936841263175,0.05297894042119158
0.4616907661846763,0.2612947741045179
0.9642407151856963,0.9633007339853203
0.6919661606767865,0.7057858842823144
0.46595068098638026,0.5958880822383552
0.4608907821843563,0.5413891722165557
0.09629807403851923,0.07199856002879942
0.14975700485990281,0.019359612807743846
0.14499710005799885,0.1483370332593348
0.15223695526089479,0.14151716965660688
0.8239235215295695,0.9280014399712007
0.6628667426651467,0.632827343453131
0.3652326953460931,0.741885162296754
0.4777104457910842,0.4977500449991
0.9701405971880562,0.9620207595848084
0.010939781204375913,0.00873982520349593
0.04477910441791164,0.07383852322953541
0.5959080818383633,0.627747445051099
0.7460450790984181,0.7775244495110099
0.4264314713705726,0.35365292694146117
0.7287854242915142,0.7977840443191136
0.3290534189316214,0.19111617767644648
0.7320853582928342,0.47093058138837224
0.6870062598748026,0.5775284494310114
0.12497750044999101,0.1393372132557349
0.9831603367932642,0.9741405171896562
0.7151856962860743,0.7387852242955141
0.7133257334853303,0.8429631407371853
0.39543209135817287,0.4682506349873003
0.5492890142197157,0.5651686966260675
0.7023459530809384,0.6709265814683707
0.8669026619467611,0.4015719685606288
0.4104517909641807,0.5132497350052999
0.25197496050079,0.04033919321613568
0.5949881002379953,0.31047379052418955
0.6877662446751065,0.4783104337913242
0.8154436911261775,0.6681666366672667
0.2789544209115818,0.22431551368972621
0.7608047839043219,0.7561248775024499
0.7990240195196097,0.6944261114777704
0.8927221455570888,0.9348213035739286
0.7161656766864662,0.6658866822663547
0.24881502369952602,0.3886122277554449
0.06611867762644748,0.07059858802823944
0.7236255274894502,0.7817043659126818
0.2265354692906142,0.21835563288734225
0.7250854982900342,0.7027259454810904
0.3378332433351333,0.24447511049779005
0.19441611167776646,0.25641487170256594
0.15477690446191078,0.009379812403751926
0.7680046399072019,0.6313673726525469
0.7190856182876343,0.8045239095218096
0.5692086158276835,0.6380472390552189
0.8463630727385453,0.39689206215875683
0.5793684126317474,0.5225095498090039
0.09421811563768726,0.09487810243795125
0.6033079338413232,0.5092698146037079
0.872262554748905,0.7122457550848983
0.4186316273674527,0.25521489570208594
0.8420231595368093,0.7751644967100658
0.8812423751524969,0.8636027279454411
0.46657066858662827,0.38065238695226095
0.16439671206575868,0.125257494850103
0.34347313053738926,0.30899382012359755
0.7278454430911382,0.7104857902841943
0.3116137677246455,0.23069538609227816
0.8720625587488251,0.17425651486970262
0.5675486490270195,0.5981280374392512
0.28389432211355775,0.25919481610367795
0.9837203255934882,0.9869602607947842
0.24673506529869405,0.46709065818683626
0.5156496870062599,0.7914241715165697
0.9745405091898163,0.9929201415971681
0.3356132877342453,0.5908681826363473
0.43309133817323653,0.46041079178416433
0.8818023639527209,0.8933621327573449
0.4670106597868043,0.34423311533769324
0.5433891322173556,0.7990040199196017
0.7197456050878983,0.7160056798864023
0.03545929081418372,0.01135977280454391
0.5594088118237636,0.5255694886102278
0.9491610167796645,0.9611607767844643
0.33419331613367736,0.1876362472750545
0.7908241835163297,0.7876242475150498
0.3647327053458931,0.3543729125417492
0.5626887462250755,0.5996080078398432
0.7109457810843783,0.6759664806703866
0.4240715185696286,0.32495350092998143
0.3063938721225576,0.3540129197416052
0.2736345273094538,0.33083338333233336
0.11599768004639907,0.1015979680406392
0.886542269154617,0.883342333153337
0.6103477930441391,0.7819243615127698
0.2256554868902622,0.11077778444431112
0.49613007739845205,0.630787384252315
0.05117897642047159,0.0877782444351113
0.42923141537169257,0.5497090058198836
0.6046479070418592,0.618747625047499
0.10513789724205516,0.10949781004379913
0.4102717945641087,0.5527289454210916
0.34475310493790123,0.4597308053838923
0.34113317733645326,0.39019219615607686
0.7264854702905942,0.6166676666466671
0.9690806183876323,0.9682606347873043
0.5675286494270115,0.3088538229235415
0.5392892142157157,0.28411431771364576
0.05617887642247155,0.038659226815463694
0.3233135337293254,0.2650146997060059
0.014839703205935882,0.0064598708025839485
0.3492730145397092,0.4144717105657887
0.3026139477210456,0.2882342353152937
0.9727805443891122,0.9738605227895443
0.4313313733725326,0.4097718045639087
0.17995640087198256,0.1411371772564549
0.039539209215815684,0.05571888562228756
0.27131457370852585,0.23065538689226217
0.0006199876002479951,0.0006599868002639947
0.15915681686366273,0.17973640527189458
0.753944921101578,0.6366472670546589
0.10271794564108719,0.17065658686826263
0.7661046779064419,0.8634627307453852
0.12885742285154297,0.12457750844983101
0.8889822203555929,0.8640827183456331
0.4298514029719406,0.5576488470230596
0.5136497270054599,0.500609987800244
0.06531869362612748,0.06035879282414352
0.43363132737345256,0.42185156296874066
0.8515429691406172,0.8403431931361373
0.32087358252834947,0.21677566448671026
0.47293054138917223,0.46847063058738825
0.0756984860302794,0.11137777244455112
0.40271194576108477,0.4270314593708126
0.9640807183856324,0.9870202595948081
0.16683666326673466,0.10551788964220717
0.035739285214295716,0.029619407611847764
0.13463730725385492,0.18013639727205458
0.22891542169156617,0.23971520569588609
0.6772264554708906,0.6897262054758905
0.8487030259394812,0.8052238955220896
0.25623487530249395,0.2679746405071899
0.8570028599428011,0.8370232595348094
0.9632007359852803,0.9655606887862244
0.5223695526089478,0.5974880502389952
0.18431631367372653,0.21129577408451833
0.249995000099998,0.23405531889362213
0.1744365112697746,0.22705545889082218
0.9559408811823764,0.9598608027839444
0.6235875282494351,0.6717865642687146
0.8263834723305534,0.8850022999540009
0.7357452850942982,0.8152836943261135
0.6665866682666347,0.6687666246675067
0.634047319053619,0.6394072118557629
0.2028559428811424,0.21327573448531031
0.6916061678766425,0.6960660786784264
0.39597208055838884,0.4465910681786364
0.632327353452931,0.6653866922661547
0.7981040379192417,0.7846643067138658
0.5925081498370033,0.5413291734165316
0.10801783964320714,0.3130137397252055
0.05937881242375153,0.07989840203195936
0.6839263214735706,0.6985260294794104
0.20003599928001442,0.21921561568768624
0.6400871982560349,0.756164876702466
0.7000059998800024,0.4883102337953241
0.7041659166816664,0.5966880662386752
0.16581668366632668,0.124537509249815
0.0382992340153197,0.0502589948201036
0.7813043739125217,0.8381832363352734
0.7615447691046179,0.8580028399432011
0.629927401451971,0.6408271834563309
0.2144557108857823,0.20941581168376633
0.09197816043679127,0.09829803403931922
0.760864782704346,0.8618627627447452
0.9812203755924882,0.9751404971900562
0.4184116317673647,0.29579408411831765
0.44595108097838043,0.46051078978420434
0.4366312673746525,0.37909241815163697
0.9114617707645848,0.9202815943681126
0.6237275254494911,0.22089558208835824
0.19163616727665447,0.09443811123777525
0.17261654766904663,0.23165536689266217
0.5876082478350433,0.5825483490330193
0.21067578648427032,0.22851542969140617
0.8590028199436012,0.8597428051438971
0.3145337093258135,0.40609187816243675
0.7980840383192337,0.8342233155336893
0.9922801543969121,0.9846003079938401
0.4130317393652127,0.3265534689306214
0.9515409691806164,0.9508209835803284
0.9143217135657287,0.8622827543449131
0.5145097098058039,0.8247035059298814
0.45935081298374036,0.4488110237795244
0.044799104017919644,0.0373192536149277
0.623067538649227,0.3623727525449491
0.5820083598328034,0.07263854722905543
0.6149277014459711,0.5493290134197316
0.19725605487890244,0.3528729425411492
0.2406751864962701,0.26119477610447794
0.74852502949941,0.750544989100218
0.5182496350072999,0.49967000659986804
0.8978220435591289,0.6013279734405312
0.509789804203916,0.5717885642287155
0.631127377452451,0.6105277894442112
0.7013259734805304,0.6870062598748026
0.504869902601948,0.4953100937981241
0.2976940461190776,0.25167496650067
0.6765664686706266,0.7887842243155138
0.5663486730265395,0.504029919401612
0.8627227455450891,0.8264234715305694
0.6733665326693467,0.619867602647947
0.15929681406371873,0.15653686926261476
0.06381872362552748,0.09389812203755925
0.8048839023219536,0.6511269774604508
0.15663686726265474,0.09795804083918322
0.9650006999860004,0.9291814163716726
0.5927481450370993,0.5880482390352193
0.4906701865962681,0.5753284934301314
0.1635167296654067,0.18399632007359853
0.5095098098038039,0.5548689026219475
0.6962660746785064,0.3252734945301094
0.018299634007319855,0.024459510809783806
0.8011039779204416,0.8265834683306335
0.9047219055618888,0.9236415271694567
0.38629227415451695,0.3371732565348693
0.39927201455970884,0.4303513929721406
0.9162416751664967,0.8895822083558329
0.7191856162876743,0.6789264214715706
0.44569108617827646,0.6517069658606828
0.39967200655986884,0.4072518549629008
0.10509789804203916,0.13055738885222296
0.3401331973360533,0.3125137497250055
0.03271934561308774,0.0375392492150157
0.12923741525169496,0.14749705005899882
0.5815083698326033,0.6474670506589868
0.01995960080798384,0.015379692406151878
0.13087738245235095,0.09409811803763925
0.5400491990160197,0.3015539689206216
0.6497470050598988,0.6593268134637308
0.5653886922261555,0.9693206135877283
0.25719485610287796,0.3499130017399652
0.8208835823283535,0.8435831283374333
0.5747285054298914,0.7826843463130738
0.9633607327853443,0.9582208355832884
0.9616207675846483,0.9720805583888322
0.50864982700346,0.5303493930121398
0.7684046319073619,0.7709445811083778
0.9693806123877523,0.9252214955700886
0.6444471110577789,0.255794884102318
0.031979360412791744,0.015599688006239875
0.28435431291374175,0.32111357772844545
0.4175916481670367,0.37967240655186896
0.8332033359332813,0.5189696206075879
0.9599608007839844,0.7376852462950741
0.0754784904301914,0.061738765224695506
0.7180856382872343,0.7132657346853063
0.8404631907361853,0.8287034259314814
0.3935921281574369,0.20673586528269436
0.8335833283334334,0.8256834863302734
0.20381592368152637,0.0883782324353513
0.9727005459890803,0.9716605667886643
0.7071258574828504,0.7823843523129538
0.616447671046579,0.4134117317653647
0.2756944861102778,0.24225515489690208
0.3179536409271815,0.3497930041399172
0.4540909181816364,0.4881102377952441
0.9261614767704647,0.9642607147857043
0.5273894522109558,0.4886702265954681
0.6382872342553149,0.6959660806783865
0.7389052218955621,0.630107397852043
0.880862382752345,0.9015219695606088
0.9052218955620888,0.9120217595648087
0.8356832863342734,0.8401031979360413
0.4671706565868683,0.39309213815723687
0.040559188816223675,0.04371912561748765
0.0867782644347113,0.049639007219855605
0.375132497350053,0.30849383012339754
0.33251334973300534,0.16545669086618267
0.5866282674346514,0.6865062698746025
0.750004999900002,0.5869082618347633
0.22099558008839823,0.2616947661046779
0.5028499430011399,0.26789464210715785
0.754844903101938,0.8338233235335294
0.9401211975760485,0.9307613847723046
0.7147657046859063,0.7428251434971301
0.5097098058038839,0.16505669886602267
0.5776684466310674,0.7601247975040499
0.8619227615447691,0.7873642527149457
0.880842383152337,0.878582428351433
0.5589488210235796,0.7169856602867943
0.8245435091298174,0.8459830803383933
0.03215935681286374,0.030499390012199756
0.7601447971040579,0.2628947421051579
0.7836043279134418,0.3229335413291734
0.6901661966760665,0.6650066998660027
0.4881102377952441,0.628427431451371
0.06775864482710346,0.08169836603267935
0.634727305453891,0.43377132457350853
0.5704685906281874,0.44535109297814046
0.8160836783264335,0.8364032719345613
0.7895042099158017,0.7747445051098978
0.09535809283814324,0.08435831283374333
0.18253634927301454,0.2273354532909342
0.7128257434851303,0.7347453050938981
0.07905841883162337,0.08385832283354333
0.8054038919221616,0.7943241135177297
0.2889142217155657,0.22939541209175818
0.5550288994220116,0.23557528849423012
0.35801283974320514,0.32233355332893343
0.7387852242955141,0.888602227955441
0.8740225195496091,0.8686426271474571
0.5696686066278674,0.7331853362932742
0.9236015279694406,0.9410611787764245
0.9774404511909762,0.9835603287934241
0.5667086658266834,0.4257314853702926
0.9246215075698486,0.8934021319573608
0.15247695046099077,0.14849703005939882
0.5380492390152197,0.49505009899802005
0.4831303373932522,0.5305493890122198
0.9604807903841923,0.9698606027879443
0.1367572648547029,0.23651526969460612
0.625627487450251,0.5701685966280674
0.33263334733305333,0.28471430571388573
0.4402911941761165,0.3358532829343413
0.49637007259854804,0.5396892062158757
0.7183656326873463,0.5235295294094118
0.20283594328113438,0.17671646567068658
0.06807863842723146,0.0628587428251435
0.31971360572788543,0.4663106737865243
0.6805663886722266,0.7972040559188817
0.8365632687346254,0.7871642567148658
0.8199236015279695,0.6544069118617628
0.7729245415091699,0.7853642927141458
0.6980660386792265,0.5860082798344033
0.16213675726485471,0.2652746945061099
0.36719265614687707,0.39883202335953283
0.251314973700526,0.2026559468810624
0.5503689926201476,0.5340693186136277
0.9572808543829123,0.9514809703805924
0.9768604627907442,0.9792004159916802
0.9012619747605048,0.9235215295694087
0.15749685006299874,0.09269814603707927
0.01375972480550389,0.008119837603247936
0.6922261554768905,0.5632487350252995
0.04413911721765565,0.05525889482210356
0.40541189176216474,0.3655526889462211
0.10505789884202316,0.056778864422711545
0.09605807883842324,0.1883562328753425
0.19855602887942242,0.6157076858462831
0.21175576488470232,0.24017519649607008
0.28353432931341377,0.3037739245215096
0.042279154416911664,0.05405891882162357
0.2380752384952301,0.2792944141117178
0.0638787224255515,0.0758384832303354
0.30585388292234156,0.5156696866062679
0.12005759884802304,0.12519749605007902
0.9079818403631927,0.6565668686626268
0.5425291494170117,0.5587288254234916
0.14347713045739086,0.10439791204175917
0.017759644807103857,0.019599608007839844
0.37383252334953304,0.3503529929401412
0.3261334773304534,0.3897722045559089
0.2994340113197736,0.3008339833203336
0.7672446551068979,0.8000039999200016
0.6303473930521389,0.5623487530249395
0.7488250234995301,0.751084978300434
0.5605687886242275,0.5314493710125797
0.06047879042419152,0.14361712765744686
0.1745165096698066,0.21809563808723825
0.21579568408631827,0.2270354592908142
0.6463270734585308,0.7268454630907382
0.20695586088278234,0.22925541489170218
0.2974740505189896,0.4279914401711966
0.15665686686266275,0.1403971920561589
0.9356612867742645,0.9450010999780005
0.1502369952600948,0.20029599408011842
0.502209955800884,0.24719505609887804
0.1000979980400392,0.08925821483570329
0.02649947001059979,0.021099578008439833
0.2280154396912062,0.251214975700486
0.43323133537329256,0.5339693206135877
0.5135297294054119,0.47227055458890826
0.5731485370292594,0.99370012599748
0.627227455450891,0.6569668606627868
0.9113417731645368,0.6580868382632348
0.7032859342813144,0.8536429271414572
0.11507769844603108,0.11677766444671107
0.09553808923821525,0.12217755644887103
0.6482670346593068,0.6938261234775305
0.3239535209295814,0.3273334533309334
0.5754084918301634,0.7808643827123458
0.003419931601367973,0.0023199536009279815
0.15473690526189476,0.14247715045699086
0.1495970080598388,0.1653166936661267
0.8177836443271135,0.8160236795264095
0.3286334273314534,0.38091238175236497
0.8247635047299055,0.8616227675446492
0.1527169456610868,0.1627767444651107
0.502869942601148,0.5277094458110838
0.13407731845363094,0.11057778844423112
0.6611667766644668,0.7242855142897142
0.27395452090958183,0.22995540089198216
0.13577728445431092,0.1372772544549109
0.7698246035079299,0.7414451710965781
0.6057678846423071,0.0875182496350073
0.15973680526389472,0.13991720165596688
0.036919261614767704,0.04513909721805564
0.7456250874982501,0.7325253494930102
0.09689806203875923,0.0878982420351593
0.8250634987300254,0.8450230995380092
0.006179876402471951,0.004959900801983961
0.8546829063418732,0.8873822523549529
0.45423091538169236,0.380332393352133
0.4001119977600448,0.3558528829423412
0.9506209875802484,0.9568808623827524
0.29653406931861365,0.2751344973100538
0.9393212135757285,0.9217215655686887
0.252754944901102,0.32147357052858944
0.25737485250294995,0.15937681246375074
0.05505889882202356,0.0630787384252315
0.11213775724485511,0.10253794924101518
0.2596948061038779,0.3998320033599328
0.4106917861642767,0.35587288254234917
0.3149537009259815,0.32129357412851745
0.13731725365492692,0.10337793244135117
0.2253554928901422,0.2696346073078539
0.45699086018279633,0.5191096178076439
0.3265334693306134,0.2265154696906062
0.9096218075638488,0.9046019079618408
0.061238775224495515,0.06835863282734346
0.9832203355932881,0.9857802843943122
0.8238435231295375,0.8217035659286814
0.8591628167436651,0.8602027959440811
0.5828883422331553,0.8978220435591289
0.4794704105917882,0.3997720045599088
0.4036519269614608,0.4005719885602288
0.06495870082598348,0.13203735925281496
0.252894942101158,0.21519569608607828
0.6824063518729626,0.622627547449051
0.4370912581748365,0.3106337873242535
0.5557688846223076,0.48727025459490814
0.4401711965760685,0.4033319333613328
0.14637707245855083,0.16347673046539068
0.4126917461650767,0.617147657046859
0.06147877042459151,0.04405911881762365
0.8573428531429371,0.7733445331093378
0.7397452050958981,0.7911641767164657
0.9151416971660568,0.8891622167556649
0.40413191736165277,0.5328293434131317
0.04783904321913562,0.028999420011599768
0.6000479990400193,0.8532229355412893
0.5116897662046759,0.5678486430271394
0.15349693006139878,0.12875742485150296
0.7783844323113538,0.7064458710825784
0.23175536489270215,0.22919541609167818
0.37253254934901303,0.626027479450411
0.19165616687666248,0.23031539369212617
0.7221655566888663,0.7090658186836264
0.879642407151857,0.8754024919501611
0.6834663306733866,0.6947861042779144
0.8811223775524489,0.8927421451570969
0.045999080018399634,0.12717745645087097
0.37521249575008503,0.7780244395112098
0.08537829243415132,0.06801863962720746
0.4284114317713646,0.377172456550869
0.9266814663706726,0.9269614607707846
0.26743465130697386,0.21989560208795825
0.9733205335893282,0.9555808883822324
0.04795904081918362,0.030919381612367753
0.13003739925201496,0.23461530769384614
0.4363512729745405,0.5199296014079718
0.4160116797664047,0.4018119637607248
0.9140417191656167,0.873142537149257
0.622727545449091,0.5968280634387313
0.6679866402671947,0.4869502609947801
0.05933881322373553,0.1634367312653747
0.5637487250254996,0.41047179056418875
0.48257034859302816,0.3656926861462771
0.052258954820903585,0.5812483750324994
0.07101857962840744,0.1377172456550869
0.24205515889682208,0.2857542849143017
0.7762244755104898,0.8877222455550889
0.3211535769284614,0.11943761124777505
0.25501489970200597,0.3547729045419092
0.5302293954120918,0.7180056398872022
0.42953140937181256,0.25983480330393394
0.8553028939421212,0.378272434551309
0.7142657146857063,0.7982040359192817
0.9905001899962002,0.9904601907961841
0.007279854402911942,0.006719865602687947
0.6648067038659227,0.6962060758784825
0.1616567668646627,0.22307553848923023
0.03629927401451971,0.049839003219935604
0.4406911861762765,0.8004839903201936
0.0754384912301754,0.05503889922201556
0.6711465770684587,0.637027259454811
0.8620427591448171,0.886462270754585
0.9396412071758565,0.9400211995760085
0.7616447671046579,0.7729045419091618
0.8652426951460971,0.7668646627067459
0.3398132037359253,0.4264714705705886
0.993120137597248,0.9932801343973121
0.8719825603487931,0.868582628347433
0.9687606247875042,0.9775204495910083
0.9775604487910242,0.9795204095918082
0.6177876442471151,0.759644807103858
0.13079738405231897,0.13931721365572688
0.0126997460050799,0.04957900841983161
0.1534569308613828,0.15943681126377474
0.23441531169376614,0.18597628047439052
0.2890342193156137,0.2624947501049979
0.3030339393212136,0.31517369652606947
0.9176816463670727,0.9544809103817924
0.9631007379852403,0.9682806343873123
0.21061578768424633,0.12665746685066298
0.9060618787624248,0.9051218975620487
0.3877522449551009,0.32975340493190136
0.013719725605487891,0.011179776404471911
0.7278054438911222,0.7066858662826744
0.9027019459610808,0.8172236555268895
0.6841463170736586,0.6001679966400673
0.48663026739465215,0.40575188496230075
0.9400211995760085,0.9651606967860643
0.17269654606907864,0.13989720205595887
0.2619547609047819,0.2966740665186696
0.11159776804463911,0.13375732485350295
0.25167496650067,0.1999960000799984
0.1355572888542229,0.19323613527729447
0.7629047419051619,0.7638847223055539
0.06923861522769545,0.16017679646407074
0.7846043079138417,0.7847043059138817
0.10701785964280715,0.11093778124437512
0.3912321753564929,0.501529969400612
0.4281314373712526,0.5934881302373953
0.7234055318893622,0.7800243995120097
0.39917201655966883,0.47435051298974024
0.9869002619947601,0.9861602767944642
0.7328453430931382,0.7562448751024979
0.7109257814843704,0.9076218475630488
0.7684646307073859,0.8439831203375933
0.009239815203695927,0.022859542809143818
0.617027659446811,0.6537269254614908
0.9228815423691527,0.8590028199436012
0.1131577368452631,0.09565808683826324
0.14051718965620688,0.14627707445851085
0.3142937141257175,0.22803543929121417
0.3852522949541009,0.3538729225415492
0.6813063738725226,0.6761664766704666
0.06403871922561549,0.05927881442371153
0.4153316933661327,0.19807603847923042
0.8671626567468651,0.9182216355672886
0.6011079778404432,0.3966720665586688
0.22293554128917423,0.3261334773304534
0.7368252634947301,0.8392032159356814
0.1006579868402632,0.19299614007719845
0.5496690066198676,0.5207295854082918
0.5203695926081479,0.4544109117817644
0.34679306413871724,0.23237535249295016
0.6187076258474831,0.6857462850742986
0.14201715965680686,0.21903561928761425
0.5126097478050439,0.6535469290614188
0.4697506049879003,0.6928461430771384
0.7941041179176417,0.9685006299874003
0.7154256914861703,0.6301273974520509
0.07803843923121538,0.08151836963260735
0.6473270534589308,0.6748265034699307
0.18969620607587848,0.1503969920601588
0.7937041259174816,0.8570628587428252
0.33529329413411735,0.4262714745705086
0.5897082058358833,0.6237275254494911
0.257114857702846,0.3017539649207016
0.20327593448131037,0.2266154676906462
0.9806803863922722,0.9567608647827044
0.46035079298414033,0.35891282174356515
0.39469210615787687,0.42237155256894865
0.5168896622067559,0.5717085658286835
0.012739745205095899,0.009639807203855924
0.34611307773844524,0.3931921361572769
0.27173456530869383,0.9714205715885683
0.2870542589148217,0.37331253374932505
0.7687846243075139,0.7431251374972501
0.8089238215235696,0.8253634927301454
0.8237635247295054,0.8203835923281535
0.9117417651646967,0.9159216815663687
0.7306053878922422,0.8006639867202656
0.4122917541649167,0.2769344613107738
0.8593028139437212,0.8587428251434972
0.3146137077258455,0.32305353892922145
0.2762944741105178,0.4266914661706766
0.7658846823063539,0.7723845523089539
0.1734965300693986,0.19063618727625448
0.29303413931721367,0.4512909741805164
0.02397952040959181,0.03259934801303974
0.03363932721345573,0.04465910681786364
0.04687906241875163,0.1129977400451991
0.7829843403131937,0.7800843983120338
0.8564828703425932,0.875022499550009
0.02911941761164777,0.08483830323393532
0.6816663666726666,0.4682106357872843
0.1367972640547189,0.15735685286294274
0.5807083858322833,0.6607467850642987
0.7385652286954261,0.7428851422971541
0.11121777564448711,0.2014159716805664
0.04223915521689566,0.5564288714225716
0.042979140417191655,0.04017919641607168
0.623467530649387,0.6901061978760425
0.4549509009819804,0.4045519089618208
0.28653426931461373,0.07119857602847943
0.09227815443691126,0.06957860842783145
0.5899882002359953,0.6666866662666747
0.2614747705045899,0.25037499250015
0.13569728605427891,0.11871762564748706
0.06837863242735145,0.10313793724125518
0.4641307173856523,0.5569488610227795
0.22367552648947023,0.1385172296554069
0.3345333093338133,0.30561388772224557
0.055898882022359556,0.022979540409191816
0.14435711285774286,0.10447791044179117
0.6913661726765465,0.3288734225315494
0.7149657006859863,0.754384912301754
0.6461870762584748,0.5941281174376513
0.3010139797204056,0.3385132297354053
0.43485130297394053,0.4022719545609088
0.09787804243915121,0.07723845523089538
0.23155536889262215,0.2904341913161737
0.7078058438831224,0.6861262774744505
0.8396832063358733,0.8250834983300335
0.25347493050139,0.4246915061698766
0.5586288274234515,0.4941101177976441
0.9841003179936402,0.9739805203895923
0.9272014559708807,0.8942621147577049
0.45971080578388435,0.7592448151036979
0.2750744985100298,0.27051458970820585
0.33753324933501333,0.3656526869462611
0.8588428231435371,0.8267834643307134
0.9356412871742565,0.9401011979760405
0.07471850562988741,0.08645827083458331
0.19645607087858244,0.1628167436651267
0.7613847723045539,0.8265234695306094
0.49619007619847605,0.4727705445891082
0.6995460090798185,0.6511869762604748
0.42209155816883664,0.2999940001199976
0.5198096038079238,0.7218455630887383
0.48317033659326813,0.4779904401911962
0.4369712605747885,0.49277014459710805
0.508969820603588,0.4827303453930922
0.5213095738085238,0.5319493610127798
0.5390492190156198,0.6000079998400032
0.04915901681966361,0.0375992480150397
0.15555688886222277,0.2004159916801664
0.052138957220855583,0.04783904321913562
0.7915041699166017,0.8574428511429771
0.2996540069198616,0.37389252214955704
0.6771864562708746,0.9041419171616568
0.9462610747785044,0.9658006839863204
0.7673446531069379,0.9173016539669206
0.17849643007139857,0.1764764704705906
0.375672486550269,0.4579708405831884
0.034619307613847725,0.04769904601907962
0.32007359852802947,0.4002319953600928
0.253814923701526,0.28025439491210175
0.6667866642667147,0.5671886562268755
0.3023539529209416,0.3414331713365733
0.4154316913661727,0.11613767724645507
0.3325333493330134,0.3557328853422932
0.14691706165876683,0.15809683806323874
0.8387232255354893,0.7967840643187136
0.07643847123057539,0.09293814123717525
0.5332493350132997,0.03447931041379172
0.30745385092298155,0.16207675846483072
0.6455270894582109,0.4130517389652207
0.40801183976320476,0.5936081278374433
0.7377252454950901,0.7085258294834104
0.5961880762384753,0.634727305453891
0.4178316433671327,0.34741305173896525
0.7270254594908102,0.5801083978320434
0.07779844403111938,0.04387912241755165
0.1516769664606708,0.2032559348813024
0.19601607967840645,0.19503609927801444
0.4369312613747725,0.24155516889662207
0.4117717645647087,0.5769684606307874
0.5153496930061399,0.5459690806183877
0.4496110077798444,0.4198916021679567
0.2965140697186056,0.4403111937761245
0.635187296254075,0.33291334173316534
0.503929921401572,0.5850882982340353
0.4540709185816284,0.4387912241755165
0.8211835763284735,0.7984440311193777
0.09771804563908722,0.08469830603387933
0.8670626587468251,0.8462030759384812
0.12055758884822304,0.3942721145577089
0.6245275094498111,0.6618267634647307
0.5391692166156677,0.4766704665906682
0.7102257954840904,0.7327053458930821
0.751244975100498,0.7203455930881383
0.5176296474070519,0.42197156056878865
0.6683266334673307,0.6643867122657547
0.7472250554988901,0.5691686166276675
0.6716065678686427,0.8402631947361053
0.6423471530569389,0.6238275234495311
0.2676346473070539,0.27235455290894184
0.4265714685706286,0.24045519089618209
0.17519649607007862,0.2779744405111898
0.9889802203955921,0.9778004439911202
0.08607827843443132,0.09151816963660728
0.9588608227835443,0.9577408451830963
0.5480690386192276,0.6906061878762425
0.15891682166356674,0.126817463650727
0.1767564648707026,0.2007359852802944
0.26205475890482194,0.3962720745585088
0.8012639747205056,0.7922441551168977
0.4165916681666367,0.19815603687926242
0.8531829363412732,0.8459030819383613
0.619547609047819,0.631067378652427
0.16473670526589468,0.14405711885762285
0.6746865062698746,0.6498870022599548
0.44651106977860444,0.6721265574688506
0.20181596368072638,0.2133557328853423
0.44703105937881243,0.5521489570208596
0.4651106977860443,0.39467210655786883
0.46973060538789224,0.4781904361912762
0.5685486290274194,0.49665006699866004
0.9000019999600009,0.8916221675566489
0.6856262874742506,0.7123657526849463
0.9519009619807605,0.9330413391732165
0.5950480990380193,0.48463030739385216
0.5147697046059079,0.9214215715685686
0.4400111997760045,0.43187136257274855
0.0739985200295994,0.7975040499190017
0.6016479670406593,0.6260074798504031
0.9515609687806245,0.9568008639827204
0.7876042479150417,0.760784784304314
0.8711625767484651,0.8458830823383533
0.10469790604187916,0.17987640247195058
0.17183656326873464,0.1358772824543509
0.35383292334153316,0.32341353172936543
0.8884622307553849,0.8560428791424172
0.500189996200076,0.5126897462050759
0.1754764904701906,0.19593608127837445
0.4550508989820204,0.3350332993340133
0.9291614167716646,0.9270214595708086
0.06785864282714346,0.06755864882702346
0.9109017819643608,0.8955220895582089
0.7745645087098258,0.8086638267234656
0.4438511229775405,0.1887962240755185
0.6858262834743305,0.7167856642867143
0.7679446411071779,0.7760844783104338
0.29283414331713364,0.24299514009719805
0.03607927841443171,0.054178916421671566
0.019159616807663846,0.01523969520609588
0.9356212875742486,0.9492610147797045
0.5523689526209477,0.5682486350272995
0.5591488170236596,0.376912461750765
0.34153316933661326,0.5433291334173317
0.5128097438051239,0.5724885502289955
0.11611767764644708,0.08659826803463931
0.3515529689406212,0.9557008859822804
0.9683006339873202,0.9725205495890082
0.6564468710625788,0.6478870422591548
0.3085138297234055,0.16815663686726265
0.5164096718065639,0.6231275374492511
0.9631807363852724,0.9480210395792085
0.07137857242855143,0.0628987420251595
0.5746085078298434,0.2966140677186456
0.8989620207595849,0.8973020539589208
0.5298894022119558,0.5562688746225075
0.8329033419331614,0.7944241115177697
0.8625227495450092,0.9315213695726086
0.7104857902841943,0.5700285994280114
0.12045759084818304,0.11729765404691907
0.02145957080858383,0.014359712805743885
0.7757044859102818,0.747465050698986
0.9340213195736086,0.9169816603667927
0.4747705045899082,0.6454470910581789
0.7800243995120097,0.8400431991360173
0.15673686526269476,0.127617447651047
0.3520729585408292,0.24649507009859803
0.8336033279334414,0.6501269974600509
0.6648667026659467,0.7221455570888583
0.2023759524809504,0.47153056938861226
0.20791584168316635,0.3625527489450211
0.7249655006899862,0.5929081418371632
0.00625987480250395,0.010619787604247916
0.5903081938361233,0.6336873262534749
0.9210215795684087,0.8566228675426492
0.6570468590628188,0.9194016119677607
0.8700425991480171,0.7253054938901222
0.7002259954800905,0.627407451850963
0.379572408551829,0.20421591568168637
0.40585188296234076,0.5466290674186517
0.19739605207895844,0.15449691006179878
0.6721265574688506,0.6417471650566989
0.03099938001239975,0.6014079718405632
0.4006119877602448,0.41093178136437275
0.6670266594668107,0.6933661326773465
0.46383072338553233,0.46869062618747626
0.9128817423651527,0.8698826023479531
0.2103157936841263,0.4021719565608688
0.9781404371912562,0.996680066398672
0.5574088518229635,0.6645267094658107
0.17797644047119057,0.19279614407711845
0.5354292914141717,0.5327493450130998
0.2630547389052219,0.17173656526869463
0.44553108937821245,0.43707125857482854
0.3890722185556289,0.2815343693126138
0.9218415631687367,0.9508409831803364
0.5753284934301314,0.5143297134057319
0.6743465130697386,0.502109957800844
0.8091638167236656,0.7795444091118178
0.7041859162816744,0.6781864362712746
0.36337273254534913,0.25707485850282996
0.7981440371192576,0.75452490950181
0.49219015619687606,0.5506889862202756
0.4446511069778605,0.5454890902181957
0.7013059738805224,0.6770664586708266
0.1652966940661187,0.20821583568328633
0.377712445751085,0.3617327653446931
0.12693746125077499,0.20269594608107838
0.31271374572508553,0.04925901481970361
0.7166056678866423,0.7588848223035539
0.04181916361672767,0.043599128017439655
0.5710885782284355,0.28463430731385375
0.5882882342353153,0.7376252474950501
0.6598668026639467,0.6897662046759065
0.4014119717605648,0.4895302093958121
0.3888122237555249,0.4017519649607008
0.08439831203375933,0.15221695566088678
0.8131037379252415,0.7656246875062499
0.05827883442331153,0.0625187496250075
0.4022119557608848,0.377192456150877
0.30487390252194957,0.26565468690626187
0.08111837763244735,0.2766944661106778
0.26891462170756586,0.32295354092918144
0.9292414151716966,0.9479010419791605
0.5840883182336354,0.12971740565188697
0.05985880282394352,0.07257854842903143
0.9209215815683687,0.9016419671606568
0.9835603287934241,0.9759604807903842
0.637487250254995,0.3509329813403732
0.3358932821343573,0.9707005859882802
0.7676246475070498,0.7078658426831463
0.5980080398392033,0.6112077758444832
0.8322033559328814,0.8682026359472811
0.9797604047919042,0.9563408731825364
0.04849903001939961,0.04865902681946361
0.033199336013279734,0.032799344013119736
0.17333653326933463,0.19245615087698248
0.884822303553929,0.8956220875582489
0.501229975400492,0.28379432411351774
0.05823883522329554,0.039239215215695684
0.3009139817203656,0.39495210095798083
0.377792444151117,0.39569208615827683
0.14805703885922283,0.2022559548809024
0.758484830303394,0.6591268174636508
0.7134457310853783,0.8424031519369612
0.3668326633467331,0.46681066378672426
0.2367352652946941,0.2842743145137097
0.4220115597688046,0.48283034339313213
0.09855802883942322,0.4922901541969161
0.5197896042079159,0.19645607087858244
0.7327053458930821,0.5689886202275954
0.7822043559128817,0.5314093718125638
0.5214895702085959,0.4385112297754045
0.48403031939361213,0.7591248175036499
0.99370012599748,0.9942001159976801
0.14641707165856682,0.2261554768904622
0.7284054318913622,0.7712445751084979
0.6035679286414272,0.5920081598368033
0.5479090418191637,0.44645107097858044
0.7871642567148658,0.7504249915001701
0.7588848223035539,0.7566048679026419
0.9886202275954481,0.9329413411731766
0.2019359612807744,0.2025159496810064
0.6981260374792504,0.6918461630767385
0.44729105417891646,0.3521129577408452
0.08321833563328734,0.15249695006099878
0.5767284654306915,0.502409951800964
0.44593108137837245,0.6032279354412912
0.41597168056638867,0.6816463670726586
0.4774904501909962,0.375912481750365
0.5164296714065719,0.3533529329413412
0.11557768844623108,0.45887082258354833
0.40751184976300475,0.4380712385752285
0.14229715405691887,0.23475530489390212
0.9937601247975041,0.9943601127977441
0.7773444531109378,0.7962640747185057
0.32077358452830945,0.6898462030759385
0.6933861322773545,0.6878262434751305
0.07971840563188737,0.10277794444111119
0.3387132257354853,0.31237375252494953
0.5506889862202756,0.5592688146237076
0.9656606867862643,0.9665006699866003
0.9350812983740325,0.9316213675726486
0.20347593048139037,0.18241635167296655
0.5915681686366273,0.3640727185456291
0.2109157816843663,0.2603747925041499
0.3378532429351413,0.3400331993360133
0.48249035019299613,0.4750104997900042
0.03203935921281575,0.2900941981160377
0.8658626827463451,0.7255454890902182
0.3259734805303894,0.248935021299574
0.02775944481110378,0.032099358012839745
0.04633907321853563,0.06385872282554349
0.6632467350652987,0.6722865542689146
0.007239855202895942,0.00509989800203996
0.9132817343653127,0.9136417271654568
0.9554808903821924,0.9473210535789285
0.14797704045919083,0.17387652246955063
0.36931261374772506,0.30719385612287753
0.5196696066078679,0.4752504949901002
0.48533029339413214,0.6435071298574029
0.7369452610947781,0.5504689906201876
0.0877182456350873,0.06881862362752746
0.6572668546629068,0.9703405931881363
0.7224855502889942,0.6889062218755625
0.17793644127117458,0.2119757604847903
0.0631187376252475,0.06127877442451151
0.41615167696646066,0.21645567088658227
0.7035259294814104,0.9072818543629128
0.0626187476250475,0.06449871002579949
0.4736905261894762,0.4020319593608128
0.9771204575908482,0.9605607887842244
0.2982140357192856,0.2920941581168377
0.46075078498430033,0.39877202455950883
0.8463830723385533,0.7018659626807464
0.8314633707325854,0.7859242815143698
0.7851642967140657,0.7612647747045059
0.628707425851483,0.42501149977000463
0.9151816963660727,0.9258214835703287
0.9546609067818644,0.9494610107797844
0.42205155896882063,0.3688926221475571
0.25279494410111797,0.20805583888322235
0.11881762364752706,0.13239735205295894
0.880942381152377,0.878222435551289
0.7780244395112098,0.7185856282874343
0.1015579688406232,0.05879882402351953
0.9063618727625448,0.8733425331493371
0.4725505489890202,0.48071038579228415
0.9218815623687526,0.9160416791664167
0.3622527549449011,0.3493530129397412
0.47413051738965223,0.6713065738685227
0.14621707565848682,0.4853502929941401
0.4645307093858123,0.2635547289054219
0.8034239315213696,0.6820263594728105
0.09053818923621527,0.18539629207415853
0.5718085638287235,0.8988420231595369
0.18125637487250257,0.25747485050298996
0.19493610127797445,0.508829823403532
0.5149097018059638,0.8346233075338494
0.754564908701826,0.7417451650966981
0.11837763244735106,0.12451750964980701
0.5160896782064359,0.639227215455691
0.8087638247235056,0.8342033159336814
0.8300033999320013,0.8501629967400652
0.21201575968480632,0.2651746965060699
0.9133817323653527,0.8621427571448571
0.6045079098418031,0.6468470630587388
0.13317733645327093,0.09121817563648728
0.06767864642707146,0.08479830403391933
0.21019579608407832,0.2127557448851023
0.6529669406611868,0.635887282254355
0.621247575048499,0.626767464650707
0.3170336593268135,0.5444291114177716
0.8214835703285934,0.8152036959260816
0.08287834243315134,0.23303533929321416
0.42101157976840464,0.43067138657226856
0.7444651106977861,0.8659026819463611
0.6043879122417551,0.506029879402412
0.20679586408271836,0.5259494810103799
0.46239075218495634,0.5625287494250115
0.8140637187256256,0.9113217735645287
0.2882542349153017,0.24867502649947001
0.18159636807263854,0.10681786364272715
0.9550608987820244,0.9776604467910642
0.24595508089838203,0.3366332673346533
0.32329353412931744,0.30795384092318157
0.5185496290074199,0.502489950200996
0.04627907441851163,0.034719305613887724
0.3825523489530209,0.48257034859302816
0.14157716845663088,0.14623707525849483
0.4120517589648207,0.3404331913361733
0.253354932901342,0.2289554208915822
0.886102277954441,0.9072018559628807
0.9069818603627928,0.878942421151577
0.5375292494150117,0.46543069138617227
0.22999540009199818,0.21995560088798224
0.7065458690826184,0.7716845663086739
0.8397432051358973,0.9134817303653927
0.1510369792604148,0.18289634207315855
0.880082398352033,0.7667846643067139
0.8863622727545449,0.8965020699586008
0.3016739665206696,0.18275634487310255
0.12619747605047898,0.1352172956540869
0.628887422251555,0.6707665846683066
0.7340453190936181,0.5447291054178917
0.6058878822423551,0.622087558248835
0.7877842443151137,0.7992040159196816
0.029099418011639767,0.02127957440851183
0.2029959400811984,0.16787664246715067
0.7647447051058979,0.5763884722305554
0.9527409451810964,0.9577008459830804
0.9184816303673927,0.8813423731525369
0.9761804763904722,0.9710805783884323
0.9177616447671046,0.8909621807563849
0.4250914981700366,0.5555488890222195
0.8051438971220576,0.7333653326933461
0.49995000099998,0.48531029379412416
0.13291734165316693,0.3631327373452531
0.10983780324393512,0.10283794324113518
0.5430691386172277,0.5706485870282595
0.29597408051838964,0.45393092138157237
0.2393952120957581,0.27183456330873385
0.22107557848843024,0.19655606887862243
0.5586488270234595,0.630287394252115
0.1617767644647107,0.24417511649767004
0.2032559348813024,0.6725465490690187
0.4254514909701806,0.43249135017299656
0.378112437751245,0.33359332813343734
0.8612627747445052,0.8376032479350414
0.49779004419911604,0.47675046499070023
0.5163496730065399,0.5967480650386993
0.9197416051678967,0.9302813943721125
0.009439811203775924,0.010419791604167917
0.11625767484650307,0.19501609967800645
0.1006979860402792,0.1138777224455511
0.7514449711005781,0.7752644947101058
0.35773284534309313,0.2894342113157737
0.2010559788804224,0.20195596088078238
0.9312213755724886,0.9281814363712726
0.1390572188556229,0.20699586008279836
0.29709405811883766,0.4909101817963641
0.5531689366212676,0.5130697386052279
0.1897562048759025,0.3053738925221496
0.8148637027259455,0.8586828263434731
0.2927941441171177,0.26073478530429395
0.6672666546669067,0.23449531009379812
0.8617827643447131,0.8426431471370572
0.4521309573808524,0.638987220255595
0.05855882882342353,0.6988660226795465
0.9442611147777045,0.9424611507769844
0.8199636007279855,0.7838843223135538
0.054978900421991564,0.06793864122717545
0.755184896302074,0.23817523649527012
0.8305833883322333,0.8119437611247775
0.38551228975420493,0.5528689426211476
0.6583068338633228,0.6914461710765785
0.08501829963400732,0.13549729005419892
0.16749665006699865,0.1630167396652067
0.3284534309313814,0.36931261374772506
0.8687226255474891,0.877982440351193
0.4659906801863963,0.4272714545709086
0.07059858802823944,0.07161856762864743
0.11215775684486311,0.09159816803663927
0.5544889102217956,0.631467370652587
0.5353692926141478,0.74692506149877
0.6788464230715386,0.6858262834743305
0.8306633867322654,0.7736045279094418
0.7295654086918262,0.7675646487070259
0.9072618547629048,0.9032419351612968
0.35319293614127717,0.4515309693806124
0.021839563208735827,0.03929921401571969
0.28011439771204577,0.32207355852882946
0.17927641447171058,0.07861842763144737
0.5789084218315634,0.7959440811183777
0.4702105957880843,0.3306933861322774
0.14283714325713487,0.10167796644067119
0.5498290034199316,0.6204275914481711
0.8865222695546089,0.8983620327593449
0.995060098798024,0.9924601507969841
0.6524869502609948,0.6434471310573788
0.8974620507589849,0.6417671646567069
0.0068198636027279455,0.2852942941141177
0.2724945501089978,0.26589468210635786
0.48157036859262814,0.4426511469770605
0.12425751484970302,0.14217715645687087
0.024739505209895804,0.025479490410191798
0.35719285614287716,0.49323013539729205
0.6743065138697226,0.7999040019199616
0.9660606787864243,0.6766064678706426
0.5920481590368193,0.5803683926321473
0.2641547169056619,0.25687486250274993
0.875902481950361,0.8962020759584809
0.0869782604347913,0.08517829643407132
0.0378792424151517,0.04275914481710366
0.9030819383612328,0.8918221635567289
0.6742865142697146,0.5898082038359233
0.4290914181716366,0.34517309653806927
0.6629267414651707,0.7080858382832343
0.7279654406911862,0.5991080178396432
0.9397212055758886,0.9180416391672167
0.03503929921401572,0.06605867882642347
0.5145897082058359,0.5256494870102598
0.9147817043659127,0.883102337953241
0.38363232735345293,0.7459650806983861
0.8301633967320654,0.8619627607447852
0.7604647907041859,0.7044459110817783
0.5913881722365553,0.620567588648227
0.9075018499630008,0.8985420291594168
0.3351532969340613,0.2679146417071659
0.6230275394492111,0.5947281054378912
0.09123817523649527,0.07775844483110338
0.28183436331273376,0.17157656846863065
0.9137617247655048,0.9274214515709686
0.3626527469450611,0.14177716445671087
0.5108497830043399,0.43383132337353253
0.4686106277874443,0.45715085698286034
0.5116297674046519,0.6123477530449392
0.4796304073918522,0.39859202815943684
0.7052658946821064,0.32861342773144536
0.11027779444411112,0.1001179976400472
0.40643187136257275,0.6250874982500351
0.5377692446151077,0.2762544749105018
0.616687666246675,0.6067278654426912
0.6788664226715466,0.6542269154616908
0.48681026379472414,0.5056098878022439
0.9847403051938961,0.9863002739945201
0.08923821523569529,0.07211855762884743
0.057218855622887546,0.05265894682106358
0.18481630367392654,0.17061658766824664
0.04909901801963961,0.056198876022479555
0.49927001459970805,0.4369112617747645
0.6807863842723145,0.6469870602587948
0.22759544809103818,0.21713565728685427
0.9553008939821204,0.9761404771904563
0.9955600887982241,0.995280094398112
0.617467650646987,0.7445851082978341
0.6672066558668827,0.6489270214595708
0.8221235575288495,0.8264834703305934
0.8187036259274815,0.7854442911141778
0.7353252934941301,0.7220255594888102
0.14371712565748684,0.7482250354992901
0.11779764404711907,0.16635667286654268
0.03659926801463971,0.03287934241315174
0.7352652946941062,0.6425271494570108
0.127217455650887,0.03479930401391972
0.999380012399752,0.9993600127997441
0.6740865182696346,0.6552268954620908
0.9317013659726806,0.9752404951900963
0.23419531609367814,0.1763164736705266
0.7387052258954822,0.7162456750864983
0.4658706825863483,0.376172476550469
0.629967400651987,0.5142697146057079
0.2751144977100458,0.10955780884382313
0.11095778084438311,0.14727705445891082
0.7660446791064179,0.7716045679086418
0.6663066738665226,0.6372472550548989
0.03019939601207976,0.028039439211215777
0.5625087498250035,0.5520289594208116
0.34555308893822123,0.4675106497870043
0.31483370332593347,0.3102737945241095
0.7872242555148897,0.8011639767204656
0.7684246315073698,0.750364992700146
0.7312253754924902,0.7109657806843863
0.2640347193056139,0.2782144357112858
0.9332013359732806,0.9405011899762005
0.46079078418431635,0.9338213235735285
0.28185436291274174,0.3127537449251015
0.8403631927361453,0.75242495150097
0.6350272994540109,0.8361032779344414
0.6953060938781225,0.6949261014779705
0.3920521589568209,0.28373432531349374
0.6655266894662107,0.6333273334533309
0.7626847463050739,0.6508469830603388
0.7852842943141137,0.6919261614767704
0.4144717105657887,0.3344133117337653
0.7686846263074739,0.7241455170896582
0.8334033319333614,0.8192036159276814
0.42003159936801265,0.2752744945101098
0.9161416771664567,0.8367632647347053
0.5419691606167877,0.7406251874962501
0.6739465210695786,0.6849463010739786
0.17639647207055859,0.07699846003079938
0.2381152376952461,0.20839583208335835
0.35821283574328516,0.22625547489050218
0.04495910081798364,0.0372992540149197
0.630647387052259,0.6191676166476671
0.5329693406131878,0.5599088018239635
0.06735865282694346,0.0504789904201916
0.0004799904001919962,0.00045999080018399634
0.8171636567268655,0.8451230975380493
0.8412031759364813,0.8226835463290735
0.08027839443211136,0.14029719405611887
0.5742685146297074,0.5209695806083878
0.3510929781404372,0.2785944281114378
0.6831263374732506,0.7160856782864343
0.9230815383692327,0.7293254134917302
0.4370312593748125,0.37245255094898105
0.36697266054678906,0.5738285234295314
0.5389692206155877,0.7145857082858343
0.7677446451070978,0.7073058538829223
0.9554608907821844,0.9378612427751445
0.07397852042959141,0.11711765764684706
0.20889582208355834,0.16035679286414273
0.6770664586708266,0.6634867302653947
0.37211255774884505,0.8515829683406332
0.8234635307293855,0.7462050758984821
0.021059578808423834,0.02857942841143177
0.36783264334713306,0.36021279574408516
0.3031539369212616,0.35399292014159717
0.6120677586448271,0.6037079258414831
0.6085478290434192,0.5017499650007
0.37635247295054103,0.8681626367472651
0.9120417591648168,0.9012419751604969
0.3456730865382692,0.4769304613907722
0.379352412951741,0.029639407211855765
0.15977680446391074,0.19065618687626248
0.8504829903401933,0.7291054178916422
0.2397952040959181,0.5222295554088918
0.5590488190236196,0.4354312913741725
0.04609907801843963,0.07289854202915942
0.9349613007739845,0.9435211295774085
0.4147517049659007,0.6159076818463631
0.8445431091378173,0.8471030579388412
0.3641327173456531,0.40861182776344473
0.4529309413811724,0.4048119037619248
0.6159276814463711,0.6576268474630508
0.3879722405551889,0.377912441751165
0.628427431451371,0.5629087418251635
0.2014359712805744,0.22037559248815025
0.5321693566128678,0.4001719965600688
0.12717745645087097,0.13085738285234297
0.8615227695446092,0.7195256094878103
0.2887142257154857,0.4557308853822924
0.036739265214695706,0.037339253214935704
0.3670526589468211,0.27361452770944583
0.2251754964900702,0.48459030819383614
0.251034979300414,0.24295514089718206
0.4287914241715166,0.3891122177556449
0.15135697286054278,0.1370172596548069
0.24719505609887804,0.32901341973160536
0.4040119197616048,0.500869982600348
0.08075838483230335,0.09811803763924722
0.1377972440551189,0.1614367712645747
0.39269214615707687,0.09141817163656728
0.5371292574148517,0.4587708245835083
0.9284014319713606,0.9130817383652328
0.9602207955840883,0.9576008479830403
0.9885202295954081,0.9830203395932082
0.04947901041979161,0.0768584628307434
0.9938801223975521,0.9921401571968561
0.6546069078618428,0.8271634567308654
0.5951080978380433,0.7674646507069859
0.29595408091838166,0.29437411251774964
0.380732385352293,0.42053158936821267
0.39507209855802883,0.4544309113817724
0.16757664846703066,0.3055338893222136
0.8606227875442491,0.9057218855622888
0.8110237795244095,0.8379832403351933
0.0753384932301354,0.35521289574208514
0.46635067298654026,0.379112417751645
0.6729265414691706,0.6440271194576108
0.4273914521709566,0.42335153296934064
0.18211635767284656,0.13513729725405493
0.752964940701186,0.7618647627047459
0.07267854642907143,0.06151876962460751
0.9069618607627847,0.9481810363792724
0.5398692026159477,0.4964500709985801
0.05147897042059159,0.07271854562908742
0.13545729085418293,0.4890102197956041
0.873382532349353,0.9094018119637608
0.125637487250255,0.14543709125817483
0.039059218815623686,0.029459410811783767
0.017979640407191858,0.004619907601847963
0.7043059138817224,0.6863262734745306
0.8089838203235935,0.8598628027439451
0.754544909101818,0.75112497750045
0.5670486590268194,0.8940021199576009
0.20287594248115037,0.2152356952860943
0.10727785444291114,0.15605687886242275
0.7165456690866183,0.6427071458570829
0.40655186896262074,0.48331033379332416
0.8401231975360494,0.9329213415731685
0.08193836123277534,0.09069818603627927
0.6789064218715626,0.8718625627487451
0.09769804603907922,0.1625767484650307
0.6528869422611548,0.5590888182236355
0.8124237515249695,0.8078038439231215
0.5534289314213716,0.48171036579268417
0.49225015499690006,0.5417891642167156
0.1124577508449831,0.13837723245535088
0.4897302053958921,0.376832463350733
0.34885302293954124,0.37031259374812503
0.6987660246795064,0.7884042319153617
0.5992080158396832,0.5931481370372593
0.4708305833883322,0.45941081178376436
0.634647307053859,0.6303473930521389
0.3697526049479011,0.4184516309673807
0.07869842603147938,0.07097858042839143
0.8548829023419532,0.8937821243575129
0.23429531409371812,0.39819203615927684
0.16849663006739865,0.07951840963180737
0.2981140377192456,0.873362532749345
0.2586548269034619,0.23731525369492612
0.9022219555608888,0.9327213455730886
0.4253314933701326,0.45749085018299634
0.42409151816963664,0.6112277754444911
0.7403651926961461,0.7341253174936502
0.8946621067578648,0.9269014619707606
0.9045819083618328,0.8877822443551129
0.1525169496610068,0.16095678086438273
0.619887602247955,0.6102677946441072
0.7453650926981461,0.6847063058738826
0.4037119257614848,0.620347593048139
0.5958280834383313,0.7021859562808744
0.1390972180556389,0.19389612207755846
0.9535609287814244,0.9546809063818724
0.7728445431091379,0.9288214235715286
0.5222295554088918,0.8233235335293294
0.4927301453970921,0.5294294114117718
0.5835683286334273,0.5172496550068999
0.8106237875242496,0.7734045319093619
0.7261054778904422,0.747985040299194
0.5339893202135958,0.5294894102117957
0.19737605247895043,0.17003659926801465
0.035919281614367714,0.08501829963400732
0.2678746425071499,0.4520709585808284
0.5455290894182117,0.5794284114317714
0.09829803403931922,0.15359692806143876
0.9852602947941042,0.9856002879942402
0.23515529689406212,0.1989960200795984
0.6236075278494431,0.5508689826203476
0.2994940101197976,0.10989780204395913
0.15461690766184677,0.2115957680846383
0.6828663426731466,0.501169976600468
0.04739905201895962,0.06675866482670346
0.5656686866262675,0.505069898602028
0.20745585088298235,0.4773704525909482
0.010879782404351914,0.010639787204255916
0.003959920801583968,0.18375632487350255
0.14279714405711885,0.2803943921121578
0.20313593728125437,0.2620347593048139
0.5127897442051159,0.5985880282394352
0.41677166456670867,0.3625927481450371
0.2608747825043499,0.18181636367272655
0.9606207875842484,0.3514129717405652
0.2703145937081258,0.4118317633647327
0.20267594648107037,0.23417531649367013
0.8110637787244256,0.6989460210795785
0.09361812763744726,0.12491750164996701
0.6717665646687067,0.6168676626467471
0.9749205015899682,0.9725405491890162
0.4311513769724606,0.3502329953400932
0.26681466370672585,0.4366912661746765
0.016639667206655866,0.014299714005719886
0.4802703945921082,0.3701525969480611
0.17699646007079858,0.4113117737645247
0.889982200355993,0.880582388352233
0.9125817483650327,0.9277014459710806
0.9960200795984081,0.9952000959980801
0.6497070058598828,0.7491650166996661
0.11571768564628708,0.2243755124897502
0.5860882782344353,0.6375872482550349
0.8394032119357613,0.7731445371092578
0.5920681586368273,0.49905001899962004
0.5744485110297795,0.3134937301253975
0.8193036139277214,0.8221035579288415
0.9089218215635687,0.8370032599348013
0.19283614327713447,0.21083578328433433
0.5983280334393313,0.3415731685366293
0.2886342273154537,0.2012559748805024
0.6881262374752505,0.5872682546349073
0.5980480390392192,0.6036079278414432
0.2756744865102698,0.25913481730365395
0.15969680606387873,0.1519769604607908
0.8108437831243376,0.7987040259194816
0.1521169576608468,0.10223795524089518
0.6487070258594828,0.7340453190936181
0.7398252034959301,0.4805503889922202
0.9199616007679847,0.9181816363672727
0.9385612287754245,0.758684826303474
0.013219735605287894,0.027359452810943784
0.9391212175756485,0.9200015999680007
0.11983760324793505,0.12817743645127097
0.18007639847203055,0.4753704925901482
0.23473530529389414,0.1620567588648227
0.7159256814863703,0.6677666446671067
0.876162476750465,0.8135237295254095
0.7641647167056659,0.753244935101298
0.5674886502269955,0.5581488370232596
0.07769844603107938,0.1130177396452071
0.8022839543209136,0.8373232535349293
0.4804903901921962,0.45833083338333236
0.9666206675866483,0.9654206915861683
0.11851762964740706,0.09371812563748726
0.5188896222075559,0.6649267014659707
0.5174496510069799,0.4571708565828684
0.5700085998280034,0.5345093098138037
0.6482070358592829,0.6204075918481631
0.42125157496850063,0.4656106877862443
0.01395972080558389,0.014659706805863884
0.35559288814223716,0.3689526209475811
0.14193716125677486,0.09341813163736726
0.8533229335413292,0.8486630267394653
0.6844263114737705,0.7386052278954421
0.4354512909741805,0.21069578608427833
0.9394812103757925,0.9438411231775364
0.19989600207995842,0.14333713325733485
0.08611827763444731,0.0379592408151837
0.759944801103978,0.6836063278734426
0.029139417211655767,0.02139957200855983
0.7824243515129697,0.8136837263254735
0.9777204455910882,0.9834003319933602
0.6489070218595628,0.6415071698566029
0.7713045739085218,0.763504729905402
0.4269114617707646,0.381752364952701
0.6994260114797705,0.7263254734905302
0.7826843463130738,0.757804843903122
0.6438671226575469,0.623407531849363
0.5937681246375073,0.5726285474290514
0.7950840983180336,0.8066638667226655
0.9033419331613368,0.8964620707585849
0.15811683766324675,0.14263714725705487
0.9792404151916962,0.9760004799904002
0.5805483890322194,0.29105417891642166
0.7884842303153937,0.7058258834823303
0.7266454670906582,0.7809043819123618
0.19299614007719845,0.1605767884642307
0.375512489750205,0.4951900961980761
0.8053038939221215,0.8750624987500251
0.3443131137377253,0.35901281974360516
0.26669466610667786,0.15467690646187077
0.03487930241395172,0.024659506809863802
0.09229815403691927,0.25733485330293393
0.05765884682306354,0.048219035619287615
0.4494510109797804,0.17639647207055859
0.050958980820383595,0.05807883842323154
0.4001719965600688,0.39629207415851686
0.8618027639447211,0.8445231095378093
0.004479910401791964,0.004119917601647967
0.9561208775824483,0.9479810403791924
0.9819403611927762,0.9804803903921921
0.34535309293814126,0.4674506509869803
0.35697286054278915,0.34399312013759725
0.249735005299894,0.3033539329213416
0.4883502329953401,0.5154296914061719
0.3865122697546049,0.20473590528189436
0.5957280854382913,0.6553268934621308
0.08039839203215936,0.08087838243235136
0.5974480510389792,0.5977280454390912
0.15263694726105478,0.3115937681246375
0.2759744805103898,0.8306833863322733
0.4656906861862763,0.48795024099518014
0.24941501169976601,0.2376952460950781
0.44799104017919644,0.3990320193596128
0.6622667546649067,0.6473270534589308
0.9242815143697126,0.9284614307713847
0.9842403151936961,0.9405211895762086
0.2608147837043259,0.28293434131317374
0.028319433611327775,0.01753964920701586
0.22725545489090218,0.27297454050918984
0.9009819803603928,0.9231015379692407
0.053138937221255574,0.04315913681726365
0.3496930061398772,0.31357372852542953
0.5694686106277874,0.5592488150236995
0.48285034299314017,0.5114497710045799
0.7834843303133937,0.7888042239155217
0.2363552728945421,0.624367512649747
0.16687666246675067,0.19037619247615048
0.9875202495950082,0.9903201935961281
0.41971160576788463,0.44227115457690847
0.9356812863742725,0.9407011859762805
0.6676866462670746,0.6293274134517309
0.08343833123337534,0.06053878922421552
0.14125717485650288,0.21561568768624628
0.8932021359572809,0.8974420511589769
0.008259834803303934,0.035719285614287714
0.36641267174656506,0.28659426811463773
0.7107857842843144,0.7152856942861143
0.9176616467670647,0.5491090178196436
0.2665946681066379,0.40721185576288477
0.6711265774684506,0.6321673566528669
0.16047679046419072,0.14457710845783084
0.1644567108657827,0.18323633527329455
0.8630627387452251,0.8520829583408333
0.4403111937761245,0.7040859182816344
0.9388412231755365,0.9417811643767126
0.9082418351632968,0.885202295954081
0.21407571848563028,0.24213515729685406
0.29951400971980563,0.6409471810563789
0.5182696346073079,0.48217035659286817
0.1496770064598708,0.10485790284194317
0.03883922321553569,0.014519709605807885
0.6224675506489871,0.6051878962420751
0.43089138217235656,0.5293694126117477
0.506189876202476,0.7232855342893142
0.09415811683766324,0.07427851442971141
0.7478050438991221,0.7811243775124498
0.8388032239355213,0.8596828063438732
0.24399512009759805,0.2986940261194776
0.9881802363952721,0.9886402271954561
0.44365112697746045,0.39533209335813285
0.6504069918601628,0.7129457410851783
0.6620667586648267,0.6960260794784104
0.5108697826043479,0.5253294934101318
0.49435011299774007,0.5747085058298834
0.8918021639567209,0.6752864942701147
0.8003839923201537,0.7894042119157617
0.5077898442031159,0.4642707145857083
0.054478910421791565,0.06079878402431951
0.7197656046879063,0.6364272714545709
0.35125297494050123,0.2789544209115818
0.5739685206295875,0.5327093458130837
0.996540069198616,0.9931601367972641
0.21575568488630228,0.19295614087718246
0.3280734385312294,0.2714545709085818
0.7878442431151377,0.7158856822863543
0.5833483330333393,0.380952380952381
0.42267154656906863,0.3915721685566289
0.6637867242655147,0.7801643967120658
0.6365072698546029,0.754344913101738
0.3233935321293574,0.253634927301454
0.7955240895182096,0.9543409131817364
0.9228415431691367,0.9265014699706006
0.2010959780804384,0.34435311293774123
0.8917221655566889,0.8609227815443692
0.1370972580548389,0.13147737045259095
0.6912061758764825,0.6515269694606108
0.3614727705445891,0.3343533129337413
0.9828003439931202,0.9763004739905202
0.7145457090858183,0.7092458150836983
0.06473870522589549,0.0498190036199276
0.631007379852403,0.5767084658306834
0.3361132777344453,0.35707285854282916
0.22033559328813423,0.21823563528729426
0.4648507029859403,0.5659086818263634
0.11349773004539909,0.4616107677846443
0.9641407171856563,0.9735205295894083
0.8255434891302175,0.7878842423151537
0.3639927201455971,0.32775344493110137
0.03651926961460771,0.01749965000699986
0.4385312293754125,0.35857282854342915
0.2628747425051499,0.4005519889602208
0.23045539089218217,0.22823543529129417
0.39789204215915686,0.616227675446491
0.0757584848303034,0.1136777264454711
0.5416291674166517,0.499690006199876
0.8136837263254735,0.6782264354712906
0.5295894082118358,0.47521049579008423
0.002879942401151977,0.0014799704005919881
0.3161936761264775,0.13213735725285494
0.6157876842463151,0.7105857882842344
0.38407231855362894,0.3889722205555889
0.35663286734265315,0.38081238375232496
0.7132857342853143,0.7726645467090658
0.5194696106077878,0.5922681546369073
0.29517409651806964,0.18731625367492652
0.2781144377112458,0.5381292374152518
0.2101157976840463,0.19643607127857443
0.04533909321813564,0.03717925641487171
0.7197856042879143,0.6716865662686746
0.33593328133437333,0.5249495010099798
0.0035999280014399715,0.004079918401631967
0.23323533529329415,0.1491370172596548
0.1506569868602628,0.15473690526189476
0.01597968040639187,0.012659746805063899
0.374952500949981,0.6344873102537949
0.04249915001699966,0.08557828843423132
0.3519929601407972,0.3616127677446451
0.20837583248335034,0.20919581608367832
0.10573788524229516,0.50394992100158
0.8136637267254655,0.8244835103297934
0.7731045379092418,0.8057638847223055
0.14251714965700688,0.06487870242595148
0.4409911801763965,0.5337693246135078
0.9470210595788084,0.9389412211755765
0.3996520069598608,0.5143097138057239
0.8200235995280095,0.8168236635267295
0.34735305293894125,0.43455130897382055
0.42271154576908465,0.4483510329793404
0.019559608807823845,0.124737505249895
0.8068638627227456,0.7908041839163217
0.0873582528349433,0.055898882022359556
0.5997080058398833,0.8117837643247136
0.4150516989660207,0.2650546989060219
0.2652946941061179,0.28469430611387775
0.1007379852402952,0.08043839123217536
0.16089678206435873,0.046719065618687626
0.8979020419591609,0.8916621667566649
0.030899382012359755,0.036739265214695706
0.7760844783104338,0.08285834283314333
0.3069138617227656,0.30425391492170156
0.5801483970320593,0.48231035379292414
0.20771584568308635,0.07031859362812744
0.6929061418771625,0.6847863042739145
0.44937101257974843,0.39723205535889283
0.6004879902401952,0.374392512149757
0.006079878402431952,0.00627987440251195
0.004179916401671967,0.005759884802303954
0.9167816643667127,0.8937621247575048
0.21737565248695026,0.1732365352692946
0.27989440211195776,0.29505409891802165
0.5682486350272995,0.3145337093258135
0.5253494930101398,0.5094898102037959
0.31529369412611746,0.33563328733425335
0.3904521909561809,0.3583128337433251
0.8467830643387133,0.8423631527369453
0.7215255694886102,0.26605467890642187
0.28007439851202975,0.746805063898722
0.75222495550089,0.6121877562448751
0.12435751284974302,0.22493550128997422
0.8313633727325453,0.8294434111317774
0.12763744725105497,0.14239715205695885
0.872802543949121,0.8604227915441691
0.5191696166076679,0.10279794404111918
0.4021719565608688,0.39699206015879684
0.9457410851782965,0.9449211015779685
0.3161136777264455,0.3009539809203816
0.10229795404091918,0.08037839243215136
0.8879022419551609,0.870182596348073
0.3361332773344533,0.2852542949141017
0.1636167276654467,0.12219755604887902
0.9653806923861523,0.9744205115897683
0.23073538529229415,0.31971360572788543
0.23131537369252617,0.124997500049999
0.4777504449911002,0.44251114977700445
0.8309433811323774,0.5953080938381232
0.13243735125297496,0.08325833483330333
0.5535289294214116,0.756644867102658
0.04003919921601568,0.047119057618847625
0.5444891102177957,0.1763564728705426
0.1372172556548869,0.09397812043759125
0.40711185776284475,0.32005359892802143
0.7901241975160497,0.8092038159236815
0.6501069978600428,0.75262494750105
0.4005119897602048,0.5243895122097558
0.9271014579708406,0.6720865582688347
0.7777644447111058,0.6861862762744745
0.3315533689326214,0.30917381652366954
0.39151216975660486,0.20981580368392633
0.8936221275574489,0.9092018159636808
0.09571808563828724,0.10901781964360713
0.374392512149757,0.34561308773824523
0.15995680086398273,0.124437511249775
0.17305653886922262,0.19469610607787846
0.49697006059878807,0.6090878182436351
0.01875962480750385,0.020439591208175838
0.06109877802443951,0.05743885122297554
0.510209795804084,0.44885102297954044
0.5752484950300994,0.4756504869902602
0.5369892602147958,0.2754544909101818
0.508069838603228,0.48097038059238817
0.5973880522389552,0.626067478650427
0.40695186096278074,0.4704905901881963
0.870782584348313,0.878482430351393
0.9257414851702966,0.9203615927681447
0.5251294974100518,0.5581888362232755
0.8685626287474251,0.8594628107437852
0.7977640447191057,0.752044959100818
0.876682466350673,0.8113437731245375
0.8264034719305614,0.8667826643467131
0.08141837163256735,0.043279134417311654
0.14883702325953482,0.3257934841303174
0.74842503149937,0.7108657826843463
0.4039319213615728,0.760764784704306
0.44931101377972443,0.5771684566308674
0.6019479610407792,0.6059878802423951
0.6753464930701386,0.4895702085958281
0.26651466970660587,0.2887942241155177
0.9923801523969521,0.9916201675966481
0.5414891702165957,0.2967940641187176
0.4282914341713166,0.3640527189456211
0.021579568408631827,0.01777964440711186
0.35635287294254114,0.3636327273454531
0.6119677606447871,0.45205095898082037
0.07637847243055139,0.09207815843683127
0.7812643747125058,0.753484930301394
0.9692806143877123,0.9726805463890722
0.21673566528669427,0.1381572368552629
0.8267434651306974,0.8613627727445451
0.41975160496790065,0.2662746745065099
0.3609527809443811,0.42221155576888464
0.9658006839863204,0.9783604327913442
0.16645667086658267,0.19909601807963842
0.3922121557568849,0.25571488570228595
0.5853882922341553,0.5287894242115158
0.8321633567328653,0.8253434931301374
0.4518309633807324,0.3650526989460211
0.8485030299394012,0.5639287214255715
0.8253034939301215,0.891582168356633
0.10849783004339913,0.49973000539989204
0.4644507109857803,0.4547709045819084
0.9688006239875203,0.9510409791804164
0.7976040479190416,0.7969040619187616
0.6826463470730586,0.7402451950960981
0.625047499050019,0.6798064038719226
0.18013639727205458,0.18507629847403054
0.2916941661166777,0.19539609207815845
0.5472690546189076,0.628187436251275
0.4504909901801964,0.3660126797464051
0.5652286954260914,0.616907661846763
0.02275954480910382,0.007859842803143937
0.37153256934861306,0.4265914681706366
0.11505769884602308,0.036019279614407713
0.4016519669606608,0.4099918001639967
0.40821183576328474,0.3679726405471891
0.7633047339053219,0.8960220795584088
0.9671406571868563,0.9638807223855523
0.6869062618747626,0.6365472690546189
0.3038339233215336,0.33405331893362133
0.4756304873902522,0.29893402131957364
0.6509269814603709,0.6718265634687306
0.19503609927801444,0.2126357472850543
0.7873042539149218,0.748185036299274
0.010859782804343913,0.011159776804463912
0.8037039259214815,0.74792504149917
0.750604987900242,0.5842283154336914
0.5575288494230115,0.6986260274794505
0.06401871962560748,0.005259894802103958
0.3866122677546449,0.34623307533849323
0.379912401751965,0.3678126437471251
0.9715805683886323,0.9838803223935522
0.6103677926441471,0.6416671666566669
0.8997020059598808,0.9087418251634968
0.8428631427371452,0.9346013079738406
0.2697546049079019,0.33501329973400534
0.9831203375932481,0.9660406791864163
0.4545909081818364,0.5606887862242755
0.6751264974700506,0.6603867922641548
0.8492430151396972,0.8489430211395772
0.4011719765604688,0.31975360492790145
0.5561288774224515,0.3003139937201256
0.4145917081658367,0.35725285494290115
0.9236615267694647,0.9422411551768965
0.5228695426091479,0.5180296394072119
0.26697466050678986,0.3270734585308294
0.38485230295394096,0.4127917441651167
0.889762204755905,0.8383432331353373
0.9784604307913842,0.9018819623607528
0.07123857522849543,0.06765864682706346
0.9346613067738646,0.9200415991680166
0.381292374152517,0.36377272454550913
0.8111637767244655,0.7027059458810824
0.43373132537349257,0.6564668706625868
0.27241455170896584,0.4115517689646207
0.1994760104797904,0.24383512329753407
0.9832803343933122,0.9856602867942641
0.6518669626607468,0.7467650646987061
0.9766804663906722,0.9681006379872403
0.20811583768324635,0.20775584488310234
0.48343033139337216,0.5238095238095238
0.30453390932181357,0.3847923041539169
0.8741425171496571,0.8700425991480171
0.749585008299834,0.7123857522849544
0.7649447011059779,0.7263854722905542
0.7957240855182897,0.9466410671786565
0.5595288094238116,0.5229095418091638
0.11553768924621508,0.1857562848743025
0.11423771524569509,0.08331833363332733
0.24387512249755006,0.23439531209375813
0.3140537189256215,0.7638247235055299
0.40699186016279676,0.4854702905941881
0.32335353292934144,0.3399732005359893
0.42889142217155657,0.5995880082398353
0.3473330533389332,0.24861502769944602
0.09557808843823123,0.051958960820783585
0.8677026459470811,0.8842023159536809
0.2889542209155817,0.20751584968300635
0.9965800683986321,0.9974200515989681
0.0642787144257115,0.061438771224575514
0.41557168856622867,0.5410691786164277
0.6691666166676666,0.5980680386392272
0.3241135177296454,0.04357912841743165
0.009039819203615927,0.007739845203095938
0.879582408351833,0.8560228795424092
0.28279434411311777,0.12011759764804704
0.2985540289194216,0.3402931941361173
0.11993760124797505,0.21939561208775826
0.5709085818283635,0.4649307013859723
0.22327553448931023,0.14711705765884683
0.2914741705165897,0.2597348053038939
0.4283114337713246,0.2137957240855183
0.06603867922641547,0.0635787284254315
0.4931301373972521,0.6086078278434431
0.8271834563308734,0.7314253714925701
0.3495130097398052,0.4215515689686206
0.11023779524409512,0.16747665046699067
0.8019439611207776,0.9012819743605128
0.28361432771344575,0.18161636767264655
0.3887122257554849,0.4562508749825004
0.9855802883942322,0.9877202455950881
0.4910901781964361,0.622987540249195
0.2679746405071899,0.3166936661266775
0.6134077318453631,0.6838663226735465
0.35891282174356515,0.45699086018279633
0.885302293954121,0.8307833843323134
